#     D        Lambda1     Mbol = -6.5
    0.0568     85.1842
    0.0569     84.9167
    0.0570     84.6493
    0.0571     84.3819
    0.0572     84.1144
    0.0573     83.8470
    0.0574     83.5795
    0.0575     83.3121
    0.0576     83.0447
    0.0577     82.7772
    0.0578     82.5098
    0.0579     82.2423
    0.0580     81.9749
    0.0581     81.7074
    0.0582     81.4400
    0.0583     81.1726
    0.0584     80.9051
    0.0585     80.6377
    0.0586     80.3702
    0.0587     80.1028
    0.0588     79.8353
    0.0589     79.5679
    0.0590     79.3005
    0.0591     79.0330
    0.0592     78.7656
    0.0593     78.4981
    0.0594     78.2307
    0.0595     77.9633
    0.0596     77.6958
    0.0597     77.4284
    0.0598     77.1609
    0.0599     76.8935
    0.0600     76.6260
    0.0601     76.3586
    0.0602     76.0912
    0.0603     75.8237
    0.0604     75.5563
    0.0605     75.2888
    0.0606     75.0214
    0.0607     74.7540
    0.0608     74.4865
    0.0609     74.2191
    0.0610     73.9516
    0.0611     73.6842
    0.0612     73.4167
    0.0613     73.1493
    0.0614     72.8819
    0.0615     72.6144
    0.0616     72.3470
    0.0617     72.0795
    0.0618     71.8121
    0.0619     71.5447
    0.0620     71.2772
    0.0621     71.0098
    0.0622     70.7423
    0.0623     70.4749
    0.0624     70.2074
    0.0625     69.9400
    0.0626     69.6726
    0.0627     69.4051
    0.0628     69.1377
    0.0629     68.8702
    0.0631     68.6073
    0.0632     68.4998
    0.0633     68.3923
    0.0634     68.2849
    0.0635     68.1774
    0.0636     68.0699
    0.0637     67.9624
    0.0638     67.8550
    0.0639     67.7475
    0.0640     67.6400
    0.0642     67.4647
    0.0643     67.3770
    0.0644     67.2894
    0.0645     67.2017
    0.0646     67.1141
    0.0647     67.0264
    0.0648     66.9388
    0.0649     66.8511
    0.0650     66.7635
    0.0651     66.6758
    0.0652     66.5881
    0.0653     66.5005
    0.0654     66.4128
    0.0655     66.3252
    0.0656     66.2375
    0.0656     65.6960
    0.0656     64.8424
    0.0657     64.6169
    0.0658     64.3914
    0.0659     64.1659
    0.0660     63.9404
    0.0661     62.4704
    0.0662     62.3423
    0.0663     62.2143
    0.0664     62.0863
    0.0665     61.9582
    0.0666     61.8302
    0.0667     61.7021
    0.0668     61.5741
    0.0669     61.4461
    0.0670     61.3180
    0.0671     61.1900
    0.0673     60.9315
    0.0674     60.8023
    0.0675     60.6730
    0.0676     60.5438
    0.0677     60.4145
    0.0678     60.2853
    0.0679     60.1560
    0.0680     60.0268
    0.0681     59.8975
    0.0683     59.6878
    0.0684     59.5933
    0.0685     59.4989
    0.0686     59.4044
    0.0687     59.3100
    0.0688     59.2156
    0.0689     59.1211
    0.0690     59.0267
    0.0691     58.9322
    0.0692     58.8378
    0.0693     58.7433
    0.0694     58.6489
    0.0695     58.5544
    0.0696     58.4600
    0.0697     58.3656
    0.0699     57.9935
    0.0700     57.7465
    0.0701     57.4994
    0.0702     57.2524
    0.0704     56.9021
    0.0705     56.7859
    0.0706     56.6696
    0.0707     56.5534
    0.0708     56.4371
    0.0709     56.3209
    0.0710     56.2046
    0.0711     56.0884
    0.0712     55.9721
    0.0713     55.8559
    0.0714     55.7396
    0.0715     55.6234
    0.0716     55.5071
    0.0717     55.3909
    0.0718     55.2746
    0.0720     55.1067
    0.0721     55.0492
    0.0722     54.9916
    0.0723     54.9341
    0.0724     54.8766
    0.0725     54.8190
    0.0726     54.7615
    0.0727     54.7040
    0.0728     54.6464
    0.0729     54.5889
    0.0730     54.5314
    0.0731     54.4738
    0.0732     54.4163
    0.0733     54.3588
    0.0734     54.3012
    0.0735     54.2437
    0.0736     54.1862
    0.0737     54.1286
    0.0738     54.0711
    0.0739     54.0136
    0.0740     53.9560
    0.0742     53.8221
    0.0743     53.7488
    0.0744     53.6755
    0.0745     53.6023
    0.0746     53.5290
    0.0747     53.4557
    0.0748     53.3824
    0.0749     53.3092
    0.0750     53.2359
    0.0751     53.1626
    0.0752     53.0894
    0.0753     53.0161
    0.0754     52.9428
    0.0755     52.8695
    0.0756     52.7963
    0.0757     52.7230
    0.0758     52.6497
    0.0759     52.5765
    0.0760     52.5032
    0.0761     52.4299
    0.0762     52.3566
    0.0764     52.1570
    0.0765     52.0483
    0.0766     51.9396
    0.0767     51.8309
    0.0768     51.7222
    0.0769     51.6135
    0.0770     51.5048
    0.0771     51.3961
    0.0772     51.2874
    0.0773     51.1787
    0.0774     51.0700
    0.0775     50.9613
    0.0776     50.8526
    0.0777     50.7439
    0.0778     50.6352
    0.0780     50.4685
    0.0781     50.3961
    0.0782     50.3236
    0.0783     50.2511
    0.0784     50.1786
    0.0785     50.1061
    0.0786     50.0337
    0.0787     49.9612
    0.0788     49.8887
    0.0789     49.8162
    0.0790     49.7438
    0.0791     49.6713
    0.0792     49.5988
    0.0793     49.5263
    0.0794     49.4539
    0.0795     49.3814
    0.0796     49.3089
    0.0797     49.2364
    0.0798     49.1639
    0.0799     49.0915
    0.0800     49.0190
    0.0802     48.8433
    0.0803     48.7517
    0.0804     48.6600
    0.0805     48.5683
    0.0806     48.4767
    0.0807     48.3850
    0.0808     48.2933
    0.0809     48.2017
    0.0810     48.1100
    0.0811     48.0183
    0.0813     47.8918
    0.0814     47.8317
    0.0815     47.7717
    0.0816     47.7116
    0.0817     47.6515
    0.0818     47.5914
    0.0819     47.5313
    0.0820     47.4712
    0.0821     47.4111
    0.0822     47.3510
    0.0823     47.2909
    0.0824     47.2308
    0.0825     47.1707
    0.0826     47.1106
    0.0827     47.0506
    0.0828     46.9905
    0.0829     46.9304
    0.0830     46.8703
    0.0831     46.8102
    0.0832     46.7501
    0.0833     46.6900
    0.0835     46.5219
    0.0836     46.4379
    0.0837     46.3538
    0.0838     46.2698
    0.0839     46.1857
    0.0840     46.1017
    0.0841     46.0176
    0.0842     45.9336
    0.0843     45.8495
    0.0844     45.7655
    0.0845     45.6814
    0.0846     45.5974
    0.0847     45.5133
    0.0848     45.4293
    0.0849     45.3452
    0.0851     45.1915
    0.0852     45.1159
    0.0853     45.0404
    0.0854     44.9648
    0.0855     44.8892
    0.0856     44.8136
    0.0857     44.7381
    0.0858     44.6625
    0.0859     44.5869
    0.0860     44.5113
    0.0861     44.4358
    0.0862     44.3602
    0.0863     44.2846
    0.0864     44.2090
    0.0865     44.1335
    0.0866     44.0579
    0.0867     43.9823
    0.0868     43.9067
    0.0869     43.8312
    0.0870     43.7556
    0.0871     43.6800
    0.0873     43.6044
    0.0874     43.5665
    0.0875     43.5287
    0.0876     43.4909
    0.0877     43.4531
    0.0878     43.4153
    0.0879     43.3775
    0.0880     43.3396
    0.0881     43.3018
    0.0882     43.2640
    0.0883     43.2262
    0.0884     43.1884
    0.0885     43.1505
    0.0886     43.1127
    0.0887     43.0749
    0.0888     43.0371
    0.0889     42.9993
    0.0890     42.9615
    0.0891     42.9236
    0.0892     42.8858
    0.0893     42.8480
    0.0894     42.8102
    0.0895     42.7724
    0.0896     42.7345
    0.0897     42.6967
    0.0898     42.6589
    0.0900     42.5025
    0.0901     42.4108
    0.0902     42.3192
    0.0903     42.2275
    0.0904     42.1358
    0.0905     42.0442
    0.0906     41.9525
    0.0907     41.8608
    0.0908     41.7692
    0.0909     41.6775
    0.0911     41.5370
    0.0912     41.4705
    0.0913     41.4041
    0.0914     41.3376
    0.0915     41.2712
    0.0916     41.2047
    0.0917     41.1382
    0.0918     41.0718
    0.0919     41.0053
    0.0920     40.9388
    0.0921     40.8724
    0.0922     40.8059
    0.0923     40.7395
    0.0924     40.6730
    0.0925     40.6065
    0.0927     40.5056
    0.0928     40.4638
    0.0929     40.4220
    0.0930     40.3802
    0.0931     40.3384
    0.0932     40.2965
    0.0933     40.2547
    0.0934     40.2129
    0.0935     40.1711
    0.0936     40.1293
    0.0937     40.0875
    0.0938     40.0456
    0.0939     40.0038
    0.0940     39.9620
    0.0941     39.9202
    0.0942     39.8784
    0.0943     39.8365
    0.0944     39.7947
    0.0945     39.7529
    0.0946     39.7111
    0.0947     39.6693
    0.0948     39.6275
    0.0949     39.5856
    0.0950     39.5438
    0.0951     39.5020
    0.0952     39.4602
    0.0953     39.4184
    0.0955     39.3079
    0.0956     39.2512
    0.0957     39.1945
    0.0958     39.1378
    0.0959     39.0811
    0.0960     39.0244
    0.0961     38.9677
    0.0962     38.9110
    0.0963     38.8543
    0.0964     38.7976
    0.0965     38.7409
    0.0966     38.6841
    0.0967     38.6274
    0.0968     38.5707
    0.0969     38.5140
    0.0971     38.4006
    0.0972     38.3439
    0.0973     38.2872
    0.0974     38.2305
    0.0975     38.1738
    0.0976     38.1171
    0.0977     38.0604
    0.0978     38.0037
    0.0979     37.9470
    0.0980     37.8902
    0.0981     37.8335
    0.0982     37.7768
    0.0983     37.7201
    0.0984     37.6634
    0.0985     37.6067
    0.0986     37.5500
    0.0988     37.4655
    0.0989     37.4232
    0.0990     37.3809
    0.0991     37.3386
    0.0992     37.2964
    0.0993     37.2541
    0.0994     37.2118
    0.0995     37.1695
    0.0996     37.1273
    0.0997     37.0850
    0.0998     37.0427
    0.0999     37.0005
    0.1000     36.9582
    0.1001     36.9159
    0.1002     36.8736
    0.1003     36.8314
    0.1004     36.7891
    0.1005     36.7468
    0.1006     36.7045
    0.1007     36.6623
    0.1008     36.6200
    0.1010     36.5300
    0.1011     36.4850
    0.1012     36.4400
    0.1013     36.3950
    0.1014     36.3500
    0.1015     36.3050
    0.1016     36.2600
    0.1017     36.2150
    0.1018     36.1700
    0.1019     36.1250
    0.1020     36.0800
    0.1021     36.0350
    0.1022     35.9900
    0.1023     35.9450
    0.1024     35.9000
    0.1025     35.8550
    0.1026     35.8100
    0.1027     35.7650
    0.1028     35.7200
    0.1029     35.6750
    0.1030     35.6300
    0.1032     35.5695
    0.1033     35.5392
    0.1034     35.5089
    0.1035     35.4787
    0.1036     35.4484
    0.1037     35.4182
    0.1038     35.3879
    0.1039     35.3576
    0.1040     35.3274
    0.1041     35.2971
    0.1042     35.2668
    0.1043     35.2366
    0.1044     35.2063
    0.1045     35.1761
    0.1046     35.1458
    0.1047     35.1155
    0.1048     35.0853
    0.1049     35.0550
    0.1050     35.0247
    0.1051     34.9945
    0.1052     34.9642
    0.1053     34.9339
    0.1054     34.9037
    0.1055     34.8734
    0.1056     34.8432
    0.1057     34.8129
    0.1058     34.7826
    0.1059     34.7524
    0.1060     34.7221
    0.1061     34.6918
    0.1062     34.6616
    0.1063     34.6313
    0.1064     34.6011
    0.1065     34.5708
    0.1066     34.5405
    0.1067     34.5103
    0.1068     34.4800
    0.1070     34.3655
    0.1071     34.3082
    0.1072     34.2509
    0.1073     34.1936
    0.1074     34.1364
    0.1075     34.0791
    0.1076     34.0218
    0.1077     33.9645
    0.1078     33.9073
    0.1079     33.8500
    0.1080     33.7927
    0.1081     33.7355
    0.1082     33.6782
    0.1083     33.6209
    0.1084     33.5636
    0.1085     33.5064
    0.1086     33.4491
    0.1087     33.3918
    0.1088     33.3345
    0.1089     33.2773
    0.1090     33.2200
    0.1092     33.1610
    0.1093     33.1315
    0.1094     33.1021
    0.1095     33.0726
    0.1096     33.0431
    0.1097     33.0136
    0.1098     32.9841
    0.1099     32.9546
    0.1100     32.9251
    0.1101     32.8956
    0.1102     32.8662
    0.1103     32.8367
    0.1104     32.8072
    0.1105     32.7777
    0.1106     32.7482
    0.1107     32.7187
    0.1108     32.6892
    0.1109     32.6597
    0.1110     32.6303
    0.1111     32.6008
    0.1112     32.5713
    0.1113     32.5418
    0.1114     32.5123
    0.1115     32.4828
    0.1116     32.4533
    0.1117     32.4238
    0.1118     32.3944
    0.1119     32.3649
    0.1120     32.3354
    0.1121     32.3059
    0.1122     32.2764
    0.1123     32.2469
    0.1124     32.2174
    0.1125     32.1879
    0.1126     32.1585
    0.1127     32.1290
    0.1128     32.0995
    0.1129     32.0700
    0.1131     32.0249
    0.1132     32.0023
    0.1133     31.9797
    0.1134     31.9572
    0.1135     31.9346
    0.1136     31.9121
    0.1137     31.8895
    0.1138     31.8669
    0.1139     31.8444
    0.1140     31.8218
    0.1141     31.7992
    0.1142     31.7767
    0.1143     31.7541
    0.1144     31.7315
    0.1145     31.7090
    0.1146     31.6864
    0.1147     31.6638
    0.1148     31.6413
    0.1149     31.6187
    0.1150     31.5962
    0.1151     31.5736
    0.1152     31.5510
    0.1153     31.5285
    0.1154     31.5059
    0.1155     31.4833
    0.1156     31.4608
    0.1157     31.4382
    0.1158     31.4156
    0.1159     31.3931
    0.1160     31.3705
    0.1161     31.3479
    0.1162     31.3254
    0.1163     31.3028
    0.1164     31.2803
    0.1165     31.2577
    0.1166     31.2351
    0.1167     31.2126
    0.1168     31.1900
    0.1170     31.1411
    0.1171     31.1166
    0.1172     31.0921
    0.1173     31.0676
    0.1174     31.0432
    0.1175     31.0187
    0.1176     30.9942
    0.1177     30.9697
    0.1178     30.9453
    0.1179     30.9208
    0.1180     30.8963
    0.1181     30.8718
    0.1182     30.8474
    0.1183     30.8229
    0.1184     30.7984
    0.1185     30.7739
    0.1186     30.7495
    0.1187     30.7250
    0.1188     30.7005
    0.1189     30.6761
    0.1190     30.6516
    0.1191     30.6271
    0.1192     30.6026
    0.1193     30.5782
    0.1194     30.5537
    0.1195     30.5292
    0.1196     30.5047
    0.1197     30.4803
    0.1198     30.4558
    0.1199     30.4313
    0.1200     30.4068
    0.1201     30.3824
    0.1202     30.3579
    0.1203     30.3334
    0.1204     30.3089
    0.1205     30.2845
    0.1206     30.2600
    0.1208     30.2111
    0.1209     30.1867
    0.1210     30.1622
    0.1211     30.1378
    0.1212     30.1133
    0.1213     30.0889
    0.1214     30.0644
    0.1215     30.0400
    0.1216     30.0156
    0.1217     29.9911
    0.1218     29.9667
    0.1219     29.9422
    0.1220     29.9178
    0.1221     29.8933
    0.1222     29.8689
    0.1223     29.8444
    0.1224     29.8200
    0.1225     29.7956
    0.1226     29.7711
    0.1227     29.7467
    0.1228     29.7222
    0.1229     29.6978
    0.1230     29.6733
    0.1231     29.6489
    0.1232     29.6244
    0.1233     29.6000
    0.1234     29.5756
    0.1235     29.5511
    0.1236     29.5267
    0.1237     29.5022
    0.1238     29.4778
    0.1239     29.4533
    0.1240     29.4289
    0.1241     29.4044
    0.1242     29.3800
    0.1243     29.3556
    0.1244     29.3311
    0.1245     29.3067
    0.1246     29.2822
    0.1247     29.2578
    0.1248     29.2333
    0.1249     29.2089
    0.1250     29.1844
    0.1251     29.1600
    0.1253     29.1164
    0.1254     29.0946
    0.1255     29.0728
    0.1256     29.0510
    0.1257     29.0292
    0.1258     29.0074
    0.1259     28.9856
    0.1260     28.9638
    0.1261     28.9420
    0.1262     28.9202
    0.1263     28.8984
    0.1264     28.8766
    0.1265     28.8548
    0.1266     28.8330
    0.1267     28.8112
    0.1268     28.7894
    0.1269     28.7676
    0.1270     28.7458
    0.1271     28.7240
    0.1272     28.7022
    0.1273     28.6804
    0.1274     28.6586
    0.1275     28.6368
    0.1276     28.6150
    0.1277     28.5932
    0.1278     28.5714
    0.1279     28.5496
    0.1280     28.5278
    0.1281     28.5060
    0.1282     28.4842
    0.1283     28.4624
    0.1284     28.4406
    0.1285     28.4188
    0.1286     28.3970
    0.1287     28.3752
    0.1288     28.3534
    0.1289     28.3316
    0.1290     28.3098
    0.1291     28.2880
    0.1292     28.2662
    0.1293     28.2444
    0.1294     28.2226
    0.1295     28.2008
    0.1296     28.1790
    0.1297     28.1572
    0.1298     28.1354
    0.1299     28.1136
    0.1300     28.0918
    0.1301     28.0700
    0.1303     28.0300
    0.1304     28.0100
    0.1305     27.9900
    0.1306     27.9700
    0.1307     27.9500
    0.1308     27.9300
    0.1309     27.9100
    0.1310     27.8900
    0.1311     27.8700
    0.1312     27.8500
    0.1313     27.8300
    0.1314     27.8100
    0.1315     27.7900
    0.1316     27.7700
    0.1317     27.7500
    0.1318     27.7300
    0.1319     27.7100
    0.1320     27.6900
    0.1321     27.6700
    0.1322     27.6500
    0.1323     27.6300
    0.1324     27.6100
    0.1325     27.5900
    0.1326     27.5700
    0.1327     27.5500
    0.1328     27.5300
    0.1329     27.5100
    0.1330     27.4900
    0.1331     27.4700
    0.1332     27.4500
    0.1333     27.4300
    0.1334     27.4100
    0.1335     27.3900
    0.1336     27.3700
    0.1337     27.3500
    0.1338     27.3300
    0.1339     27.3100
    0.1340     27.2900
    0.1341     27.2700
    0.1342     27.2500
    0.1343     27.2300
    0.1344     27.2100
    0.1345     27.1900
    0.1347     27.1539
    0.1348     27.1358
    0.1349     27.1178
    0.1350     27.0997
    0.1351     27.0816
    0.1352     27.0636
    0.1353     27.0455
    0.1354     27.0275
    0.1355     27.0094
    0.1356     26.9913
    0.1357     26.9733
    0.1358     26.9552
    0.1359     26.9372
    0.1360     26.9191
    0.1361     26.9010
    0.1362     26.8830
    0.1363     26.8649
    0.1364     26.8469
    0.1365     26.8288
    0.1366     26.8107
    0.1367     26.7927
    0.1368     26.7746
    0.1369     26.7566
    0.1370     26.7385
    0.1371     26.7204
    0.1372     26.7024
    0.1373     26.6843
    0.1374     26.6663
    0.1375     26.6482
    0.1376     26.6301
    0.1377     26.6121
    0.1378     26.5940
    0.1379     26.5760
    0.1380     26.5579
    0.1381     26.5399
    0.1382     26.5218
    0.1383     26.5037
    0.1384     26.4857
    0.1385     26.4676
    0.1386     26.4496
    0.1387     26.4315
    0.1388     26.4134
    0.1389     26.3954
    0.1390     26.3773
    0.1391     26.3593
    0.1392     26.3412
    0.1393     26.3231
    0.1394     26.3051
    0.1395     26.2870
    0.1396     26.2690
    0.1397     26.2509
    0.1398     26.2328
    0.1399     26.2148
    0.1400     26.1967
    0.1401     26.1787
    0.1402     26.1606
    0.1403     26.1425
    0.1404     26.1245
    0.1405     26.1064
    0.1406     26.0884
    0.1407     26.0703
    0.1408     26.0522
    0.1409     26.0342
    0.1410     26.0161
    0.1411     25.9981
    0.1412     25.9800
    0.1413     25.9619
    0.1414     25.9439
    0.1415     25.9258
    0.1416     25.9078
    0.1417     25.8897
    0.1418     25.8716
    0.1419     25.8536
    0.1420     25.8355
    0.1421     25.8175
    0.1422     25.7994
    0.1423     25.7813
    0.1424     25.7633
    0.1425     25.7452
    0.1426     25.7272
    0.1427     25.7091
    0.1428     25.6910
    0.1429     25.6730
    0.1430     25.6549
    0.1431     25.6369
    0.1432     25.6188
    0.1433     25.6007
    0.1434     25.5827
    0.1435     25.5646
    0.1436     25.5466
    0.1437     25.5285
    0.1438     25.5104
    0.1439     25.4924
    0.1440     25.4743
    0.1441     25.4563
    0.1442     25.4382
    0.1443     25.4201
    0.1444     25.4021
    0.1445     25.3840
    0.1446     25.3660
    0.1447     25.3479
    0.1448     25.3299
    0.1449     25.3118
    0.1450     25.2937
    0.1451     25.2757
    0.1452     25.2576
    0.1453     25.2396
    0.1454     25.2215
    0.1455     25.2034
    0.1456     25.1854
    0.1457     25.1673
    0.1458     25.1493
    0.1459     25.1312
    0.1460     25.1131
    0.1461     25.0951
    0.1462     25.0770
    0.1463     25.0590
    0.1464     25.0409
    0.1465     25.0228
    0.1466     25.0048
    0.1467     24.9867
    0.1468     24.9687
    0.1469     24.9506
    0.1470     24.9325
    0.1471     24.9145
    0.1472     24.8964
    0.1473     24.8784
    0.1474     24.8603
    0.1475     24.8422
    0.1476     24.8242
    0.1477     24.8061
    0.1478     24.7881
    0.1479     24.7700
    0.1480     24.7519
    0.1481     24.7339
    0.1482     24.7158
    0.1483     24.6978
    0.1484     24.6797
    0.1485     24.6616
    0.1486     24.6436
    0.1487     24.6255
    0.1488     24.6075
    0.1489     24.5894
    0.1490     24.5713
    0.1491     24.5533
    0.1492     24.5352
    0.1493     24.5172
    0.1494     24.4991
    0.1495     24.4810
    0.1496     24.4630
    0.1497     24.4449
    0.1498     24.4269
    0.1499     24.4088
    0.1500     24.3907
    0.1501     24.3727
    0.1502     24.3546
    0.1503     24.3366
    0.1504     24.3185
    0.1505     24.3004
    0.1506     24.2824
    0.1507     24.2643
    0.1508     24.2463
    0.1509     24.2282
    0.1510     24.2101
    0.1511     24.1921
    0.1512     24.1740
    0.1513     24.1560
    0.1514     24.1379
    0.1515     24.1199
    0.1516     24.1018
    0.1517     24.0837
    0.1518     24.0657
    0.1519     24.0476
    0.1520     24.0296
    0.1521     24.0115
    0.1522     23.9934
    0.1523     23.9754
    0.1524     23.9573
    0.1525     23.9393
    0.1526     23.9212
    0.1527     23.9031
    0.1528     23.8851
    0.1529     23.8670
    0.1530     23.8490
    0.1531     23.8309
    0.1532     23.8128
    0.1533     23.7948
    0.1534     23.7767
    0.1535     23.7587
    0.1536     23.7406
    0.1537     23.7225
    0.1538     23.7045
    0.1539     23.6864
    0.1540     23.6684
    0.1541     23.6503
    0.1542     23.6322
    0.1543     23.6142
    0.1544     23.5961
    0.1545     23.5781
    0.1546     23.5600
    0.1547     23.5419
    0.1548     23.5239
    0.1549     23.5058
    0.1550     23.4878
    0.1551     23.4697
    0.1552     23.4516
    0.1553     23.4336
    0.1554     23.4155
    0.1555     23.3975
    0.1556     23.3794
    0.1557     23.3613
    0.1558     23.3433
    0.1559     23.3252
    0.1560     23.3072
    0.1561     23.2891
    0.1562     23.2710
    0.1563     23.2530
    0.1564     23.2349
    0.1565     23.2169
    0.1566     23.1988
    0.1567     23.1807
    0.1568     23.1627
    0.1569     23.1446
    0.1570     23.1266
    0.1571     23.1085
    0.1572     23.0904
    0.1573     23.0724
    0.1574     23.0543
    0.1575     23.0363
    0.1576     23.0182
    0.1577     23.0001
    0.1578     22.9821
    0.1579     22.9640
    0.1580     22.9460
    0.1581     22.9279
    0.1582     22.9099
    0.1583     22.8918
    0.1584     22.8737
    0.1585     22.8557
    0.1586     22.8376
    0.1587     22.8196
    0.1588     22.8015
    0.1589     22.7834
    0.1590     22.7654
    0.1591     22.7473
    0.1592     22.7293
    0.1593     22.7112
    0.1594     22.6931
    0.1595     22.6751
    0.1596     22.6570
    0.1597     22.6390
    0.1598     22.6209
    0.1599     22.6028
    0.1600     22.5848
    0.1601     22.5667
    0.1602     22.5487
    0.1603     22.5306
    0.1604     22.5125
    0.1605     22.4945
    0.1606     22.4764
    0.1607     22.4584
    0.1608     22.4403
    0.1609     22.4222
    0.1610     22.4042
    0.1611     22.3861
    0.1612     22.3681
    0.1613     22.3500
    0.1614     22.3319
    0.1615     22.3139
    0.1616     22.2958
    0.1617     22.2778
    0.1618     22.2597
    0.1619     22.2416
    0.1620     22.2236
    0.1621     22.2055
    0.1622     22.1875
    0.1623     22.1694
    0.1624     22.1513
    0.1625     22.1333
    0.1626     22.1152
    0.1627     22.0972
    0.1628     22.0791
    0.1629     22.0610
    0.1630     22.0430
    0.1631     22.0249
    0.1632     22.0069
    0.1633     21.9888
    0.1634     21.9707
    0.1635     21.9527
    0.1636     21.9346
    0.1637     21.9166
    0.1638     21.8985
    0.1639     21.8804
    0.1640     21.8624
    0.1641     21.8443
    0.1642     21.8263
    0.1643     21.8082
    0.1644     21.7901
    0.1645     21.7721
    0.1646     21.7540
    0.1647     21.7360
    0.1648     21.7179
    0.1649     21.6999
    0.1650     21.6818
    0.1651     21.6637
    0.1652     21.6457
    0.1653     21.6276
    0.1654     21.6096
    0.1655     21.5915
    0.1656     21.5734
    0.1657     21.5554
    0.1658     21.5373
    0.1659     21.5193
    0.1660     21.5012
    0.1661     21.4831
    0.1662     21.4651
    0.1663     21.4470
    0.1664     21.4290
    0.1665     21.4109
    0.1666     21.3928
    0.1667     21.3748
    0.1668     21.3567
    0.1669     21.3387
    0.1670     21.3206
    0.1671     21.3025
    0.1672     21.2845
    0.1673     21.2664
    0.1674     21.2484
    0.1675     21.2303
    0.1676     21.2122
    0.1677     21.1942
    0.1678     21.1761
    0.1679     21.1581
    0.1680     21.1400
    0.1681     21.1219
    0.1682     21.1039
    0.1683     21.0858
    0.1684     21.0678
    0.1685     21.0497
    0.1686     21.0316
    0.1687     21.0136
    0.1688     20.9955
    0.1689     20.9775
    0.1690     20.9594
    0.1691     20.9413
    0.1692     20.9233
    0.1693     20.9052
    0.1694     20.8872
    0.1695     20.8691
    0.1696     20.8510
    0.1697     20.8330
    0.1698     20.8149
    0.1699     20.7969
    0.1700     20.7788
    0.1701     20.7607
    0.1702     20.7427
    0.1703     20.7246
    0.1704     20.7066
    0.1705     20.6885
    0.1706     20.6704
    0.1707     20.6524
    0.1708     20.6343
    0.1709     20.6163
    0.1710     20.5982
    0.1711     20.5801
    0.1712     20.5621
    0.1713     20.5440
    0.1714     20.5260
    0.1715     20.5079
    0.1716     20.4899
    0.1717     20.4718
    0.1718     20.4537
    0.1719     20.4357
    0.1720     20.4176
    0.1721     20.3996
    0.1722     20.3815
    0.1723     20.3634
    0.1724     20.3454
    0.1725     20.3273
    0.1726     20.3093
    0.1727     20.2912
    0.1728     20.2731
    0.1729     20.2551
    0.1730     20.2370
    0.1731     20.2190
    0.1732     20.2009
    0.1733     20.1828
    0.1734     20.1648
    0.1735     20.1467
    0.1736     20.1287
    0.1737     20.1106
    0.1738     20.0925
    0.1739     20.0745
    0.1740     20.0564
    0.1741     20.0384
    0.1742     20.0203
    0.1743     20.0022
    0.1744     19.9842
    0.1745     19.9661
    0.1746     19.9481
    0.1747     19.9300
    0.1748     19.9119
    0.1749     19.8939
    0.1750     19.8758
    0.1751     19.8578
    0.1752     19.8397
    0.1753     19.8216
    0.1754     19.8036
    0.1755     19.7855
    0.1756     19.7675
    0.1757     19.7494
    0.1758     19.7313
    0.1759     19.7133
    0.1760     19.6952
    0.1761     19.6772
    0.1762     19.6591
    0.1763     19.6410
    0.1764     19.6230
    0.1765     19.6049
    0.1766     19.5869
    0.1767     19.5688
    0.1768     19.5507
    0.1769     19.5327
    0.1770     19.5146
    0.1771     19.4966
    0.1772     19.4785
    0.1773     19.4604
    0.1774     19.4424
    0.1775     19.4243
    0.1776     19.4063
    0.1777     19.3882
    0.1778     19.3701
    0.1779     19.3521
    0.1780     19.3340
    0.1781     19.3160
    0.1782     19.2979
    0.1783     19.2799
    0.1784     19.2618
    0.1785     19.2437
    0.1786     19.2257
    0.1787     19.2076
    0.1788     19.1896
    0.1789     19.1715
    0.1790     19.1534
    0.1791     19.1354
    0.1792     19.1173
    0.1793     19.0993
    0.1794     19.0812
    0.1795     19.0631
    0.1796     19.0451
    0.1797     19.0270
    0.1798     19.0090
    0.1799     18.9909
    0.1800     18.9728
    0.1801     18.9548
    0.1802     18.9367
    0.1803     18.9187
    0.1804     18.9006
    0.1805     18.8825
    0.1806     18.8645
    0.1807     18.8464
    0.1808     18.8284
    0.1809     18.8103
    0.1810     18.7922
    0.1811     18.7742
    0.1812     18.7561
    0.1813     18.7381
    0.1814     18.7200
    0.1815     18.7019
    0.1816     18.6839
    0.1817     18.6658
    0.1818     18.6478
    0.1819     18.6297
    0.1820     18.6116
    0.1821     18.5936
    0.1822     18.5755
    0.1823     18.5575
    0.1824     18.5394
    0.1825     18.5213
    0.1826     18.5033
    0.1827     18.4852
    0.1828     18.4672
    0.1829     18.4491
    0.1830     18.4310
    0.1831     18.4130
    0.1832     18.3949
    0.1833     18.3769
    0.1834     18.3588
    0.1835     18.3407
    0.1836     18.3227
    0.1837     18.3046
    0.1838     18.2866
    0.1839     18.2685
    0.1840     18.2504
    0.1841     18.2324
    0.1842     18.2143
    0.1843     18.1963
    0.1844     18.1782
    0.1845     18.1601
    0.1846     18.1421
    0.1847     18.1240
    0.1848     18.1060
    0.1849     18.0879
    0.1850     18.0699
    0.1851     18.0518
    0.1852     18.0337
    0.1853     18.0157
    0.1854     17.9976
    0.1855     17.9796
    0.1856     17.9615
    0.1857     17.9434
    0.1858     17.9254
    0.1859     17.9073
    0.1860     17.8893
    0.1861     17.8712
    0.1862     17.8531
    0.1863     17.8351
    0.1864     17.8170
    0.1865     17.7990
    0.1866     17.7809
    0.1867     17.7628
    0.1868     17.7448
    0.1869     17.7267
    0.1870     17.7087
    0.1871     17.6906
    0.1872     17.6725
    0.1873     17.6545
    0.1874     17.6364
    0.1875     17.6184
    0.1876     17.6003
    0.1877     17.5822
    0.1878     17.5642
    0.1879     17.5461
    0.1880     17.5281
    0.1881     17.5100
    0.1882     17.4919
    0.1883     17.4739
    0.1884     17.4558
    0.1885     17.4378
    0.1886     17.4197
    0.1887     17.4016
    0.1888     17.3836
    0.1889     17.3655
    0.1890     17.3475
    0.1891     17.3294
    0.1892     17.3113
    0.1893     17.2933
    0.1894     17.2752
    0.1895     17.2572
    0.1896     17.2391
    0.1897     17.2210
    0.1898     17.2030
    0.1899     17.1849
    0.1900     17.1669
    0.1901     17.1488
    0.1902     17.1307
    0.1903     17.1127
    0.1904     17.0946
    0.1905     17.0766
    0.1906     17.0585
    0.1907     17.0404
    0.1908     17.0224
    0.1909     17.0043
    0.1910     16.9863
    0.1911     16.9682
    0.1912     16.9501
    0.1913     16.9321
    0.1914     16.9140
    0.1915     16.8960
    0.1916     16.8779
    0.1917     16.8599
    0.1918     16.8418
    0.1919     16.8237
    0.1920     16.8057
    0.1921     16.7876
    0.1922     16.7696
    0.1923     16.7515
    0.1924     16.7334
    0.1925     16.7154
    0.1926     16.6973
    0.1927     16.6793
    0.1928     16.6612
    0.1929     16.6431
    0.1930     16.6251
    0.1931     16.6070
    0.1932     16.5890
    0.1933     16.5709
    0.1934     16.5528
    0.1935     16.5348
    0.1936     16.5167
    0.1937     16.4987
    0.1938     16.4806
    0.1939     16.4625
    0.1940     16.4445
    0.1941     16.4264
    0.1942     16.4084
    0.1943     16.3903
    0.1944     16.3722
    0.1945     16.3542
    0.1946     16.3361
    0.1947     16.3181
    0.1948     16.3000
    0.1949     16.2819
    0.1950     16.2639
    0.1951     16.2458
    0.1952     16.2278
    0.1953     16.2097
    0.1954     16.1916
    0.1955     16.1736
    0.1956     16.1555
    0.1957     16.1375
    0.1958     16.1194
    0.1959     16.1013
    0.1960     16.0833
    0.1961     16.0652
    0.1962     16.0472
    0.1963     16.0291
    0.1964     16.0110
    0.1965     15.9930
    0.1966     15.9749
    0.1967     15.9569
    0.1968     15.9388
    0.1969     15.9207
    0.1970     15.9027
    0.1971     15.8846
    0.1972     15.8666
    0.1973     15.8485
    0.1974     15.8304
    0.1975     15.8124
    0.1976     15.7943
    0.1977     15.7763
    0.1978     15.7582
    0.1979     15.7401
    0.1980     15.7221
    0.1981     15.7040
    0.1982     15.6860
    0.1983     15.6679
    0.1984     15.6499
    0.1985     15.6318
    0.1986     15.6137
    0.1987     15.5957
    0.1988     15.5776
    0.1989     15.5596
    0.1990     15.5415
    0.1991     15.5234
    0.1992     15.5054
    0.1993     15.4873
    0.1994     15.4693
    0.1995     15.4512
    0.1996     15.4331
    0.1997     15.4151
    0.1998     15.3970
    0.1999     15.3790
    0.2000     15.3609
    0.2001     15.3428
    0.2002     15.3248
    0.2003     15.3067
    0.2004     15.2887
    0.2005     15.2706
    0.2006     15.2525
    0.2007     15.2345
    0.2008     15.2164
    0.2009     15.1984
    0.2010     15.1803
    0.2011     15.1622
    0.2012     15.1442
    0.2013     15.1261
    0.2014     15.1081
    0.2015     15.0900
    0.2016     15.0719
    0.2017     15.0539
    0.2018     15.0358
    0.2019     15.0178
    0.2020     14.9997
    0.2021     14.9816
    0.2022     14.9636
    0.2023     14.9455
    0.2024     14.9275
    0.2025     14.9094
    0.2026     14.8913
    0.2027     14.8733
    0.2028     14.8552
    0.2029     14.8372
    0.2030     14.8191
    0.2031     14.8010
    0.2032     14.7830
    0.2033     14.7649
    0.2034     14.7469
    0.2035     14.7288
    0.2036     14.7107
    0.2037     14.6927
    0.2038     14.6746
    0.2039     14.6566
    0.2040     14.6385
    0.2041     14.6204
    0.2042     14.6024
    0.2043     14.5843
    0.2044     14.5663
    0.2045     14.5482
    0.2046     14.5301
    0.2047     14.5121
    0.2048     14.4940
    0.2049     14.4760
    0.2050     14.4579
    0.2051     14.4399
    0.2052     14.4218
    0.2053     14.4037
    0.2054     14.3857
    0.2055     14.3676
    0.2056     14.3496
    0.2057     14.3315
    0.2058     14.3134
    0.2059     14.2954
    0.2060     14.2773
    0.2061     14.2593
    0.2062     14.2412
    0.2063     14.2231
    0.2064     14.2051
    0.2065     14.1870
    0.2066     14.1690
    0.2067     14.1509
    0.2068     14.1328
    0.2069     14.1148
    0.2070     14.0967
    0.2071     14.0787
    0.2072     14.0606
    0.2073     14.0425
    0.2074     14.0245
    0.2075     14.0064
    0.2076     13.9884
    0.2077     13.9703
    0.2078     13.9522
    0.2079     13.9342
    0.2080     13.9161
    0.2081     13.8981
    0.2082     13.8800
    0.2083     13.8619
    0.2084     13.8439
    0.2085     13.8258
    0.2086     13.8078
    0.2087     13.7897
    0.2088     13.7716
    0.2089     13.7536
    0.2090     13.7355
    0.2091     13.7175
    0.2092     13.6994
    0.2093     13.6813
    0.2094     13.6633
    0.2095     13.6452
    0.2096     13.6272
    0.2097     13.6091
    0.2098     13.5910
    0.2099     13.5730
    0.2100     13.5549
    0.2101     13.5369
    0.2102     13.5188
    0.2103     13.5007
    0.2104     13.4827
    0.2105     13.4646
    0.2106     13.4466
    0.2107     13.4285
    0.2108     13.4104
    0.2109     13.3924
    0.2110     13.3743
    0.2111     13.3563
    0.2112     13.3382
    0.2113     13.3201
    0.2114     13.3021
    0.2115     13.2840
    0.2116     13.2660
    0.2117     13.2479
    0.2118     13.2299
    0.2119     13.2118
    0.2120     13.1937
    0.2121     13.1757
    0.2122     13.1576
    0.2123     13.1396
    0.2124     13.1215
    0.2125     13.1034
    0.2126     13.0854
    0.2127     13.0673
    0.2128     13.0493
    0.2129     13.0312
    0.2130     13.0131
    0.2131     12.9951
    0.2132     12.9770
    0.2133     12.9590
    0.2134     12.9409
    0.2135     12.9228
    0.2136     12.9048
    0.2137     12.8867
    0.2138     12.8687
    0.2139     12.8506
    0.2140     12.8325
    0.2141     12.8145
    0.2142     12.7964
    0.2143     12.7784
    0.2144     12.7603
    0.2145     12.7422
    0.2146     12.7242
    0.2147     12.7061
    0.2148     12.6881
    0.2149     12.6700
    0.2150     12.6519
    0.2151     12.6339
    0.2152     12.6158
    0.2153     12.5978
    0.2154     12.5797
    0.2155     12.5616
    0.2156     12.5436
    0.2157     12.5255
    0.2158     12.5075
    0.2159     12.4894
    0.2160     12.4713
    0.2161     12.4533
    0.2162     12.4352
    0.2163     12.4172
    0.2164     12.3991
    0.2165     12.3810
    0.2166     12.3630
    0.2167     12.3449
    0.2168     12.3269
    0.2169     12.3088
    0.2170     12.2907
    0.2171     12.2727
    0.2172     12.2546
    0.2173     12.2366
    0.2174     12.2185
    0.2175     12.2004
    0.2176     12.1824
    0.2177     12.1643
    0.2178     12.1463
    0.2179     12.1282
    0.2180     12.1101
    0.2181     12.0921
    0.2182     12.0740
    0.2183     12.0560
    0.2184     12.0379
    0.2185     12.0199
    0.2186     12.0018
    0.2187     11.9837
    0.2188     11.9657
    0.2189     11.9476
    0.2190     11.9296
    0.2191     11.9115
    0.2192     11.8934
    0.2193     11.8754
    0.2194     11.8573
    0.2195     11.8393
    0.2196     11.8212
    0.2197     11.8031
    0.2198     11.7851
    0.2199     11.7670
    0.2200     11.7490
    0.2201     11.7309
    0.2202     11.7128
    0.2203     11.6948
    0.2204     11.6767
    0.2205     11.6587
    0.2206     11.6406
    0.2207     11.6225
    0.2208     11.6045
    0.2209     11.5864
    0.2210     11.5684
    0.2211     11.5503
    0.2212     11.5322
    0.2213     11.5142
    0.2214     11.4961
    0.2215     11.4781
    0.2216     11.4600
    0.2217     11.4419
    0.2218     11.4239
    0.2219     11.4058
    0.2220     11.3878
    0.2221     11.3697
    0.2222     11.3516
    0.2223     11.3336
    0.2224     11.3155
    0.2225     11.2975
    0.2226     11.2794
    0.2227     11.2613
    0.2228     11.2433
    0.2229     11.2252
    0.2230     11.2072
    0.2231     11.1891
    0.2232     11.1710
    0.2233     11.1530
    0.2234     11.1349
    0.2235     11.1169
    0.2236     11.0988
    0.2237     11.0807
    0.2238     11.0627
    0.2239     11.0446
    0.2240     11.0266
    0.2241     11.0085
    0.2242     10.9904
    0.2243     10.9724
    0.2244     10.9543
    0.2245     10.9363
    0.2246     10.9182
    0.2247     10.9001
    0.2248     10.8821
    0.2249     10.8640
    0.2250     10.8460
    0.2251     10.8279
    0.2252     10.8099
    0.2253     10.7918
    0.2254     10.7737
    0.2255     10.7557
    0.2256     10.7376
    0.2257     10.7196
    0.2258     10.7015
    0.2259     10.6834
    0.2260     10.6654
    0.2261     10.6473
    0.2262     10.6293
    0.2263     10.6112
    0.2264     10.5931
    0.2265     10.5751
    0.2266     10.5570
    0.2267     10.5390
    0.2268     10.5209
    0.2269     10.5028
    0.2270     10.4848
    0.2271     10.4667
    0.2272     10.4487
    0.2273     10.4306
    0.2274     10.4125
    0.2275     10.3945
    0.2276     10.3764
    0.2277     10.3584
    0.2278     10.3403
    0.2279     10.3222
    0.2280     10.3042
    0.2281     10.2861
    0.2282     10.2681
    0.2283     10.2500
    0.2284     10.2319
    0.2285     10.2139
    0.2286     10.1958
    0.2287     10.1778
    0.2288     10.1597
    0.2289     10.1416
    0.2290     10.1236
    0.2291     10.1055
    0.2292     10.0875
    0.2293     10.0694
    0.2294     10.0513
    0.2295     10.0333
    0.2296     10.0152
    0.2297      9.9972
    0.2298      9.9791
    0.2299      9.9610
    0.2300      9.9430
    0.2301      9.9249
    0.2302      9.9069
    0.2303      9.8888
    0.2304      9.8707
    0.2305      9.8527
    0.2306      9.8346
    0.2307      9.8166
    0.2308      9.7985
    0.2309      9.7804
    0.2310      9.7624
    0.2311      9.7443
    0.2312      9.7263
    0.2313      9.7082
    0.2314      9.6902
    0.2315      9.6721
    0.2316      9.6540
    0.2317      9.6360
    0.2318      9.6179
    0.2319      9.5999
    0.2320      9.5818
    0.2321      9.5637
    0.2322      9.5457
    0.2323      9.5276
    0.2324      9.5096
    0.2325      9.4915
    0.2326      9.4734
    0.2327      9.4554
    0.2328      9.4373
    0.2329      9.4193
    0.2330      9.4012
    0.2331      9.3831
    0.2332      9.3651
    0.2333      9.3470
    0.2334      9.3290
    0.2335      9.3109
    0.2336      9.2928
    0.2337      9.2748
    0.2338      9.2567
    0.2339      9.2387
    0.2340      9.2206
    0.2341      9.2025
    0.2342      9.1845
    0.2343      9.1664
    0.2344      9.1484
    0.2345      9.1303
    0.2346      9.1122
    0.2347      9.0942
    0.2348      9.0761
    0.2349      9.0581
    0.2350      9.0400
    0.2351      9.0219
    0.2352      9.0039
    0.2353      8.9858
    0.2354      8.9678
    0.2355      8.9497
    0.2356      8.9316
    0.2357      8.9136
    0.2358      8.8955
    0.2359      8.8775
    0.2360      8.8594
    0.2361      8.8413
    0.2362      8.8233
    0.2363      8.8052
    0.2364      8.7872
    0.2365      8.7691
    0.2366      8.7510
    0.2367      8.7330
    0.2368      8.7149
    0.2369      8.6969
    0.2370      8.6788
    0.2371      8.6607
    0.2372      8.6427
    0.2373      8.6246
    0.2374      8.6066
    0.2375      8.5885
    0.2376      8.5704
    0.2377      8.5524
    0.2378      8.5343
    0.2379      8.5163
    0.2380      8.4982
    0.2381      8.4802
    0.2382      8.4621
    0.2383      8.4440
    0.2384      8.4260
    0.2385      8.4079
    0.2386      8.3899
    0.2387      8.3718
    0.2388      8.3537
    0.2389      8.3357
    0.2390      8.3176
    0.2391      8.2996
    0.2392      8.2815
    0.2393      8.2634
    0.2394      8.2454
    0.2395      8.2273
    0.2396      8.2093
    0.2397      8.1912
    0.2398      8.1731
    0.2399      8.1551
    0.2400      8.1370
    0.2401      8.1190
    0.2402      8.1009
    0.2403      8.0828
    0.2404      8.0648
    0.2405      8.0467
    0.2406      8.0287
    0.2407      8.0106
    0.2408      7.9925
    0.2409      7.9745
    0.2410      7.9564
    0.2411      7.9384
    0.2412      7.9203
    0.2413      7.9022
    0.2414      7.8842
    0.2415      7.8661
    0.2416      7.8481
    0.2417      7.8300
    0.2418      7.8119
    0.2419      7.7939
    0.2420      7.7758
    0.2421      7.7578
    0.2422      7.7397
    0.2423      7.7216
    0.2424      7.7036
    0.2425      7.6855
    0.2426      7.6675
    0.2427      7.6494
    0.2428      7.6313
    0.2429      7.6133
    0.2430      7.5952
    0.2431      7.5772
    0.2432      7.5591
    0.2433      7.5410
    0.2434      7.5230
    0.2435      7.5049
    0.2436      7.4869
    0.2437      7.4688
    0.2438      7.4507
    0.2439      7.4327
    0.2440      7.4146
    0.2441      7.3966
    0.2442      7.3785
    0.2443      7.3604
    0.2444      7.3424
    0.2445      7.3243
    0.2446      7.3063
    0.2447      7.2882
    0.2448      7.2702
    0.2449      7.2521
    0.2450      7.2340
    0.2451      7.2160
    0.2452      7.1979
    0.2453      7.1799
    0.2454      7.1618
    0.2455      7.1437
    0.2456      7.1257
    0.2457      7.1076
    0.2458      7.0896
    0.2459      7.0715
    0.2460      7.0534
    0.2461      7.0354
    0.2462      7.0173
    0.2463      6.9993
    0.2464      6.9812
    0.2465      6.9631
    0.2466      6.9451
    0.2467      6.9270
    0.2468      6.9090
    0.2469      6.8909
    0.2470      6.8728
    0.2471      6.8548
    0.2472      6.8367
    0.2473      6.8187
    0.2474      6.8006
    0.2475      6.7825
    0.2476      6.7645
    0.2477      6.7464
    0.2478      6.7284
    0.2479      6.7103
    0.2480      6.6922
    0.2481      6.6742
    0.2482      6.6561
    0.2483      6.6381
    0.2484      6.6200
    0.2485      6.6019
    0.2486      6.5839
    0.2487      6.5658
    0.2488      6.5478
    0.2489      6.5297
    0.2490      6.5116
    0.2491      6.4936
    0.2492      6.4755
    0.2493      6.4575
    0.2494      6.4394
    0.2495      6.4213
    0.2496      6.4033
    0.2497      6.3852
    0.2498      6.3672
    0.2499      6.3491
    0.2500      6.3310
    0.2501      6.3130
    0.2502      6.2949
    0.2503      6.2769
    0.2504      6.2588
    0.2505      6.2407
    0.2506      6.2227
    0.2507      6.2046
    0.2508      6.1866
    0.2509      6.1685
    0.2510      6.1504
    0.2511      6.1324
    0.2512      6.1143
    0.2513      6.0963
    0.2514      6.0782
    0.2515      6.0602
    0.2516      6.0421
    0.2517      6.0240
    0.2518      6.0060
    0.2519      5.9879
    0.2520      5.9699
    0.2521      5.9518
    0.2522      5.9337
    0.2523      5.9157
    0.2524      5.8976
    0.2525      5.8796
    0.2526      5.8615
    0.2527      5.8434
    0.2528      5.8254
    0.2529      5.8073
    0.2530      5.7893
    0.2531      5.7712
    0.2532      5.7531
    0.2533      5.7351
    0.2534      5.7170
    0.2535      5.6990
    0.2536      5.6809
    0.2537      5.6628
    0.2538      5.6448
    0.2539      5.6267
    0.2540      5.6087
    0.2541      5.5906
    0.2542      5.5725
    0.2543      5.5545
    0.2544      5.5364
    0.2545      5.5184
    0.2546      5.5003
    0.2547      5.4822
    0.2548      5.4642
    0.2549      5.4461
    0.2550      5.4281
    0.2551      5.4100
    0.2552      5.3919
    0.2553      5.3739
    0.2554      5.3558
    0.2555      5.3378
    0.2556      5.3197
    0.2557      5.3016
    0.2558      5.2836
    0.2559      5.2655
    0.2560      5.2475
    0.2561      5.2294
    0.2562      5.2113
    0.2563      5.1933
    0.2564      5.1752
    0.2565      5.1572
    0.2566      5.1391
    0.2567      5.1210
    0.2568      5.1030
    0.2569      5.0849
    0.2570      5.0669
    0.2571      5.0488
    0.2572      5.0307
    0.2573      5.0127
    0.2574      4.9946
    0.2575      4.9766
    0.2576      4.9585
    0.2577      4.9404
    0.2578      4.9224
    0.2579      4.9043
    0.2580      4.8863
    0.2581      4.8682
    0.2582      4.8502
    0.2583      4.8321
    0.2584      4.8140
    0.2585      4.7960
    0.2586      4.7779
    0.2587      4.7599
    0.2588      4.7418
    0.2589      4.7237
    0.2590      4.7057
    0.2591      4.6876
    0.2592      4.6696
    0.2593      4.6515
    0.2594      4.6334
    0.2595      4.6154
    0.2596      4.5973
    0.2597      4.5793
    0.2598      4.5612
    0.2599      4.5431
    0.2600      4.5251
    0.2601      4.5070
    0.2602      4.4890
    0.2603      4.4709
    0.2604      4.4528
    0.2605      4.4348
    0.2606      4.4167
    0.2607      4.3987
    0.2608      4.3806
    0.2609      4.3625
    0.2610      4.3445
    0.2611      4.3264
    0.2612      4.3084
    0.2613      4.2903
    0.2614      4.2722
    0.2615      4.2542
    0.2616      4.2361
    0.2617      4.2181
    0.2618      4.2000
    0.2619      4.1819
    0.2620      4.1639
    0.2621      4.1458
    0.2622      4.1278
    0.2623      4.1097
    0.2624      4.0916
    0.2625      4.0736
    0.2626      4.0555
    0.2627      4.0375
    0.2628      4.0194
    0.2629      4.0013
    0.2630      3.9833
    0.2631      3.9652
    0.2632      3.9472
    0.2633      3.9291
    0.2634      3.9110
    0.2635      3.8930
    0.2636      3.8749
    0.2637      3.8569
    0.2638      3.8388
    0.2639      3.8207
    0.2640      3.8027
    0.2641      3.7846
    0.2642      3.7666
    0.2643      3.7485
    0.2644      3.7304
    0.2645      3.7124
    0.2646      3.6943
    0.2647      3.6763
    0.2648      3.6582
    0.2649      3.6402
    0.2650      3.6221
    0.2651      3.6040
    0.2652      3.5860
    0.2653      3.5679
    0.2654      3.5499
    0.2655      3.5318
    0.2656      3.5137
    0.2657      3.4957
    0.2658      3.4776
    0.2659      3.4596
    0.2660      3.4415
    0.2661      3.4234
    0.2662      3.4054
    0.2663      3.3873
    0.2664      3.3693
    0.2665      3.3512
    0.2666      3.3331
    0.2667      3.3151
    0.2668      3.2970
    0.2669      3.2790
    0.2670      3.2609
    0.2671      3.2428
    0.2672      3.2248
    0.2673      3.2067
    0.2674      3.1887
    0.2675      3.1706
    0.2676      3.1525
    0.2677      3.1345
    0.2678      3.1164
    0.2679      3.0984
    0.2680      3.0803
    0.2681      3.0622
    0.2682      3.0442
    0.2683      3.0261
    0.2684      3.0081
    0.2685      2.9900
    0.2686      2.9719
    0.2687      2.9539
    0.2688      2.9358
    0.2689      2.9178
    0.2690      2.8997
    0.2691      2.8816
    0.2692      2.8636
    0.2693      2.8455
    0.2694      2.8275
    0.2695      2.8094
    0.2696      2.7913
    0.2697      2.7733
    0.2698      2.7552
    0.2699      2.7372
    0.2700      2.7191
    0.2701      2.7010
    0.2702      2.6830
    0.2703      2.6649
    0.2704      2.6469
    0.2705      2.6288
    0.2706      2.6107
    0.2707      2.5927
    0.2708      2.5746
    0.2709      2.5566
    0.2710      2.5385
    0.2711      2.5204
    0.2712      2.5024
    0.2713      2.4843
    0.2714      2.4663
    0.2715      2.4482
    0.2716      2.4302
    0.2717      2.4121
    0.2718      2.3940
    0.2719      2.3760
    0.2720      2.3579
    0.2721      2.3399
    0.2722      2.3218
    0.2723      2.3037
    0.2724      2.2857
    0.2725      2.2676
    0.2726      2.2496
    0.2727      2.2315
    0.2728      2.2134
    0.2729      2.1954
    0.2730      2.1773
    0.2731      2.1593
    0.2732      2.1412
    0.2733      2.1231
    0.2734      2.1051
    0.2735      2.0870
    0.2736      2.0690
    0.2737      2.0509
    0.2738      2.0328
    0.2739      2.0148
    0.2740      1.9967
    0.2741      1.9787
    0.2742      1.9606
    0.2743      1.9425
    0.2744      1.9245
    0.2745      1.9064
    0.2746      1.8884
    0.2747      1.8703
    0.2748      1.8522
    0.2749      1.8342
    0.2750      1.8161
    0.2751      1.7981
    0.2752      1.7800
    0.2753      1.7619
    0.2754      1.7439
    0.2755      1.7258
    0.2756      1.7078
    0.2757      1.6897
    0.2758      1.6716
    0.2759      1.6536
    0.2760      1.6355
    0.2761      1.6175
    0.2762      1.5994
    0.2763      1.5813
    0.2764      1.5633
    0.2765      1.5452
    0.2766      1.5272
    0.2767      1.5091
    0.2768      1.4910
    0.2769      1.4730
    0.2770      1.4549
    0.2771      1.4369
    0.2772      1.4188
    0.2773      1.4007
    0.2774      1.3827
    0.2775      1.3646
    0.2776      1.3466
    0.2777      1.3285
    0.2778      1.3104
    0.2779      1.2924
    0.2780      1.2743
    0.2781      1.2563
    0.2782      1.2382
    0.2783      1.2202
    0.2784      1.2021
    0.2785      1.1840
    0.2786      1.1660
    0.2787      1.1479
    0.2788      1.1299
    0.2789      1.1118
    0.2790      1.0937
    0.2791      1.0757
    0.2792      1.0576
    0.2793      1.0396
    0.2794      1.0215
    0.2795      1.0034
    0.2796      0.9854
    0.2797      0.9673
    0.2798      0.9493
    0.2799      0.9312
    0.2800      0.9131
    0.2801      0.8951
    0.2802      0.8770
    0.2803      0.8590
    0.2804      0.8409
    0.2805      0.8228
    0.2806      0.8048
    0.2807      0.7867
    0.2808      0.7687
    0.2809      0.7506
    0.2810      0.7325
    0.2811      0.7145
    0.2812      0.6964
    0.2813      0.6784
    0.2814      0.6603
    0.2815      0.6422
    0.2816      0.6242
    0.2817      0.6061
    0.2818      0.5881
    0.2819      0.5700
    0.2820      0.5519
    0.2821      0.5339
    0.2822      0.5158
    0.2823      0.4978
    0.2824      0.4797
    0.2825      0.4616
    0.2826      0.4436
    0.2827      0.4255
    0.2828      0.4075
    0.2829      0.3894
    0.2830      0.3713
    0.2831      0.3533
    0.2832      0.3352
    0.2833      0.3172
    0.2834      0.2991
    0.2835      0.2810
    0.2836      0.2630
    0.2837      0.2449
    0.2838      0.2269
    0.2839      0.2088
    0.2840      0.1907
    0.2841      0.1727
    0.2842      0.1546
    0.2843      0.1366
    0.2844      0.1185
    0.2845      0.1004
    0.2846      0.0824
    0.2847      0.0643
    0.2848      0.0463
    0.2849      0.0282
    0.2850      0.0102
    0.2851     -0.0079
    0.2852     -0.0260
    0.2853     -0.0440
    0.2854     -0.0621
    0.2855     -0.0801
    0.2856     -0.0982
    0.2857     -0.1163
    0.2858     -0.1343
    0.2859     -0.1524
    0.2860     -0.1704
    0.2861     -0.1885
    0.2862     -0.2066
    0.2863     -0.2246
    0.2864     -0.2427
    0.2865     -0.2607
    0.2866     -0.2788
    0.2867     -0.2969
    0.2868     -0.3149
    0.2869     -0.3330
    0.2870     -0.3510
    0.2871     -0.3691
    0.2872     -0.3872
    0.2873     -0.4052
    0.2874     -0.4233
    0.2875     -0.4413
    0.2876     -0.4594
    0.2877     -0.4775
    0.2878     -0.4955
    0.2879     -0.5136
    0.2880     -0.5316
    0.2881     -0.5497
    0.2882     -0.5678
    0.2883     -0.5858
    0.2884     -0.6039
    0.2885     -0.6219
    0.2886     -0.6400
    0.2887     -0.6581
    0.2888     -0.6761
    0.2889     -0.6942
    0.2890     -0.7122
    0.2891     -0.7303
    0.2892     -0.7484
    0.2893     -0.7664
    0.2894     -0.7845
    0.2895     -0.8025
    0.2896     -0.8206
    0.2897     -0.8387
    0.2898     -0.8567
    0.2899     -0.8748
    0.2900     -0.8928
    0.2901     -0.9109
    0.2902     -0.9290
    0.2903     -0.9470
    0.2904     -0.9651
    0.2905     -0.9831
    0.2906     -1.0012
    0.2907     -1.0193
    0.2908     -1.0373
    0.2909     -1.0554
    0.2910     -1.0734
    0.2911     -1.0915
    0.2912     -1.1096
    0.2913     -1.1276
    0.2914     -1.1457
    0.2915     -1.1637
    0.2916     -1.1818
    0.2917     -1.1998
    0.2918     -1.2179
    0.2919     -1.2360
    0.2920     -1.2540
    0.2921     -1.2721
    0.2922     -1.2901
    0.2923     -1.3082
    0.2924     -1.3263
    0.2925     -1.3443
    0.2926     -1.3624
    0.2927     -1.3804
    0.2928     -1.3985
    0.2929     -1.4166
    0.2930     -1.4346
    0.2931     -1.4527
    0.2932     -1.4707
    0.2933     -1.4888
    0.2934     -1.5069
    0.2935     -1.5249
    0.2936     -1.5430
    0.2937     -1.5610
    0.2938     -1.5791
    0.2939     -1.5972
    0.2940     -1.6152
    0.2941     -1.6333
    0.2942     -1.6513
    0.2943     -1.6694
    0.2944     -1.6875
    0.2945     -1.7055
    0.2946     -1.7236
    0.2947     -1.7416
    0.2948     -1.7597
    0.2949     -1.7778
    0.2950     -1.7958
    0.2951     -1.8139
    0.2952     -1.8319
    0.2953     -1.8500
    0.2954     -1.8681
    0.2955     -1.8861
    0.2956     -1.9042
    0.2957     -1.9222
    0.2958     -1.9403
    0.2959     -1.9584
    0.2960     -1.9764
    0.2961     -1.9945
    0.2962     -2.0125
    0.2963     -2.0306
    0.2964     -2.0487
    0.2965     -2.0667
    0.2966     -2.0848
    0.2967     -2.1028
    0.2968     -2.1209
    0.2969     -2.1390
    0.2970     -2.1570
    0.2971     -2.1751
    0.2972     -2.1931
    0.2973     -2.2112
    0.2974     -2.2293
    0.2975     -2.2473
    0.2976     -2.2654
    0.2977     -2.2834
    0.2978     -2.3015
    0.2979     -2.3196
    0.2980     -2.3376
    0.2981     -2.3557
    0.2982     -2.3737
    0.2983     -2.3918
    0.2984     -2.4098
    0.2985     -2.4279
    0.2986     -2.4460
    0.2987     -2.4640
    0.2988     -2.4821
    0.2989     -2.5001
    0.2990     -2.5182
    0.2991     -2.5363
    0.2992     -2.5543
    0.2993     -2.5724
    0.2994     -2.5904
    0.2995     -2.6085
    0.2996     -2.6266
    0.2997     -2.6446
    0.2998     -2.6627
    0.2999     -2.6807
    0.3000     -2.6988
    0.3001     -2.7169
    0.3002     -2.7349
    0.3003     -2.7530
    0.3004     -2.7710
    0.3005     -2.7891
    0.3006     -2.8072
    0.3007     -2.8252
    0.3008     -2.8433
    0.3009     -2.8613
    0.3010     -2.8794
    0.3011     -2.8975
    0.3012     -2.9155
    0.3013     -2.9336
    0.3014     -2.9516
    0.3015     -2.9697
    0.3016     -2.9878
    0.3017     -3.0058
    0.3018     -3.0239
    0.3019     -3.0419
    0.3020     -3.0600
    0.3021     -3.0781
    0.3022     -3.0961
    0.3023     -3.1142
    0.3024     -3.1322
    0.3025     -3.1503
    0.3026     -3.1684
    0.3027     -3.1864
    0.3028     -3.2045
    0.3029     -3.2225
    0.3030     -3.2406
    0.3031     -3.2587
    0.3032     -3.2767
    0.3033     -3.2948
    0.3034     -3.3128
    0.3035     -3.3309
    0.3036     -3.3490
    0.3037     -3.3670
    0.3038     -3.3851
    0.3039     -3.4031
    0.3040     -3.4212
    0.3041     -3.4393
    0.3042     -3.4573
    0.3043     -3.4754
    0.3044     -3.4934
    0.3045     -3.5115
    0.3046     -3.5296
    0.3047     -3.5476
    0.3048     -3.5657
    0.3049     -3.5837
    0.3050     -3.6018
    0.3051     -3.6198
    0.3052     -3.6379
    0.3053     -3.6560
    0.3054     -3.6740
    0.3055     -3.6921
    0.3056     -3.7101
    0.3057     -3.7282
    0.3058     -3.7463
    0.3059     -3.7643
    0.3060     -3.7824
    0.3061     -3.8004
    0.3062     -3.8185
    0.3063     -3.8366
    0.3064     -3.8546
    0.3065     -3.8727
    0.3066     -3.8907
    0.3067     -3.9088
    0.3068     -3.9269
    0.3069     -3.9449
    0.3070     -3.9630
    0.3071     -3.9810
    0.3072     -3.9991
    0.3073     -4.0172
    0.3074     -4.0352
    0.3075     -4.0533
    0.3076     -4.0713
    0.3077     -4.0894
    0.3078     -4.1075
    0.3079     -4.1255
    0.3080     -4.1436
    0.3081     -4.1616
    0.3082     -4.1797
    0.3083     -4.1978
    0.3084     -4.2158
    0.3085     -4.2339
    0.3086     -4.2519
    0.3087     -4.2700
    0.3088     -4.2881
    0.3089     -4.3061
    0.3090     -4.3242
    0.3091     -4.3422
    0.3092     -4.3603
    0.3093     -4.3784
    0.3094     -4.3964
    0.3095     -4.4145
    0.3096     -4.4325
    0.3097     -4.4506
    0.3098     -4.4687
    0.3099     -4.4867
    0.3100     -4.5048
    0.3101     -4.5228
    0.3102     -4.5409
    0.3103     -4.5590
    0.3104     -4.5770
    0.3105     -4.5951
    0.3106     -4.6131
    0.3107     -4.6312
    0.3108     -4.6493
    0.3109     -4.6673
    0.3110     -4.6854
    0.3111     -4.7034
    0.3112     -4.7215
    0.3113     -4.7396
    0.3114     -4.7576
    0.3115     -4.7757
    0.3116     -4.7937
    0.3117     -4.8118
    0.3118     -4.8298
    0.3119     -4.8479
    0.3120     -4.8660
    0.3121     -4.8840
    0.3122     -4.9021
    0.3123     -4.9201
    0.3124     -4.9382
    0.3125     -4.9563
    0.3126     -4.9743
    0.3127     -4.9924
    0.3128     -5.0104
    0.3129     -5.0285
    0.3130     -5.0466
    0.3131     -5.0646
    0.3132     -5.0827
    0.3133     -5.1007
    0.3134     -5.1188
    0.3135     -5.1369
    0.3136     -5.1549
    0.3137     -5.1730
    0.3138     -5.1910
    0.3139     -5.2091
    0.3140     -5.2272
    0.3141     -5.2452
    0.3142     -5.2633
    0.3143     -5.2813
    0.3144     -5.2994
    0.3145     -5.3175
    0.3146     -5.3355
    0.3147     -5.3536
    0.3148     -5.3716
    0.3149     -5.3897
    0.3150     -5.4078
    0.3151     -5.4258
    0.3152     -5.4439
    0.3153     -5.4619
    0.3154     -5.4800
    0.3155     -5.4981
    0.3156     -5.5161
    0.3157     -5.5342
    0.3158     -5.5522
    0.3159     -5.5703
    0.3160     -5.5884
    0.3161     -5.6064
    0.3162     -5.6245
    0.3163     -5.6425
    0.3164     -5.6606
    0.3165     -5.6787
    0.3166     -5.6967
    0.3167     -5.7148
    0.3168     -5.7328
    0.3169     -5.7509
    0.3170     -5.7690
    0.3171     -5.7870
    0.3172     -5.8051
    0.3173     -5.8231
    0.3174     -5.8412
    0.3175     -5.8593
    0.3176     -5.8773
    0.3177     -5.8954
    0.3178     -5.9134
    0.3179     -5.9315
    0.3180     -5.9496
    0.3181     -5.9676
    0.3182     -5.9857
    0.3183     -6.0037
    0.3184     -6.0218
    0.3185     -6.0398
    0.3186     -6.0579
    0.3187     -6.0760
    0.3188     -6.0940
    0.3189     -6.1121
    0.3190     -6.1301
    0.3191     -6.1482
    0.3192     -6.1663
    0.3193     -6.1843
    0.3194     -6.2024
    0.3195     -6.2204
    0.3196     -6.2385
    0.3197     -6.2566
    0.3198     -6.2746
    0.3199     -6.2927
    0.3200     -6.3107
    0.3201     -6.3288
    0.3202     -6.3469
    0.3203     -6.3649
    0.3204     -6.3830
    0.3205     -6.4010
    0.3206     -6.4191
    0.3207     -6.4372
    0.3208     -6.4552
    0.3209     -6.4733
    0.3210     -6.4913
    0.3211     -6.5094
    0.3212     -6.5275
    0.3213     -6.5455
    0.3214     -6.5636
    0.3215     -6.5816
    0.3216     -6.5997
    0.3217     -6.6178
    0.3218     -6.6358
    0.3219     -6.6539
    0.3220     -6.6719
    0.3221     -6.6900
    0.3222     -6.7081
    0.3223     -6.7261
    0.3224     -6.7442
    0.3225     -6.7622
    0.3226     -6.7803
    0.3227     -6.7984
    0.3228     -6.8164
    0.3229     -6.8345
    0.3230     -6.8525
    0.3231     -6.8706
    0.3232     -6.8887
    0.3233     -6.9067
    0.3234     -6.9248
    0.3235     -6.9428
    0.3236     -6.9609
    0.3237     -6.9790
    0.3238     -6.9970
    0.3239     -7.0151
    0.3240     -7.0331
    0.3241     -7.0512
    0.3242     -7.0693
    0.3243     -7.0873
    0.3244     -7.1054
    0.3245     -7.1234
    0.3246     -7.1415
    0.3247     -7.1596
    0.3248     -7.1776
    0.3249     -7.1957
    0.3250     -7.2137
    0.3251     -7.2318
    0.3252     -7.2498
    0.3253     -7.2679
    0.3254     -7.2860
    0.3255     -7.3040
    0.3256     -7.3221
    0.3257     -7.3401
    0.3258     -7.3582
    0.3259     -7.3763
    0.3260     -7.3943
    0.3261     -7.4124
    0.3262     -7.4304
    0.3263     -7.4485
    0.3264     -7.4666
    0.3265     -7.4846
    0.3266     -7.5027
    0.3267     -7.5207
    0.3268     -7.5388
    0.3269     -7.5569
    0.3270     -7.5749
    0.3271     -7.5930
    0.3272     -7.6110
    0.3273     -7.6291
    0.3274     -7.6472
    0.3275     -7.6652
    0.3276     -7.6833
    0.3277     -7.7013
    0.3278     -7.7194
    0.3279     -7.7375
    0.3280     -7.7555
    0.3281     -7.7736
    0.3282     -7.7916
    0.3283     -7.8097
    0.3284     -7.8278
    0.3285     -7.8458
    0.3286     -7.8639
    0.3287     -7.8819
    0.3288     -7.9000
    0.3289     -7.9181
    0.3290     -7.9361
    0.3291     -7.9542
    0.3292     -7.9722
    0.3293     -7.9903
    0.3294     -8.0084
    0.3295     -8.0264
    0.3296     -8.0445
    0.3297     -8.0625
    0.3298     -8.0806
    0.3299     -8.0987
    0.3300     -8.1167
    0.3301     -8.1348
    0.3302     -8.1528
    0.3303     -8.1709
    0.3304     -8.1890
    0.3305     -8.2070
    0.3306     -8.2251
    0.3307     -8.2431
    0.3308     -8.2612
    0.3309     -8.2793
    0.3310     -8.2973
    0.3311     -8.3154
    0.3312     -8.3334
    0.3313     -8.3515
    0.3314     -8.3696
    0.3315     -8.3876
    0.3316     -8.4057
    0.3317     -8.4237
    0.3318     -8.4418
    0.3319     -8.4598
    0.3320     -8.4779
    0.3321     -8.4960
    0.3322     -8.5140
    0.3323     -8.5321
    0.3324     -8.5501
    0.3325     -8.5682
    0.3326     -8.5863
    0.3327     -8.6043
    0.3328     -8.6224
    0.3329     -8.6404
    0.3330     -8.6585
    0.3331     -8.6766
    0.3332     -8.6946
    0.3333     -8.7127
    0.3334     -8.7307
    0.3335     -8.7488
    0.3336     -8.7669
    0.3337     -8.7849
    0.3338     -8.8030
    0.3339     -8.8210
    0.3340     -8.8391
    0.3341     -8.8572
    0.3342     -8.8752
    0.3343     -8.8933
    0.3344     -8.9113
    0.3345     -8.9294
    0.3346     -8.9475
    0.3347     -8.9655
    0.3348     -8.9836
    0.3349     -9.0016
    0.3350     -9.0197
    0.3351     -9.0378
    0.3352     -9.0558
    0.3353     -9.0739
    0.3354     -9.0919
    0.3355     -9.1100
    0.3356     -9.1281
    0.3357     -9.1461
    0.3358     -9.1642
    0.3359     -9.1822
    0.3360     -9.2003
    0.3361     -9.2184
    0.3362     -9.2364
    0.3363     -9.2545
    0.3364     -9.2725
    0.3365     -9.2906
    0.3366     -9.3087
    0.3367     -9.3267
    0.3368     -9.3448
    0.3369     -9.3628
    0.3370     -9.3809
    0.3371     -9.3990
    0.3372     -9.4170
    0.3373     -9.4351
    0.3374     -9.4531
    0.3375     -9.4712
    0.3376     -9.4893
    0.3377     -9.5073
    0.3378     -9.5254
    0.3379     -9.5434
    0.3380     -9.5615
    0.3381     -9.5796
    0.3382     -9.5976
    0.3383     -9.6157
    0.3384     -9.6337
    0.3385     -9.6518
    0.3386     -9.6698
    0.3387     -9.6879
    0.3388     -9.7060
    0.3389     -9.7240
    0.3390     -9.7421
    0.3391     -9.7601
    0.3392     -9.7782
    0.3393     -9.7963
    0.3394     -9.8143
    0.3395     -9.8324
    0.3396     -9.8504
    0.3397     -9.8685
    0.3398     -9.8866
    0.3399     -9.9046
    0.3400     -9.9227
    0.3401     -9.9407
    0.3402     -9.9588
    0.3403     -9.9769
    0.3404     -9.9949
    0.3405    -10.0130
