#     D        Lambda1     Mbol = -1.5
    0.2850     70.3700
    0.2850     70.8700
    0.2850     71.3700
    0.2850     71.8700
    0.2850     72.3700
    0.2850     72.8700
    0.2850     73.3700
    0.2850     73.8700
    0.2850     74.3700
    0.2850     74.8700
    0.2850     75.3700
    0.2850     75.8700
    0.2850     76.3700
    0.2850     76.8700
    0.2850     77.3700
    0.2850     77.8700
    0.2850     78.3700
    0.2850     78.8700
    0.2850     79.3700
    0.2850     79.8700
    0.2850     80.3700
    0.2850     80.8700
    0.2850     81.3700
    0.2850     81.8700
    0.2850     82.3700
    0.2850     82.8700
    0.2850     83.3700
    0.2850     83.8700
    0.2850     84.3700
    0.2850     84.8700
    0.2850     85.3700
    0.2850     69.8700
    0.2850     84.8700
    0.2850     84.3700
    0.2850     83.8700
    0.2850     83.3700
    0.2850     82.8700
    0.2850     82.3700
    0.2850     81.8700
    0.2850     81.3700
    0.2850     80.8700
    0.2850     80.3700
    0.2850     79.8700
    0.2850     79.3700
    0.2850     78.8700
    0.2850     78.3700
    0.2850     77.8700
    0.2850     77.3700
    0.2850     76.8700
    0.2850     76.3700
    0.2850     75.8700
    0.2850     75.3700
    0.2850     74.8700
    0.2850     74.3700
    0.2850     73.8700
    0.2850     73.3700
    0.2850     72.8700
    0.2850     72.3700
    0.2850     71.8700
    0.2850     71.3700
    0.2850     70.8700
    0.2850     70.3700
    0.2850     69.8700
    0.2850     69.3700
    0.2850     68.8700
    0.2849     67.7900
    0.2849     67.7900
    0.2850     67.6167
    0.2851     67.4433
    0.2852     67.2700
    0.2853     67.0967
    0.2854     66.9233
    0.2855     66.7500
    0.2855     66.7500
    0.2855     65.5845
    0.2856     65.5091
    0.2857     65.4336
    0.2858     65.3582
    0.2859     65.2827
    0.2860     65.2073
    0.2861     65.1318
    0.2862     65.0564
    0.2863     64.9809
    0.2864     64.9055
    0.2865     64.8300
    0.2866     64.3300
    0.2866     63.8300
    0.2866     63.3300
    0.2867     63.2600
    0.2868     63.0200
    0.2869     62.7800
    0.2870     62.5400
    0.2872     62.3420
    0.2873     62.2430
    0.2874     62.1440
    0.2875     62.0450
    0.2876     61.9460
    0.2877     61.8470
    0.2878     61.7480
    0.2879     61.6490
    0.2880     61.5500
    0.2882     61.0933
    0.2883     60.8650
    0.2884     60.6367
    0.2885     60.4083
    0.2886     60.1800
    0.2888     59.8760
    0.2889     59.7240
    0.2890     59.5720
    0.2891     59.4200
    0.2893     59.2763
    0.2894     59.2044
    0.2895     59.1325
    0.2896     59.0606
    0.2897     58.9888
    0.2898     58.9169
    0.2899     58.8450
    0.2900     58.7731
    0.2901     58.7013
    0.2902     58.6294
    0.2903     58.5575
    0.2904     58.4856
    0.2905     58.4138
    0.2906     58.3419
    0.2907     58.2700
    0.2909     58.1794
    0.2910     58.1341
    0.2911     58.0888
    0.2912     58.0435
    0.2913     57.9982
    0.2914     57.9529
    0.2915     57.9076
    0.2916     57.8624
    0.2917     57.8171
    0.2918     57.7718
    0.2919     57.7265
    0.2920     57.6812
    0.2921     57.6359
    0.2922     57.5906
    0.2923     57.5453
    0.2924     57.5000
    0.2926     57.3500
    0.2927     57.2750
    0.2928     57.2000
    0.2929     57.1250
    0.2930     57.0500
    0.2931     56.9750
    0.2932     56.9000
    0.2933     56.8250
    0.2934     56.7500
    0.2935     56.6750
    0.2936     56.6000
    0.2937     56.5250
    0.2938     56.4500
    0.2939     56.3750
    0.2940     56.3000
    0.2942     56.1948
    0.2943     56.1422
    0.2944     56.0896
    0.2945     56.0370
    0.2946     55.9844
    0.2947     55.9319
    0.2948     55.8793
    0.2949     55.8267
    0.2950     55.7741
    0.2951     55.7215
    0.2952     55.6689
    0.2953     55.6163
    0.2954     55.5637
    0.2955     55.5111
    0.2956     55.4585
    0.2957     55.4059
    0.2958     55.3533
    0.2959     55.3007
    0.2960     55.2481
    0.2961     55.1956
    0.2962     55.1430
    0.2963     55.0904
    0.2964     55.0378
    0.2965     54.9852
    0.2966     54.9326
    0.2967     54.8800
    0.2969     54.7200
    0.2970     54.6400
    0.2971     54.5600
    0.2972     54.4800
    0.2973     54.4000
    0.2974     54.3200
    0.2975     54.2400
    0.2976     54.1600
    0.2977     54.0800
    0.2978     54.0000
    0.2980     53.9100
    0.2981     53.8650
    0.2982     53.8200
    0.2983     53.7750
    0.2984     53.7300
    0.2985     53.6850
    0.2986     53.6400
    0.2987     53.5950
    0.2988     53.5500
    0.2989     53.5050
    0.2990     53.4600
    0.2991     53.4150
    0.2992     53.3700
    0.2993     53.3250
    0.2994     53.2800
    0.2995     53.2350
    0.2996     53.1900
    0.2997     53.1450
    0.2998     53.1000
    0.2999     53.0550
    0.3000     53.0100
    0.3002     52.9109
    0.3003     52.8614
    0.3004     52.8118
    0.3005     52.7623
    0.3006     52.7127
    0.3007     52.6632
    0.3008     52.6136
    0.3009     52.5641
    0.3010     52.5145
    0.3011     52.4650
    0.3012     52.4155
    0.3013     52.3659
    0.3014     52.3164
    0.3015     52.2668
    0.3016     52.2173
    0.3017     52.1677
    0.3018     52.1182
    0.3019     52.0686
    0.3020     52.0191
    0.3021     51.9695
    0.3022     51.9200
    0.3024     51.8570
    0.3025     51.8255
    0.3026     51.7939
    0.3027     51.7624
    0.3028     51.7309
    0.3029     51.6994
    0.3030     51.6679
    0.3031     51.6364
    0.3032     51.6048
    0.3033     51.5733
    0.3034     51.5418
    0.3035     51.5103
    0.3036     51.4788
    0.3037     51.4473
    0.3038     51.4158
    0.3039     51.3842
    0.3040     51.3527
    0.3041     51.3212
    0.3042     51.2897
    0.3043     51.2582
    0.3044     51.2267
    0.3045     51.1952
    0.3046     51.1636
    0.3047     51.1321
    0.3048     51.1006
    0.3049     51.0691
    0.3050     51.0376
    0.3051     51.0061
    0.3052     50.9745
    0.3053     50.9430
    0.3054     50.9115
    0.3055     50.8800
    0.3057     50.8093
    0.3058     50.7739
    0.3059     50.7386
    0.3060     50.7032
    0.3061     50.6679
    0.3062     50.6325
    0.3063     50.5971
    0.3064     50.5618
    0.3065     50.5264
    0.3066     50.4911
    0.3067     50.4557
    0.3068     50.4204
    0.3069     50.3850
    0.3070     50.3496
    0.3071     50.3143
    0.3072     50.2789
    0.3073     50.2436
    0.3074     50.2082
    0.3075     50.1729
    0.3076     50.1375
    0.3077     50.1021
    0.3078     50.0668
    0.3079     50.0314
    0.3080     49.9961
    0.3081     49.9607
    0.3082     49.9254
    0.3083     49.8900
    0.3085     49.8211
    0.3086     49.7867
    0.3087     49.7522
    0.3088     49.7178
    0.3089     49.6833
    0.3090     49.6489
    0.3091     49.6144
    0.3092     49.5800
    0.3093     49.5456
    0.3094     49.5111
    0.3095     49.4767
    0.3096     49.4422
    0.3097     49.4078
    0.3098     49.3733
    0.3099     49.3389
    0.3100     49.3044
    0.3101     49.2700
    0.3102     49.2356
    0.3103     49.2011
    0.3104     49.1667
    0.3105     49.1322
    0.3106     49.0978
    0.3107     49.0633
    0.3108     49.0289
    0.3109     48.9944
    0.3110     48.9600
    0.3112     48.9187
    0.3113     48.8980
    0.3114     48.8773
    0.3115     48.8567
    0.3116     48.8360
    0.3117     48.8153
    0.3118     48.7947
    0.3119     48.7740
    0.3120     48.7533
    0.3121     48.7327
    0.3122     48.7120
    0.3123     48.6913
    0.3124     48.6707
    0.3125     48.6500
    0.3126     48.6293
    0.3127     48.6087
    0.3128     48.5880
    0.3129     48.5673
    0.3130     48.5467
    0.3131     48.5260
    0.3132     48.5053
    0.3133     48.4847
    0.3134     48.4640
    0.3135     48.4433
    0.3136     48.4227
    0.3137     48.4020
    0.3138     48.3813
    0.3139     48.3607
    0.3140     48.3400
    0.3141     48.3193
    0.3142     48.2987
    0.3143     48.2780
    0.3144     48.2573
    0.3145     48.2367
    0.3146     48.2160
    0.3147     48.1953
    0.3148     48.1747
    0.3149     48.1540
    0.3150     48.1333
    0.3151     48.1127
    0.3152     48.0920
    0.3153     48.0713
    0.3154     48.0507
    0.3155     48.0300
    0.3157     47.9905
    0.3158     47.9708
    0.3159     47.9510
    0.3160     47.9313
    0.3161     47.9115
    0.3162     47.8918
    0.3163     47.8721
    0.3164     47.8523
    0.3165     47.8326
    0.3166     47.8128
    0.3167     47.7931
    0.3168     47.7733
    0.3169     47.7536
    0.3170     47.7338
    0.3171     47.7141
    0.3172     47.6944
    0.3173     47.6746
    0.3174     47.6549
    0.3175     47.6351
    0.3176     47.6154
    0.3177     47.5956
    0.3178     47.5759
    0.3179     47.5562
    0.3180     47.5364
    0.3181     47.5167
    0.3182     47.4969
    0.3183     47.4772
    0.3184     47.4574
    0.3185     47.4377
    0.3186     47.4179
    0.3187     47.3982
    0.3188     47.3785
    0.3189     47.3587
    0.3190     47.3390
    0.3191     47.3192
    0.3192     47.2995
    0.3193     47.2797
    0.3194     47.2600
    0.3196     47.2227
    0.3197     47.2041
    0.3198     47.1855
    0.3199     47.1668
    0.3200     47.1482
    0.3201     47.1295
    0.3202     47.1109
    0.3203     47.0923
    0.3204     47.0736
    0.3205     47.0550
    0.3206     47.0364
    0.3207     47.0177
    0.3208     46.9991
    0.3209     46.9805
    0.3210     46.9618
    0.3211     46.9432
    0.3212     46.9245
    0.3213     46.9059
    0.3214     46.8873
    0.3215     46.8686
    0.3216     46.8500
    0.3217     46.8314
    0.3218     46.8127
    0.3219     46.7941
    0.3220     46.7755
    0.3221     46.7568
    0.3222     46.7382
    0.3223     46.7195
    0.3224     46.7009
    0.3225     46.6823
    0.3226     46.6636
    0.3227     46.6450
    0.3228     46.6264
    0.3229     46.6077
    0.3230     46.5891
    0.3231     46.5705
    0.3232     46.5518
    0.3233     46.5332
    0.3234     46.5145
    0.3235     46.4959
    0.3236     46.4773
    0.3237     46.4586
    0.3238     46.4400
    0.3240     46.4068
    0.3241     46.3902
    0.3242     46.3736
    0.3243     46.3570
    0.3244     46.3404
    0.3245     46.3238
    0.3246     46.3072
    0.3247     46.2906
    0.3248     46.2740
    0.3249     46.2574
    0.3250     46.2408
    0.3251     46.2242
    0.3252     46.2076
    0.3253     46.1910
    0.3254     46.1744
    0.3255     46.1578
    0.3256     46.1412
    0.3257     46.1246
    0.3258     46.1080
    0.3259     46.0914
    0.3260     46.0748
    0.3261     46.0582
    0.3262     46.0416
    0.3263     46.0250
    0.3264     46.0084
    0.3265     45.9918
    0.3266     45.9752
    0.3267     45.9586
    0.3268     45.9420
    0.3269     45.9254
    0.3270     45.9088
    0.3271     45.8922
    0.3272     45.8756
    0.3273     45.8590
    0.3274     45.8424
    0.3275     45.8258
    0.3276     45.8092
    0.3277     45.7926
    0.3278     45.7760
    0.3279     45.7594
    0.3280     45.7428
    0.3281     45.7262
    0.3282     45.7096
    0.3283     45.6930
    0.3284     45.6764
    0.3285     45.6598
    0.3286     45.6432
    0.3287     45.6266
    0.3288     45.6100
    0.3290     45.5831
    0.3291     45.5697
    0.3292     45.5562
    0.3293     45.5428
    0.3294     45.5293
    0.3295     45.5159
    0.3296     45.5025
    0.3297     45.4890
    0.3298     45.4756
    0.3299     45.4621
    0.3300     45.4487
    0.3301     45.4352
    0.3302     45.4218
    0.3303     45.4084
    0.3304     45.3949
    0.3305     45.3815
    0.3306     45.3680
    0.3307     45.3546
    0.3308     45.3411
    0.3309     45.3277
    0.3310     45.3143
    0.3311     45.3008
    0.3312     45.2874
    0.3313     45.2739
    0.3314     45.2605
    0.3315     45.2470
    0.3316     45.2336
    0.3317     45.2202
    0.3318     45.2067
    0.3319     45.1933
    0.3320     45.1798
    0.3321     45.1664
    0.3322     45.1530
    0.3323     45.1395
    0.3324     45.1261
    0.3325     45.1126
    0.3326     45.0992
    0.3327     45.0857
    0.3328     45.0723
    0.3329     45.0589
    0.3330     45.0454
    0.3331     45.0320
    0.3332     45.0185
    0.3333     45.0051
    0.3334     44.9916
    0.3335     44.9782
    0.3336     44.9648
    0.3337     44.9513
    0.3338     44.9379
    0.3339     44.9244
    0.3340     44.9110
    0.3341     44.8975
    0.3342     44.8841
    0.3343     44.8707
    0.3344     44.8572
    0.3345     44.8438
    0.3346     44.8303
    0.3347     44.8169
    0.3348     44.8034
    0.3349     44.7900
    0.3351     44.7664
    0.3352     44.7546
    0.3353     44.7429
    0.3354     44.7311
    0.3355     44.7193
    0.3356     44.7075
    0.3357     44.6957
    0.3358     44.6839
    0.3359     44.6721
    0.3360     44.6604
    0.3361     44.6486
    0.3362     44.6368
    0.3363     44.6250
    0.3364     44.6132
    0.3365     44.6014
    0.3366     44.5896
    0.3367     44.5779
    0.3368     44.5661
    0.3369     44.5543
    0.3370     44.5425
    0.3371     44.5307
    0.3372     44.5189
    0.3373     44.5071
    0.3374     44.4954
    0.3375     44.4836
    0.3376     44.4718
    0.3377     44.4600
    0.3378     44.4482
    0.3379     44.4364
    0.3380     44.4246
    0.3381     44.4129
    0.3382     44.4011
    0.3383     44.3893
    0.3384     44.3775
    0.3385     44.3657
    0.3386     44.3539
    0.3387     44.3421
    0.3388     44.3304
    0.3389     44.3186
    0.3390     44.3068
    0.3391     44.2950
    0.3392     44.2832
    0.3393     44.2714
    0.3394     44.2596
    0.3395     44.2479
    0.3396     44.2361
    0.3397     44.2243
    0.3398     44.2125
    0.3399     44.2007
    0.3400     44.1889
    0.3401     44.1771
    0.3402     44.1654
    0.3403     44.1536
    0.3404     44.1418
    0.3405     44.1300
    0.3407     44.1072
    0.3408     44.0958
    0.3409     44.0844
    0.3410     44.0731
    0.3411     44.0617
    0.3412     44.0503
    0.3413     44.0389
    0.3414     44.0275
    0.3415     44.0161
    0.3416     44.0047
    0.3417     43.9933
    0.3418     43.9819
    0.3419     43.9706
    0.3420     43.9592
    0.3421     43.9478
    0.3422     43.9364
    0.3423     43.9250
    0.3424     43.9136
    0.3425     43.9022
    0.3426     43.8908
    0.3427     43.8794
    0.3428     43.8681
    0.3429     43.8567
    0.3430     43.8453
    0.3431     43.8339
    0.3432     43.8225
    0.3433     43.8111
    0.3434     43.7997
    0.3435     43.7883
    0.3436     43.7769
    0.3437     43.7656
    0.3438     43.7542
    0.3439     43.7428
    0.3440     43.7314
    0.3441     43.7200
    0.3442     43.7086
    0.3443     43.6972
    0.3444     43.6858
    0.3445     43.6744
    0.3446     43.6631
    0.3447     43.6517
    0.3448     43.6403
    0.3449     43.6289
    0.3450     43.6175
    0.3451     43.6061
    0.3452     43.5947
    0.3453     43.5833
    0.3454     43.5719
    0.3455     43.5606
    0.3456     43.5492
    0.3457     43.5378
    0.3458     43.5264
    0.3459     43.5150
    0.3460     43.5036
    0.3461     43.4922
    0.3462     43.4808
    0.3463     43.4694
    0.3464     43.4581
    0.3465     43.4467
    0.3466     43.4353
    0.3467     43.4239
    0.3468     43.4125
    0.3469     43.4011
    0.3470     43.3897
    0.3471     43.3783
    0.3472     43.3669
    0.3473     43.3556
    0.3474     43.3442
    0.3475     43.3328
    0.3476     43.3214
    0.3477     43.3100
    0.3479     43.2923
    0.3480     43.2834
    0.3481     43.2745
    0.3482     43.2656
    0.3483     43.2568
    0.3484     43.2479
    0.3485     43.2390
    0.3486     43.2302
    0.3487     43.2213
    0.3488     43.2124
    0.3489     43.2035
    0.3490     43.1947
    0.3491     43.1858
    0.3492     43.1769
    0.3493     43.1681
    0.3494     43.1592
    0.3495     43.1503
    0.3496     43.1415
    0.3497     43.1326
    0.3498     43.1237
    0.3499     43.1148
    0.3500     43.1060
    0.3501     43.0971
    0.3502     43.0882
    0.3503     43.0794
    0.3504     43.0705
    0.3505     43.0616
    0.3506     43.0527
    0.3507     43.0439
    0.3508     43.0350
    0.3509     43.0261
    0.3510     43.0173
    0.3511     43.0084
    0.3512     42.9995
    0.3513     42.9906
    0.3514     42.9818
    0.3515     42.9729
    0.3516     42.9640
    0.3517     42.9552
    0.3518     42.9463
    0.3519     42.9374
    0.3520     42.9285
    0.3521     42.9197
    0.3522     42.9108
    0.3523     42.9019
    0.3524     42.8931
    0.3525     42.8842
    0.3526     42.8753
    0.3527     42.8665
    0.3528     42.8576
    0.3529     42.8487
    0.3530     42.8398
    0.3531     42.8310
    0.3532     42.8221
    0.3533     42.8132
    0.3534     42.8044
    0.3535     42.7955
    0.3536     42.7866
    0.3537     42.7777
    0.3538     42.7689
    0.3539     42.7600
    0.3541     42.7431
    0.3542     42.7346
    0.3543     42.7262
    0.3544     42.7177
    0.3545     42.7092
    0.3546     42.7008
    0.3547     42.6923
    0.3548     42.6838
    0.3549     42.6754
    0.3550     42.6669
    0.3551     42.6585
    0.3552     42.6500
    0.3553     42.6415
    0.3554     42.6331
    0.3555     42.6246
    0.3556     42.6162
    0.3557     42.6077
    0.3558     42.5992
    0.3559     42.5908
    0.3560     42.5823
    0.3561     42.5738
    0.3562     42.5654
    0.3563     42.5569
    0.3564     42.5485
    0.3565     42.5400
    0.3566     42.5315
    0.3567     42.5231
    0.3568     42.5146
    0.3569     42.5062
    0.3570     42.4977
    0.3571     42.4892
    0.3572     42.4808
    0.3573     42.4723
    0.3574     42.4638
    0.3575     42.4554
    0.3576     42.4469
    0.3577     42.4385
    0.3578     42.4300
    0.3579     42.4215
    0.3580     42.4131
    0.3581     42.4046
    0.3582     42.3962
    0.3583     42.3877
    0.3584     42.3792
    0.3585     42.3708
    0.3586     42.3623
    0.3587     42.3538
    0.3588     42.3454
    0.3589     42.3369
    0.3590     42.3285
    0.3591     42.3200
    0.3592     42.3115
    0.3593     42.3031
    0.3594     42.2946
    0.3595     42.2862
    0.3596     42.2777
    0.3597     42.2692
    0.3598     42.2608
    0.3599     42.2523
    0.3600     42.2438
    0.3601     42.2354
    0.3602     42.2269
    0.3603     42.2185
    0.3604     42.2100
    0.3605     42.2015
    0.3606     42.1931
    0.3607     42.1846
    0.3608     42.1762
    0.3609     42.1677
    0.3610     42.1592
    0.3611     42.1508
    0.3612     42.1423
    0.3613     42.1338
    0.3614     42.1254
    0.3615     42.1169
    0.3616     42.1085
    0.3617     42.1000
    0.3619     42.0844
    0.3620     42.0765
    0.3621     42.0687
    0.3622     42.0609
    0.3623     42.0531
    0.3624     42.0453
    0.3625     42.0374
    0.3626     42.0296
    0.3627     42.0218
    0.3628     42.0140
    0.3629     42.0062
    0.3630     41.9983
    0.3631     41.9905
    0.3632     41.9827
    0.3633     41.9749
    0.3634     41.9671
    0.3635     41.9592
    0.3636     41.9514
    0.3637     41.9436
    0.3638     41.9358
    0.3639     41.9279
    0.3640     41.9201
    0.3641     41.9123
    0.3642     41.9045
    0.3643     41.8967
    0.3644     41.8888
    0.3645     41.8810
    0.3646     41.8732
    0.3647     41.8654
    0.3648     41.8576
    0.3649     41.8497
    0.3650     41.8419
    0.3651     41.8341
    0.3652     41.8263
    0.3653     41.8185
    0.3654     41.8106
    0.3655     41.8028
    0.3656     41.7950
    0.3657     41.7872
    0.3658     41.7794
    0.3659     41.7715
    0.3660     41.7637
    0.3661     41.7559
    0.3662     41.7481
    0.3663     41.7403
    0.3664     41.7324
    0.3665     41.7246
    0.3666     41.7168
    0.3667     41.7090
    0.3668     41.7012
    0.3669     41.6933
    0.3670     41.6855
    0.3671     41.6777
    0.3672     41.6699
    0.3673     41.6621
    0.3674     41.6542
    0.3675     41.6464
    0.3676     41.6386
    0.3677     41.6308
    0.3678     41.6229
    0.3679     41.6151
    0.3680     41.6073
    0.3681     41.5995
    0.3682     41.5917
    0.3683     41.5838
    0.3684     41.5760
    0.3685     41.5682
    0.3686     41.5604
    0.3687     41.5526
    0.3688     41.5447
    0.3689     41.5369
    0.3690     41.5291
    0.3691     41.5213
    0.3692     41.5135
    0.3693     41.5056
    0.3694     41.4978
    0.3695     41.4900
    0.3697     41.4784
    0.3698     41.4726
    0.3699     41.4668
    0.3700     41.4611
    0.3701     41.4553
    0.3702     41.4495
    0.3703     41.4437
    0.3704     41.4379
    0.3705     41.4321
    0.3706     41.4263
    0.3707     41.4205
    0.3708     41.4147
    0.3709     41.4089
    0.3710     41.4032
    0.3711     41.3974
    0.3712     41.3916
    0.3713     41.3858
    0.3714     41.3800
    0.3715     41.3742
    0.3716     41.3684
    0.3717     41.3626
    0.3718     41.3568
    0.3719     41.3511
    0.3720     41.3453
    0.3721     41.3395
    0.3722     41.3337
    0.3723     41.3279
    0.3724     41.3221
    0.3725     41.3163
    0.3726     41.3105
    0.3727     41.3047
    0.3728     41.2989
    0.3729     41.2932
    0.3730     41.2874
    0.3731     41.2816
    0.3732     41.2758
    0.3733     41.2700
    0.3734     41.2642
    0.3735     41.2584
    0.3736     41.2526
    0.3737     41.2468
    0.3738     41.2411
    0.3739     41.2353
    0.3740     41.2295
    0.3741     41.2237
    0.3742     41.2179
    0.3743     41.2121
    0.3744     41.2063
    0.3745     41.2005
    0.3746     41.1947
    0.3747     41.1889
    0.3748     41.1832
    0.3749     41.1774
    0.3750     41.1716
    0.3751     41.1658
    0.3752     41.1600
    0.3753     41.1542
    0.3754     41.1484
    0.3755     41.1426
    0.3756     41.1368
    0.3757     41.1311
    0.3758     41.1253
    0.3759     41.1195
    0.3760     41.1137
    0.3761     41.1079
    0.3762     41.1021
    0.3763     41.0963
    0.3764     41.0905
    0.3765     41.0847
    0.3766     41.0789
    0.3767     41.0732
    0.3768     41.0674
    0.3769     41.0616
    0.3770     41.0558
    0.3771     41.0500
    0.3772     41.0442
    0.3773     41.0384
    0.3774     41.0326
    0.3775     41.0268
    0.3776     41.0211
    0.3777     41.0153
    0.3778     41.0095
    0.3779     41.0037
    0.3780     40.9979
    0.3781     40.9921
    0.3782     40.9863
    0.3783     40.9805
    0.3784     40.9747
    0.3785     40.9689
    0.3786     40.9632
    0.3787     40.9574
    0.3788     40.9516
    0.3789     40.9458
    0.3790     40.9400
    0.3792     40.9290
    0.3793     40.9235
    0.3794     40.9180
    0.3795     40.9125
    0.3796     40.9070
    0.3797     40.9015
    0.3798     40.8960
    0.3799     40.8905
    0.3800     40.8850
    0.3801     40.8795
    0.3802     40.8741
    0.3803     40.8686
    0.3804     40.8631
    0.3805     40.8576
    0.3806     40.8521
    0.3807     40.8466
    0.3808     40.8411
    0.3809     40.8356
    0.3810     40.8301
    0.3811     40.8246
    0.3812     40.8191
    0.3813     40.8136
    0.3814     40.8081
    0.3815     40.8026
    0.3816     40.7971
    0.3817     40.7916
    0.3818     40.7861
    0.3819     40.7806
    0.3820     40.7751
    0.3821     40.7696
    0.3822     40.7641
    0.3823     40.7586
    0.3824     40.7532
    0.3825     40.7477
    0.3826     40.7422
    0.3827     40.7367
    0.3828     40.7312
    0.3829     40.7257
    0.3830     40.7202
    0.3831     40.7147
    0.3832     40.7092
    0.3833     40.7037
    0.3834     40.6982
    0.3835     40.6927
    0.3836     40.6872
    0.3837     40.6817
    0.3838     40.6762
    0.3839     40.6707
    0.3840     40.6652
    0.3841     40.6597
    0.3842     40.6542
    0.3843     40.6487
    0.3844     40.6432
    0.3845     40.6377
    0.3846     40.6323
    0.3847     40.6268
    0.3848     40.6213
    0.3849     40.6158
    0.3850     40.6103
    0.3851     40.6048
    0.3852     40.5993
    0.3853     40.5938
    0.3854     40.5883
    0.3855     40.5828
    0.3856     40.5773
    0.3857     40.5718
    0.3858     40.5663
    0.3859     40.5608
    0.3860     40.5553
    0.3861     40.5498
    0.3862     40.5443
    0.3863     40.5388
    0.3864     40.5333
    0.3865     40.5278
    0.3866     40.5223
    0.3867     40.5168
    0.3868     40.5114
    0.3869     40.5059
    0.3870     40.5004
    0.3871     40.4949
    0.3872     40.4894
    0.3873     40.4839
    0.3874     40.4784
    0.3875     40.4729
    0.3876     40.4674
    0.3877     40.4619
    0.3878     40.4564
    0.3879     40.4509
    0.3880     40.4454
    0.3881     40.4399
    0.3882     40.4344
    0.3883     40.4289
    0.3884     40.4234
    0.3885     40.4179
    0.3886     40.4124
    0.3887     40.4069
    0.3888     40.4014
    0.3889     40.3959
    0.3890     40.3905
    0.3891     40.3850
    0.3892     40.3795
    0.3893     40.3740
    0.3894     40.3685
    0.3895     40.3630
    0.3896     40.3575
    0.3897     40.3520
    0.3898     40.3465
    0.3899     40.3410
    0.3900     40.3355
    0.3901     40.3300
    0.3903     40.3175
    0.3904     40.3113
    0.3905     40.3051
    0.3906     40.2989
    0.3907     40.2926
    0.3908     40.2864
    0.3909     40.2802
    0.3910     40.2740
    0.3911     40.2677
    0.3912     40.2615
    0.3913     40.2553
    0.3914     40.2491
    0.3915     40.2428
    0.3916     40.2366
    0.3917     40.2304
    0.3918     40.2242
    0.3919     40.2179
    0.3920     40.2117
    0.3921     40.2055
    0.3922     40.1992
    0.3923     40.1930
    0.3924     40.1868
    0.3925     40.1806
    0.3926     40.1743
    0.3927     40.1681
    0.3928     40.1619
    0.3929     40.1557
    0.3930     40.1494
    0.3931     40.1432
    0.3932     40.1370
    0.3933     40.1308
    0.3934     40.1245
    0.3935     40.1183
    0.3936     40.1121
    0.3937     40.1058
    0.3938     40.0996
    0.3939     40.0934
    0.3940     40.0872
    0.3941     40.0809
    0.3942     40.0747
    0.3943     40.0685
    0.3944     40.0623
    0.3945     40.0560
    0.3946     40.0498
    0.3947     40.0436
    0.3948     40.0374
    0.3949     40.0311
    0.3950     40.0249
    0.3951     40.0187
    0.3952     40.0125
    0.3953     40.0062
    0.3954     40.0000
    0.3955     39.9938
    0.3956     39.9875
    0.3957     39.9813
    0.3958     39.9751
    0.3959     39.9689
    0.3960     39.9626
    0.3961     39.9564
    0.3962     39.9502
    0.3963     39.9440
    0.3964     39.9377
    0.3965     39.9315
    0.3966     39.9253
    0.3967     39.9191
    0.3968     39.9128
    0.3969     39.9066
    0.3970     39.9004
    0.3971     39.8942
    0.3972     39.8879
    0.3973     39.8817
    0.3974     39.8755
    0.3975     39.8692
    0.3976     39.8630
    0.3977     39.8568
    0.3978     39.8506
    0.3979     39.8443
    0.3980     39.8381
    0.3981     39.8319
    0.3982     39.8257
    0.3983     39.8194
    0.3984     39.8132
    0.3985     39.8070
    0.3986     39.8008
    0.3987     39.7945
    0.3988     39.7883
    0.3989     39.7821
    0.3990     39.7758
    0.3991     39.7696
    0.3992     39.7634
    0.3993     39.7572
    0.3994     39.7509
    0.3995     39.7447
    0.3996     39.7385
    0.3997     39.7323
    0.3998     39.7260
    0.3999     39.7198
    0.4000     39.7136
    0.4001     39.7074
    0.4002     39.7011
    0.4003     39.6949
    0.4004     39.6887
    0.4005     39.6825
    0.4006     39.6762
    0.4007     39.6700
    0.4009     39.6601
    0.4010     39.6551
    0.4011     39.6502
    0.4012     39.6452
    0.4013     39.6403
    0.4014     39.6353
    0.4015     39.6304
    0.4016     39.6254
    0.4017     39.6205
    0.4018     39.6155
    0.4019     39.6106
    0.4020     39.6056
    0.4021     39.6007
    0.4022     39.5957
    0.4023     39.5908
    0.4024     39.5858
    0.4025     39.5809
    0.4026     39.5759
    0.4027     39.5710
    0.4028     39.5660
    0.4029     39.5611
    0.4030     39.5561
    0.4031     39.5512
    0.4032     39.5462
    0.4033     39.5413
    0.4034     39.5363
    0.4035     39.5314
    0.4036     39.5264
    0.4037     39.5215
    0.4038     39.5165
    0.4039     39.5116
    0.4040     39.5066
    0.4041     39.5017
    0.4042     39.4967
    0.4043     39.4918
    0.4044     39.4868
    0.4045     39.4819
    0.4046     39.4769
    0.4047     39.4720
    0.4048     39.4670
    0.4049     39.4621
    0.4050     39.4571
    0.4051     39.4522
    0.4052     39.4472
    0.4053     39.4423
    0.4054     39.4373
    0.4055     39.4324
    0.4056     39.4274
    0.4057     39.4225
    0.4058     39.4175
    0.4059     39.4126
    0.4060     39.4076
    0.4061     39.4027
    0.4062     39.3977
    0.4063     39.3928
    0.4064     39.3878
    0.4065     39.3829
    0.4066     39.3779
    0.4067     39.3730
    0.4068     39.3680
    0.4069     39.3631
    0.4070     39.3581
    0.4071     39.3532
    0.4072     39.3482
    0.4073     39.3433
    0.4074     39.3383
    0.4075     39.3334
    0.4076     39.3284
    0.4077     39.3235
    0.4078     39.3185
    0.4079     39.3136
    0.4080     39.3086
    0.4081     39.3037
    0.4082     39.2987
    0.4083     39.2938
    0.4084     39.2888
    0.4085     39.2839
    0.4086     39.2789
    0.4087     39.2740
    0.4088     39.2690
    0.4089     39.2641
    0.4090     39.2591
    0.4091     39.2542
    0.4092     39.2492
    0.4093     39.2443
    0.4094     39.2393
    0.4095     39.2344
    0.4096     39.2294
    0.4097     39.2245
    0.4098     39.2195
    0.4099     39.2146
    0.4100     39.2096
    0.4101     39.2047
    0.4102     39.1997
    0.4103     39.1948
    0.4104     39.1898
    0.4105     39.1849
    0.4106     39.1799
    0.4107     39.1750
    0.4108     39.1700
    0.4110     39.1628
    0.4111     39.1593
    0.4112     39.1557
    0.4113     39.1521
    0.4114     39.1485
    0.4115     39.1449
    0.4116     39.1414
    0.4117     39.1378
    0.4118     39.1342
    0.4119     39.1306
    0.4120     39.1271
    0.4121     39.1235
    0.4122     39.1199
    0.4123     39.1163
    0.4124     39.1127
    0.4125     39.1092
    0.4126     39.1056
    0.4127     39.1020
    0.4128     39.0984
    0.4129     39.0948
    0.4130     39.0913
    0.4131     39.0877
    0.4132     39.0841
    0.4133     39.0805
    0.4134     39.0769
    0.4135     39.0734
    0.4136     39.0698
    0.4137     39.0662
    0.4138     39.0626
    0.4139     39.0591
    0.4140     39.0555
    0.4141     39.0519
    0.4142     39.0483
    0.4143     39.0447
    0.4144     39.0412
    0.4145     39.0376
    0.4146     39.0340
    0.4147     39.0304
    0.4148     39.0268
    0.4149     39.0233
    0.4150     39.0197
    0.4151     39.0161
    0.4152     39.0125
    0.4153     39.0089
    0.4154     39.0054
    0.4155     39.0018
    0.4156     38.9982
    0.4157     38.9946
    0.4158     38.9911
    0.4159     38.9875
    0.4160     38.9839
    0.4161     38.9803
    0.4162     38.9767
    0.4163     38.9732
    0.4164     38.9696
    0.4165     38.9660
    0.4166     38.9624
    0.4167     38.9588
    0.4168     38.9553
    0.4169     38.9517
    0.4170     38.9481
    0.4171     38.9445
    0.4172     38.9409
    0.4173     38.9374
    0.4174     38.9338
    0.4175     38.9302
    0.4176     38.9266
    0.4177     38.9231
    0.4178     38.9195
    0.4179     38.9159
    0.4180     38.9123
    0.4181     38.9087
    0.4182     38.9052
    0.4183     38.9016
    0.4184     38.8980
    0.4185     38.8944
    0.4186     38.8908
    0.4187     38.8873
    0.4188     38.8837
    0.4189     38.8801
    0.4190     38.8765
    0.4191     38.8729
    0.4192     38.8694
    0.4193     38.8658
    0.4194     38.8622
    0.4195     38.8586
    0.4196     38.8551
    0.4197     38.8515
    0.4198     38.8479
    0.4199     38.8443
    0.4200     38.8407
    0.4201     38.8372
    0.4202     38.8336
    0.4203     38.8300
    0.4205     38.8224
    0.4206     38.8186
    0.4207     38.8148
    0.4208     38.8110
    0.4209     38.8072
    0.4210     38.8034
    0.4211     38.7996
    0.4212     38.7958
    0.4213     38.7920
    0.4214     38.7882
    0.4215     38.7844
    0.4216     38.7806
    0.4217     38.7768
    0.4218     38.7730
    0.4219     38.7692
    0.4220     38.7654
    0.4221     38.7616
    0.4222     38.7578
    0.4223     38.7540
    0.4224     38.7502
    0.4225     38.7464
    0.4226     38.7426
    0.4227     38.7388
    0.4228     38.7350
    0.4229     38.7312
    0.4230     38.7274
    0.4231     38.7236
    0.4232     38.7198
    0.4233     38.7160
    0.4234     38.7122
    0.4235     38.7084
    0.4236     38.7046
    0.4237     38.7008
    0.4238     38.6970
    0.4239     38.6932
    0.4240     38.6894
    0.4241     38.6856
    0.4242     38.6818
    0.4243     38.6780
    0.4244     38.6742
    0.4245     38.6704
    0.4246     38.6666
    0.4247     38.6628
    0.4248     38.6590
    0.4249     38.6552
    0.4250     38.6514
    0.4251     38.6476
    0.4252     38.6438
    0.4253     38.6400
    0.4254     38.6362
    0.4255     38.6324
    0.4256     38.6286
    0.4257     38.6248
    0.4258     38.6210
    0.4259     38.6172
    0.4260     38.6134
    0.4261     38.6096
    0.4262     38.6058
    0.4263     38.6020
    0.4264     38.5982
    0.4265     38.5944
    0.4266     38.5906
    0.4267     38.5868
    0.4268     38.5830
    0.4269     38.5792
    0.4270     38.5754
    0.4271     38.5716
    0.4272     38.5678
    0.4273     38.5640
    0.4274     38.5602
    0.4275     38.5564
    0.4276     38.5526
    0.4277     38.5488
    0.4278     38.5450
    0.4279     38.5412
    0.4280     38.5374
    0.4281     38.5336
    0.4282     38.5298
    0.4283     38.5260
    0.4284     38.5222
    0.4285     38.5184
    0.4286     38.5146
    0.4287     38.5108
    0.4288     38.5070
    0.4289     38.5032
    0.4290     38.4994
    0.4291     38.4956
    0.4292     38.4918
    0.4293     38.4880
    0.4294     38.4842
    0.4295     38.4804
    0.4296     38.4766
    0.4297     38.4728
    0.4298     38.4690
    0.4299     38.4652
    0.4300     38.4614
    0.4301     38.4576
    0.4302     38.4538
    0.4303     38.4500
    0.4305     38.4414
    0.4306     38.4371
    0.4307     38.4328
    0.4308     38.4285
    0.4309     38.4242
    0.4310     38.4199
    0.4311     38.4156
    0.4312     38.4113
    0.4313     38.4070
    0.4314     38.4027
    0.4315     38.3984
    0.4316     38.3941
    0.4317     38.3897
    0.4318     38.3854
    0.4319     38.3811
    0.4320     38.3768
    0.4321     38.3725
    0.4322     38.3682
    0.4323     38.3639
    0.4324     38.3596
    0.4325     38.3553
    0.4326     38.3510
    0.4327     38.3467
    0.4328     38.3424
    0.4329     38.3381
    0.4330     38.3338
    0.4331     38.3295
    0.4332     38.3252
    0.4333     38.3209
    0.4334     38.3166
    0.4335     38.3123
    0.4336     38.3080
    0.4337     38.3037
    0.4338     38.2994
    0.4339     38.2951
    0.4340     38.2908
    0.4341     38.2865
    0.4342     38.2822
    0.4343     38.2778
    0.4344     38.2735
    0.4345     38.2692
    0.4346     38.2649
    0.4347     38.2606
    0.4348     38.2563
    0.4349     38.2520
    0.4350     38.2477
    0.4351     38.2434
    0.4352     38.2391
    0.4353     38.2348
    0.4354     38.2305
    0.4355     38.2262
    0.4356     38.2219
    0.4357     38.2176
    0.4358     38.2133
    0.4359     38.2090
    0.4360     38.2047
    0.4361     38.2004
    0.4362     38.1961
    0.4363     38.1918
    0.4364     38.1875
    0.4365     38.1832
    0.4366     38.1789
    0.4367     38.1746
    0.4368     38.1703
    0.4369     38.1659
    0.4370     38.1616
    0.4371     38.1573
    0.4372     38.1530
    0.4373     38.1487
    0.4374     38.1444
    0.4375     38.1401
    0.4376     38.1358
    0.4377     38.1315
    0.4378     38.1272
    0.4379     38.1229
    0.4380     38.1186
    0.4381     38.1143
    0.4382     38.1100
    0.4384     38.1026
    0.4385     38.0989
    0.4386     38.0952
    0.4387     38.0915
    0.4388     38.0878
    0.4389     38.0840
    0.4390     38.0803
    0.4391     38.0766
    0.4392     38.0729
    0.4393     38.0692
    0.4394     38.0655
    0.4395     38.0618
    0.4396     38.0581
    0.4397     38.0544
    0.4398     38.0507
    0.4399     38.0470
    0.4400     38.0433
    0.4401     38.0396
    0.4402     38.0358
    0.4403     38.0321
    0.4404     38.0284
    0.4405     38.0247
    0.4406     38.0210
    0.4407     38.0173
    0.4408     38.0136
    0.4409     38.0099
    0.4410     38.0062
    0.4411     38.0025
    0.4412     37.9988
    0.4413     37.9951
    0.4414     37.9913
    0.4415     37.9876
    0.4416     37.9839
    0.4417     37.9802
    0.4418     37.9765
    0.4419     37.9728
    0.4420     37.9691
    0.4421     37.9654
    0.4422     37.9617
    0.4423     37.9580
    0.4424     37.9543
    0.4425     37.9506
    0.4426     37.9469
    0.4427     37.9431
    0.4428     37.9394
    0.4429     37.9357
    0.4430     37.9320
    0.4431     37.9283
    0.4432     37.9246
    0.4433     37.9209
    0.4434     37.9172
    0.4435     37.9135
    0.4436     37.9098
    0.4437     37.9061
    0.4438     37.9024
    0.4439     37.8987
    0.4440     37.8949
    0.4441     37.8912
    0.4442     37.8875
    0.4443     37.8838
    0.4444     37.8801
    0.4445     37.8764
    0.4446     37.8727
    0.4447     37.8690
    0.4448     37.8653
    0.4449     37.8616
    0.4450     37.8579
    0.4451     37.8542
    0.4452     37.8504
    0.4453     37.8467
    0.4454     37.8430
    0.4455     37.8393
    0.4456     37.8356
    0.4457     37.8319
    0.4458     37.8282
    0.4459     37.8245
    0.4460     37.8208
    0.4461     37.8171
    0.4462     37.8134
    0.4463     37.8097
    0.4464     37.8060
    0.4465     37.8022
    0.4466     37.7985
    0.4467     37.7948
    0.4468     37.7911
    0.4469     37.7874
    0.4470     37.7837
    0.4471     37.7800
    0.4473     37.7747
    0.4474     37.7721
    0.4475     37.7694
    0.4476     37.7668
    0.4477     37.7642
    0.4478     37.7615
    0.4479     37.7589
    0.4480     37.7562
    0.4481     37.7536
    0.4482     37.7509
    0.4483     37.7483
    0.4484     37.7457
    0.4485     37.7430
    0.4486     37.7404
    0.4487     37.7377
    0.4488     37.7351
    0.4489     37.7325
    0.4490     37.7298
    0.4491     37.7272
    0.4492     37.7245
    0.4493     37.7219
    0.4494     37.7192
    0.4495     37.7166
    0.4496     37.7140
    0.4497     37.7113
    0.4498     37.7087
    0.4499     37.7060
    0.4500     37.7034
    0.4501     37.7008
    0.4502     37.6981
    0.4503     37.6955
    0.4504     37.6928
    0.4505     37.6902
    0.4506     37.6875
    0.4507     37.6849
    0.4508     37.6823
    0.4509     37.6796
    0.4510     37.6770
    0.4511     37.6743
    0.4512     37.6717
    0.4513     37.6691
    0.4514     37.6664
    0.4515     37.6638
    0.4516     37.6611
    0.4517     37.6585
    0.4518     37.6558
    0.4519     37.6532
    0.4520     37.6506
    0.4521     37.6479
    0.4522     37.6453
    0.4523     37.6426
    0.4524     37.6400
    0.4525     37.6374
    0.4526     37.6347
    0.4527     37.6321
    0.4528     37.6294
    0.4529     37.6268
    0.4530     37.6242
    0.4531     37.6215
    0.4532     37.6189
    0.4533     37.6162
    0.4534     37.6136
    0.4535     37.6109
    0.4536     37.6083
    0.4537     37.6057
    0.4538     37.6030
    0.4539     37.6004
    0.4540     37.5977
    0.4541     37.5951
    0.4542     37.5925
    0.4543     37.5898
    0.4544     37.5872
    0.4545     37.5845
    0.4546     37.5819
    0.4547     37.5792
    0.4548     37.5766
    0.4549     37.5740
    0.4550     37.5713
    0.4551     37.5687
    0.4552     37.5660
    0.4553     37.5634
    0.4554     37.5608
    0.4555     37.5581
    0.4556     37.5555
    0.4557     37.5528
    0.4558     37.5502
    0.4559     37.5475
    0.4560     37.5449
    0.4561     37.5423
    0.4562     37.5396
    0.4563     37.5370
    0.4564     37.5343
    0.4565     37.5317
    0.4566     37.5291
    0.4567     37.5264
    0.4568     37.5238
    0.4569     37.5211
    0.4570     37.5185
    0.4571     37.5158
    0.4572     37.5132
    0.4573     37.5106
    0.4574     37.5079
    0.4575     37.5053
    0.4576     37.5026
    0.4577     37.5000
    0.4579     37.4947
    0.4580     37.4921
    0.4581     37.4895
    0.4582     37.4868
    0.4583     37.4842
    0.4584     37.4816
    0.4585     37.4789
    0.4586     37.4763
    0.4587     37.4736
    0.4588     37.4710
    0.4589     37.4684
    0.4590     37.4657
    0.4591     37.4631
    0.4592     37.4605
    0.4593     37.4578
    0.4594     37.4552
    0.4595     37.4526
    0.4596     37.4499
    0.4597     37.4473
    0.4598     37.4447
    0.4599     37.4420
    0.4600     37.4394
    0.4601     37.4367
    0.4602     37.4341
    0.4603     37.4315
    0.4604     37.4288
    0.4605     37.4262
    0.4606     37.4236
    0.4607     37.4209
    0.4608     37.4183
    0.4609     37.4157
    0.4610     37.4130
    0.4611     37.4104
    0.4612     37.4078
    0.4613     37.4051
    0.4614     37.4025
    0.4615     37.3998
    0.4616     37.3972
    0.4617     37.3946
    0.4618     37.3919
    0.4619     37.3893
    0.4620     37.3867
    0.4621     37.3840
    0.4622     37.3814
    0.4623     37.3788
    0.4624     37.3761
    0.4625     37.3735
    0.4626     37.3709
    0.4627     37.3682
    0.4628     37.3656
    0.4629     37.3629
    0.4630     37.3603
    0.4631     37.3577
    0.4632     37.3550
    0.4633     37.3524
    0.4634     37.3498
    0.4635     37.3471
    0.4636     37.3445
    0.4637     37.3419
    0.4638     37.3392
    0.4639     37.3366
    0.4640     37.3340
    0.4641     37.3313
    0.4642     37.3287
    0.4643     37.3260
    0.4644     37.3234
    0.4645     37.3208
    0.4646     37.3181
    0.4647     37.3155
    0.4648     37.3129
    0.4649     37.3102
    0.4650     37.3076
    0.4651     37.3050
    0.4652     37.3023
    0.4653     37.2997
    0.4654     37.2971
    0.4655     37.2944
    0.4656     37.2918
    0.4657     37.2891
    0.4658     37.2865
    0.4659     37.2839
    0.4660     37.2812
    0.4661     37.2786
    0.4662     37.2760
    0.4663     37.2733
    0.4664     37.2707
    0.4665     37.2681
    0.4666     37.2654
    0.4667     37.2628
    0.4668     37.2602
    0.4669     37.2575
    0.4670     37.2549
    0.4671     37.2522
    0.4672     37.2496
    0.4673     37.2470
    0.4674     37.2443
    0.4675     37.2417
    0.4676     37.2391
    0.4677     37.2364
    0.4678     37.2338
    0.4679     37.2312
    0.4680     37.2285
    0.4681     37.2259
    0.4682     37.2233
    0.4683     37.2206
    0.4684     37.2180
    0.4685     37.2153
    0.4686     37.2127
    0.4687     37.2101
    0.4688     37.2074
    0.4689     37.2048
    0.4690     37.2022
    0.4691     37.1995
    0.4692     37.1969
    0.4693     37.1943
    0.4694     37.1916
    0.4695     37.1890
    0.4696     37.1864
    0.4697     37.1837
    0.4698     37.1811
    0.4699     37.1784
    0.4700     37.1758
    0.4701     37.1732
    0.4702     37.1705
    0.4703     37.1679
    0.4704     37.1653
    0.4705     37.1626
    0.4706     37.1600
    0.4708     37.1540
    0.4709     37.1510
    0.4710     37.1480
    0.4711     37.1450
    0.4712     37.1420
    0.4713     37.1390
    0.4714     37.1360
    0.4715     37.1331
    0.4716     37.1301
    0.4717     37.1271
    0.4718     37.1241
    0.4719     37.1211
    0.4720     37.1181
    0.4721     37.1151
    0.4722     37.1121
    0.4723     37.1091
    0.4724     37.1061
    0.4725     37.1031
    0.4726     37.1001
    0.4727     37.0971
    0.4728     37.0941
    0.4729     37.0911
    0.4730     37.0881
    0.4731     37.0851
    0.4732     37.0822
    0.4733     37.0792
    0.4734     37.0762
    0.4735     37.0732
    0.4736     37.0702
    0.4737     37.0672
    0.4738     37.0642
    0.4739     37.0612
    0.4740     37.0582
    0.4741     37.0552
    0.4742     37.0522
    0.4743     37.0492
    0.4744     37.0462
    0.4745     37.0432
    0.4746     37.0402
    0.4747     37.0372
    0.4748     37.0343
    0.4749     37.0313
    0.4750     37.0283
    0.4751     37.0253
    0.4752     37.0223
    0.4753     37.0193
    0.4754     37.0163
    0.4755     37.0133
    0.4756     37.0103
    0.4757     37.0073
    0.4758     37.0043
    0.4759     37.0013
    0.4760     36.9983
    0.4761     36.9953
    0.4762     36.9923
    0.4763     36.9893
    0.4764     36.9863
    0.4765     36.9834
    0.4766     36.9804
    0.4767     36.9774
    0.4768     36.9744
    0.4769     36.9714
    0.4770     36.9684
    0.4771     36.9654
    0.4772     36.9624
    0.4773     36.9594
    0.4774     36.9564
    0.4775     36.9534
    0.4776     36.9504
    0.4777     36.9474
    0.4778     36.9444
    0.4779     36.9414
    0.4780     36.9384
    0.4781     36.9354
    0.4782     36.9325
    0.4783     36.9295
    0.4784     36.9265
    0.4785     36.9235
    0.4786     36.9205
    0.4787     36.9175
    0.4788     36.9145
    0.4789     36.9115
    0.4790     36.9085
    0.4791     36.9055
    0.4792     36.9025
    0.4793     36.8995
    0.4794     36.8965
    0.4795     36.8935
    0.4796     36.8905
    0.4797     36.8875
    0.4798     36.8846
    0.4799     36.8816
    0.4800     36.8786
    0.4801     36.8756
    0.4802     36.8726
    0.4803     36.8696
    0.4804     36.8666
    0.4805     36.8636
    0.4806     36.8606
    0.4807     36.8576
    0.4808     36.8546
    0.4809     36.8516
    0.4810     36.8486
    0.4811     36.8456
    0.4812     36.8426
    0.4813     36.8396
    0.4814     36.8366
    0.4815     36.8337
    0.4816     36.8307
    0.4817     36.8277
    0.4818     36.8247
    0.4819     36.8217
    0.4820     36.8187
    0.4821     36.8157
    0.4822     36.8127
    0.4823     36.8097
    0.4824     36.8067
    0.4825     36.8037
    0.4826     36.8007
    0.4827     36.7977
    0.4828     36.7947
    0.4829     36.7917
    0.4830     36.7887
    0.4831     36.7857
    0.4832     36.7828
    0.4833     36.7798
    0.4834     36.7768
    0.4835     36.7738
    0.4836     36.7708
    0.4837     36.7678
    0.4838     36.7648
    0.4839     36.7618
    0.4840     36.7588
    0.4841     36.7558
    0.4842     36.7528
    0.4843     36.7498
    0.4844     36.7468
    0.4845     36.7438
    0.4846     36.7408
    0.4847     36.7378
    0.4848     36.7349
    0.4849     36.7319
    0.4850     36.7289
    0.4851     36.7259
    0.4852     36.7229
    0.4853     36.7199
    0.4854     36.7169
    0.4855     36.7139
    0.4856     36.7109
    0.4857     36.7079
    0.4858     36.7049
    0.4859     36.7019
    0.4860     36.6989
    0.4861     36.6959
    0.4862     36.6929
    0.4863     36.6899
    0.4864     36.6869
    0.4865     36.6840
    0.4866     36.6810
    0.4867     36.6780
    0.4868     36.6750
    0.4869     36.6720
    0.4870     36.6690
    0.4871     36.6660
    0.4872     36.6630
    0.4873     36.6600
    0.4875     36.6569
    0.4876     36.6553
    0.4877     36.6537
    0.4878     36.6521
    0.4879     36.6506
    0.4880     36.6490
    0.4881     36.6474
    0.4882     36.6459
    0.4883     36.6443
    0.4884     36.6427
    0.4885     36.6411
    0.4886     36.6396
    0.4887     36.6380
    0.4888     36.6364
    0.4889     36.6349
    0.4890     36.6333
    0.4891     36.6317
    0.4892     36.6301
    0.4893     36.6286
    0.4894     36.6270
    0.4895     36.6254
    0.4896     36.6239
    0.4897     36.6223
    0.4898     36.6207
    0.4899     36.6191
    0.4900     36.6176
    0.4901     36.6160
    0.4902     36.6144
    0.4903     36.6129
    0.4904     36.6113
    0.4905     36.6097
    0.4906     36.6081
    0.4907     36.6066
    0.4908     36.6050
    0.4909     36.6034
    0.4910     36.6019
    0.4911     36.6003
    0.4912     36.5987
    0.4913     36.5971
    0.4914     36.5956
    0.4915     36.5940
    0.4916     36.5924
    0.4917     36.5909
    0.4918     36.5893
    0.4919     36.5877
    0.4920     36.5861
    0.4921     36.5846
    0.4922     36.5830
    0.4923     36.5814
    0.4924     36.5799
    0.4925     36.5783
    0.4926     36.5767
    0.4927     36.5751
    0.4928     36.5736
    0.4929     36.5720
    0.4930     36.5704
    0.4931     36.5689
    0.4932     36.5673
    0.4933     36.5657
    0.4934     36.5641
    0.4935     36.5626
    0.4936     36.5610
    0.4937     36.5594
    0.4938     36.5579
    0.4939     36.5563
    0.4940     36.5547
    0.4941     36.5531
    0.4942     36.5516
    0.4943     36.5500
    0.4944     36.5484
    0.4945     36.5469
    0.4946     36.5453
    0.4947     36.5437
    0.4948     36.5421
    0.4949     36.5406
    0.4950     36.5390
    0.4951     36.5374
    0.4952     36.5359
    0.4953     36.5343
    0.4954     36.5327
    0.4955     36.5311
    0.4956     36.5296
    0.4957     36.5280
    0.4958     36.5264
    0.4959     36.5249
    0.4960     36.5233
    0.4961     36.5217
    0.4962     36.5201
    0.4963     36.5186
    0.4964     36.5170
    0.4965     36.5154
    0.4966     36.5139
    0.4967     36.5123
    0.4968     36.5107
    0.4969     36.5091
    0.4970     36.5076
    0.4971     36.5060
    0.4972     36.5044
    0.4973     36.5029
    0.4974     36.5013
    0.4975     36.4997
    0.4976     36.4981
    0.4977     36.4966
    0.4978     36.4950
    0.4979     36.4934
    0.4980     36.4919
    0.4981     36.4903
    0.4982     36.4887
    0.4983     36.4871
    0.4984     36.4856
    0.4985     36.4840
    0.4986     36.4824
    0.4987     36.4809
    0.4988     36.4793
    0.4989     36.4777
    0.4990     36.4761
    0.4991     36.4746
    0.4992     36.4730
    0.4993     36.4714
    0.4994     36.4699
    0.4995     36.4683
    0.4996     36.4667
    0.4997     36.4651
    0.4998     36.4636
    0.4999     36.4620
    0.5000     36.4604
    0.5001     36.4589
    0.5002     36.4573
    0.5003     36.4557
    0.5004     36.4541
    0.5005     36.4526
    0.5006     36.4510
    0.5007     36.4494
    0.5008     36.4479
    0.5009     36.4463
    0.5010     36.4447
    0.5011     36.4431
    0.5012     36.4416
    0.5013     36.4400
    0.5015     36.4368
    0.5016     36.4352
    0.5017     36.4336
    0.5018     36.4320
    0.5019     36.4304
    0.5020     36.4288
    0.5021     36.4271
    0.5022     36.4255
    0.5023     36.4239
    0.5024     36.4223
    0.5025     36.4207
    0.5026     36.4191
    0.5027     36.4175
    0.5028     36.4159
    0.5029     36.4143
    0.5030     36.4127
    0.5031     36.4111
    0.5032     36.4095
    0.5033     36.4079
    0.5034     36.4063
    0.5035     36.4046
    0.5036     36.4030
    0.5037     36.4014
    0.5038     36.3998
    0.5039     36.3982
    0.5040     36.3966
    0.5041     36.3950
    0.5042     36.3934
    0.5043     36.3918
    0.5044     36.3902
    0.5045     36.3886
    0.5046     36.3870
    0.5047     36.3854
    0.5048     36.3838
    0.5049     36.3821
    0.5050     36.3805
    0.5051     36.3789
    0.5052     36.3773
    0.5053     36.3757
    0.5054     36.3741
    0.5055     36.3725
    0.5056     36.3709
    0.5057     36.3693
    0.5058     36.3677
    0.5059     36.3661
    0.5060     36.3645
    0.5061     36.3629
    0.5062     36.3613
    0.5063     36.3596
    0.5064     36.3580
    0.5065     36.3564
    0.5066     36.3548
    0.5067     36.3532
    0.5068     36.3516
    0.5069     36.3500
    0.5070     36.3484
    0.5071     36.3468
    0.5072     36.3452
    0.5073     36.3436
    0.5074     36.3420
    0.5075     36.3404
    0.5076     36.3388
    0.5077     36.3371
    0.5078     36.3355
    0.5079     36.3339
    0.5080     36.3323
    0.5081     36.3307
    0.5082     36.3291
    0.5083     36.3275
    0.5084     36.3259
    0.5085     36.3243
    0.5086     36.3227
    0.5087     36.3211
    0.5088     36.3195
    0.5089     36.3179
    0.5090     36.3163
    0.5091     36.3146
    0.5092     36.3130
    0.5093     36.3114
    0.5094     36.3098
    0.5095     36.3082
    0.5096     36.3066
    0.5097     36.3050
    0.5098     36.3034
    0.5099     36.3018
    0.5100     36.3002
    0.5101     36.2986
    0.5102     36.2970
    0.5103     36.2954
    0.5104     36.2938
    0.5105     36.2921
    0.5106     36.2905
    0.5107     36.2889
    0.5108     36.2873
    0.5109     36.2857
    0.5110     36.2841
    0.5111     36.2825
    0.5112     36.2809
    0.5113     36.2793
    0.5114     36.2777
    0.5115     36.2761
    0.5116     36.2745
    0.5117     36.2729
    0.5118     36.2713
    0.5119     36.2696
    0.5120     36.2680
    0.5121     36.2664
    0.5122     36.2648
    0.5123     36.2632
    0.5124     36.2616
    0.5125     36.2600
    0.5127     36.2579
    0.5128     36.2569
    0.5129     36.2558
    0.5130     36.2548
    0.5131     36.2538
    0.5132     36.2527
    0.5133     36.2517
    0.5134     36.2507
    0.5135     36.2496
    0.5136     36.2486
    0.5137     36.2475
    0.5138     36.2465
    0.5139     36.2455
    0.5140     36.2444
    0.5141     36.2434
    0.5142     36.2424
    0.5143     36.2413
    0.5144     36.2403
    0.5145     36.2392
    0.5146     36.2382
    0.5147     36.2372
    0.5148     36.2361
    0.5149     36.2351
    0.5150     36.2341
    0.5151     36.2330
    0.5152     36.2320
    0.5153     36.2309
    0.5154     36.2299
    0.5155     36.2289
    0.5156     36.2278
    0.5157     36.2268
    0.5158     36.2258
    0.5159     36.2247
    0.5160     36.2237
    0.5161     36.2226
    0.5162     36.2216
    0.5163     36.2206
    0.5164     36.2195
    0.5165     36.2185
    0.5166     36.2175
    0.5167     36.2164
    0.5168     36.2154
    0.5169     36.2143
    0.5170     36.2133
    0.5171     36.2123
    0.5172     36.2112
    0.5173     36.2102
    0.5174     36.2092
    0.5175     36.2081
    0.5176     36.2071
    0.5177     36.2060
    0.5178     36.2050
    0.5179     36.2040
    0.5180     36.2029
    0.5181     36.2019
    0.5182     36.2008
    0.5183     36.1998
    0.5184     36.1988
    0.5185     36.1977
    0.5186     36.1967
    0.5187     36.1957
    0.5188     36.1946
    0.5189     36.1936
    0.5190     36.1925
    0.5191     36.1915
    0.5192     36.1905
    0.5193     36.1894
    0.5194     36.1884
    0.5195     36.1874
    0.5196     36.1863
    0.5197     36.1853
    0.5198     36.1842
    0.5199     36.1832
    0.5200     36.1822
    0.5201     36.1811
    0.5202     36.1801
    0.5203     36.1791
    0.5204     36.1780
    0.5205     36.1770
    0.5206     36.1759
    0.5207     36.1749
    0.5208     36.1739
    0.5209     36.1728
    0.5210     36.1718
    0.5211     36.1708
    0.5212     36.1697
    0.5213     36.1687
    0.5214     36.1676
    0.5215     36.1666
    0.5216     36.1656
    0.5217     36.1645
    0.5218     36.1635
    0.5219     36.1625
    0.5220     36.1614
    0.5221     36.1604
    0.5222     36.1593
    0.5223     36.1583
    0.5224     36.1573
    0.5225     36.1562
    0.5226     36.1552
    0.5227     36.1542
    0.5228     36.1531
    0.5229     36.1521
    0.5230     36.1510
    0.5231     36.1500
    0.5233     36.1466
    0.5234     36.1449
    0.5235     36.1431
    0.5236     36.1414
    0.5237     36.1397
    0.5238     36.1380
    0.5239     36.1363
    0.5240     36.1346
    0.5241     36.1328
    0.5242     36.1311
    0.5243     36.1294
    0.5244     36.1277
    0.5245     36.1260
    0.5246     36.1243
    0.5247     36.1225
    0.5248     36.1208
    0.5249     36.1191
    0.5250     36.1174
    0.5251     36.1157
    0.5252     36.1140
    0.5253     36.1122
    0.5254     36.1105
    0.5255     36.1088
    0.5256     36.1071
    0.5257     36.1054
    0.5258     36.1037
    0.5259     36.1019
    0.5260     36.1002
    0.5261     36.0985
    0.5262     36.0968
    0.5263     36.0951
    0.5264     36.0934
    0.5265     36.0916
    0.5266     36.0899
    0.5267     36.0882
    0.5268     36.0865
    0.5269     36.0848
    0.5270     36.0831
    0.5271     36.0813
    0.5272     36.0796
    0.5273     36.0779
    0.5274     36.0762
    0.5275     36.0745
    0.5276     36.0728
    0.5277     36.0710
    0.5278     36.0693
    0.5279     36.0676
    0.5280     36.0659
    0.5281     36.0642
    0.5282     36.0625
    0.5283     36.0607
    0.5284     36.0590
    0.5285     36.0573
    0.5286     36.0556
    0.5287     36.0539
    0.5288     36.0522
    0.5289     36.0504
    0.5290     36.0487
    0.5291     36.0470
    0.5292     36.0453
    0.5293     36.0436
    0.5294     36.0419
    0.5295     36.0401
    0.5296     36.0384
    0.5297     36.0367
    0.5298     36.0350
    0.5299     36.0333
    0.5300     36.0316
    0.5301     36.0299
    0.5302     36.0281
    0.5303     36.0264
    0.5304     36.0247
    0.5305     36.0230
    0.5306     36.0213
    0.5307     36.0196
    0.5308     36.0178
    0.5309     36.0161
    0.5310     36.0144
    0.5311     36.0127
    0.5312     36.0110
    0.5313     36.0093
    0.5314     36.0075
    0.5315     36.0058
    0.5316     36.0041
    0.5317     36.0024
    0.5318     36.0007
    0.5319     35.9990
    0.5320     35.9972
    0.5321     35.9955
    0.5322     35.9938
    0.5323     35.9921
    0.5324     35.9904
    0.5325     35.9887
    0.5326     35.9869
    0.5327     35.9852
    0.5328     35.9835
    0.5329     35.9818
    0.5330     35.9801
    0.5331     35.9784
    0.5332     35.9766
    0.5333     35.9749
    0.5334     35.9732
    0.5335     35.9715
    0.5336     35.9698
    0.5337     35.9681
    0.5338     35.9663
    0.5339     35.9646
    0.5340     35.9629
    0.5341     35.9612
    0.5342     35.9595
    0.5343     35.9578
    0.5344     35.9560
    0.5345     35.9543
    0.5346     35.9526
    0.5347     35.9509
    0.5348     35.9492
    0.5349     35.9475
    0.5350     35.9457
    0.5351     35.9440
    0.5352     35.9423
    0.5353     35.9406
    0.5354     35.9389
    0.5355     35.9372
    0.5356     35.9354
    0.5357     35.9337
    0.5358     35.9320
    0.5359     35.9303
    0.5360     35.9286
    0.5361     35.9269
    0.5362     35.9251
    0.5363     35.9234
    0.5364     35.9217
    0.5365     35.9200
    0.5367     35.9185
    0.5368     35.9177
    0.5369     35.9169
    0.5370     35.9162
    0.5371     35.9154
    0.5372     35.9146
    0.5373     35.9139
    0.5374     35.9131
    0.5375     35.9124
    0.5376     35.9116
    0.5377     35.9108
    0.5378     35.9101
    0.5379     35.9093
    0.5380     35.9085
    0.5381     35.9078
    0.5382     35.9070
    0.5383     35.9062
    0.5384     35.9055
    0.5385     35.9047
    0.5386     35.9039
    0.5387     35.9032
    0.5388     35.9024
    0.5389     35.9017
    0.5390     35.9009
    0.5391     35.9001
    0.5392     35.8994
    0.5393     35.8986
    0.5394     35.8978
    0.5395     35.8971
    0.5396     35.8963
    0.5397     35.8955
    0.5398     35.8948
    0.5399     35.8940
    0.5400     35.8932
    0.5401     35.8925
    0.5402     35.8917
    0.5403     35.8910
    0.5404     35.8902
    0.5405     35.8894
    0.5406     35.8887
    0.5407     35.8879
    0.5408     35.8871
    0.5409     35.8864
    0.5410     35.8856
    0.5411     35.8848
    0.5412     35.8841
    0.5413     35.8833
    0.5414     35.8825
    0.5415     35.8818
    0.5416     35.8810
    0.5417     35.8803
    0.5418     35.8795
    0.5419     35.8787
    0.5420     35.8780
    0.5421     35.8772
    0.5422     35.8764
    0.5423     35.8757
    0.5424     35.8749
    0.5425     35.8741
    0.5426     35.8734
    0.5427     35.8726
    0.5428     35.8718
    0.5429     35.8711
    0.5430     35.8703
    0.5431     35.8696
    0.5432     35.8688
    0.5433     35.8680
    0.5434     35.8673
    0.5435     35.8665
    0.5436     35.8657
    0.5437     35.8650
    0.5438     35.8642
    0.5439     35.8634
    0.5440     35.8627
    0.5441     35.8619
    0.5442     35.8611
    0.5443     35.8604
    0.5444     35.8596
    0.5445     35.8589
    0.5446     35.8581
    0.5447     35.8573
    0.5448     35.8566
    0.5449     35.8558
    0.5450     35.8550
    0.5451     35.8543
    0.5452     35.8535
    0.5453     35.8527
    0.5454     35.8520
    0.5455     35.8512
    0.5456     35.8504
    0.5457     35.8497
    0.5458     35.8489
    0.5459     35.8482
    0.5460     35.8474
    0.5461     35.8466
    0.5462     35.8459
    0.5463     35.8451
    0.5464     35.8443
    0.5465     35.8436
    0.5466     35.8428
    0.5467     35.8420
    0.5468     35.8413
    0.5469     35.8405
    0.5470     35.8397
    0.5471     35.8390
    0.5472     35.8382
    0.5473     35.8375
    0.5474     35.8367
    0.5475     35.8359
    0.5476     35.8352
    0.5477     35.8344
    0.5478     35.8336
    0.5479     35.8329
    0.5480     35.8321
    0.5481     35.8313
    0.5482     35.8306
    0.5483     35.8298
    0.5484     35.8290
    0.5485     35.8283
    0.5486     35.8275
    0.5487     35.8268
    0.5488     35.8260
    0.5489     35.8252
    0.5490     35.8245
    0.5491     35.8237
    0.5492     35.8229
    0.5493     35.8222
    0.5494     35.8214
    0.5495     35.8206
    0.5496     35.8199
    0.5497     35.8191
    0.5498     35.8183
    0.5499     35.8176
    0.5500     35.8168
    0.5501     35.8161
    0.5502     35.8153
    0.5503     35.8145
    0.5504     35.8138
    0.5505     35.8130
    0.5506     35.8122
    0.5507     35.8115
    0.5508     35.8107
    0.5509     35.8099
    0.5510     35.8092
    0.5511     35.8084
    0.5512     35.8076
    0.5513     35.8069
    0.5514     35.8061
    0.5515     35.8054
    0.5516     35.8046
    0.5517     35.8038
    0.5518     35.8031
    0.5519     35.8023
    0.5520     35.8015
    0.5521     35.8008
    0.5522     35.8000
    0.5524     35.7970
    0.5525     35.7955
    0.5526     35.7940
    0.5527     35.7925
    0.5528     35.7910
    0.5529     35.7895
    0.5530     35.7879
    0.5531     35.7864
    0.5532     35.7849
    0.5533     35.7834
    0.5534     35.7819
    0.5535     35.7804
    0.5536     35.7789
    0.5537     35.7774
    0.5538     35.7759
    0.5539     35.7744
    0.5540     35.7729
    0.5541     35.7714
    0.5542     35.7699
    0.5543     35.7684
    0.5544     35.7668
    0.5545     35.7653
    0.5546     35.7638
    0.5547     35.7623
    0.5548     35.7608
    0.5549     35.7593
    0.5550     35.7578
    0.5551     35.7563
    0.5552     35.7548
    0.5553     35.7533
    0.5554     35.7518
    0.5555     35.7503
    0.5556     35.7488
    0.5557     35.7473
    0.5558     35.7458
    0.5559     35.7442
    0.5560     35.7427
    0.5561     35.7412
    0.5562     35.7397
    0.5563     35.7382
    0.5564     35.7367
    0.5565     35.7352
    0.5566     35.7337
    0.5567     35.7322
    0.5568     35.7307
    0.5569     35.7292
    0.5570     35.7277
    0.5571     35.7262
    0.5572     35.7247
    0.5573     35.7232
    0.5574     35.7216
    0.5575     35.7201
    0.5576     35.7186
    0.5577     35.7171
    0.5578     35.7156
    0.5579     35.7141
    0.5580     35.7126
    0.5581     35.7111
    0.5582     35.7096
    0.5583     35.7081
    0.5584     35.7066
    0.5585     35.7051
    0.5586     35.7036
    0.5587     35.7021
    0.5588     35.7005
    0.5589     35.6990
    0.5590     35.6975
    0.5591     35.6960
    0.5592     35.6945
    0.5593     35.6930
    0.5594     35.6915
    0.5595     35.6900
    0.5596     35.6885
    0.5597     35.6870
    0.5598     35.6855
    0.5599     35.6840
    0.5600     35.6825
    0.5601     35.6810
    0.5602     35.6795
    0.5603     35.6779
    0.5604     35.6764
    0.5605     35.6749
    0.5606     35.6734
    0.5607     35.6719
    0.5608     35.6704
    0.5609     35.6689
    0.5610     35.6674
    0.5611     35.6659
    0.5612     35.6644
    0.5613     35.6629
    0.5614     35.6614
    0.5615     35.6599
    0.5616     35.6584
    0.5617     35.6568
    0.5618     35.6553
    0.5619     35.6538
    0.5620     35.6523
    0.5621     35.6508
    0.5622     35.6493
    0.5623     35.6478
    0.5624     35.6463
    0.5625     35.6448
    0.5626     35.6433
    0.5627     35.6418
    0.5628     35.6403
    0.5629     35.6388
    0.5630     35.6373
    0.5631     35.6358
    0.5632     35.6342
    0.5633     35.6327
    0.5634     35.6312
    0.5635     35.6297
    0.5636     35.6282
    0.5637     35.6267
    0.5638     35.6252
    0.5639     35.6237
    0.5640     35.6222
    0.5641     35.6207
    0.5642     35.6192
    0.5643     35.6177
    0.5644     35.6162
    0.5645     35.6147
    0.5646     35.6132
    0.5647     35.6116
    0.5648     35.6101
    0.5649     35.6086
    0.5650     35.6071
    0.5651     35.6056
    0.5652     35.6041
    0.5653     35.6026
    0.5654     35.6011
    0.5655     35.5996
    0.5656     35.5981
    0.5657     35.5966
    0.5658     35.5951
    0.5659     35.5936
    0.5660     35.5921
    0.5661     35.5905
    0.5662     35.5890
    0.5663     35.5875
    0.5664     35.5860
    0.5665     35.5845
    0.5666     35.5830
    0.5667     35.5815
    0.5668     35.5800
    0.5669     35.5785
    0.5670     35.5770
    0.5671     35.5755
    0.5672     35.5740
    0.5673     35.5725
    0.5674     35.5710
    0.5675     35.5695
    0.5676     35.5679
    0.5677     35.5664
    0.5678     35.5649
    0.5679     35.5634
    0.5680     35.5619
    0.5681     35.5604
    0.5682     35.5589
    0.5683     35.5574
    0.5684     35.5559
    0.5685     35.5544
    0.5686     35.5529
    0.5687     35.5514
    0.5688     35.5499
    0.5689     35.5484
    0.5690     35.5468
    0.5691     35.5453
    0.5692     35.5438
    0.5693     35.5423
    0.5694     35.5408
    0.5695     35.5393
    0.5696     35.5378
    0.5697     35.5363
    0.5698     35.5348
    0.5699     35.5333
    0.5700     35.5318
    0.5701     35.5303
    0.5702     35.5288
    0.5703     35.5273
    0.5704     35.5258
    0.5705     35.5242
    0.5706     35.5227
    0.5707     35.5212
    0.5708     35.5197
    0.5709     35.5182
    0.5710     35.5167
    0.5711     35.5152
    0.5712     35.5137
    0.5713     35.5122
    0.5714     35.5107
    0.5715     35.5092
    0.5716     35.5077
    0.5717     35.5062
    0.5718     35.5047
    0.5719     35.5032
    0.5720     35.5016
    0.5721     35.5001
    0.5722     35.4986
    0.5723     35.4971
    0.5724     35.4956
    0.5725     35.4941
    0.5726     35.4926
    0.5727     35.4911
    0.5728     35.4896
    0.5729     35.4881
    0.5730     35.4866
    0.5731     35.4851
    0.5732     35.4836
    0.5733     35.4821
    0.5734     35.4805
    0.5735     35.4790
    0.5736     35.4775
    0.5737     35.4760
    0.5738     35.4745
    0.5739     35.4730
    0.5740     35.4715
    0.5741     35.4700
    0.5742     35.4685
    0.5743     35.4670
    0.5744     35.4655
    0.5745     35.4640
    0.5746     35.4625
    0.5747     35.4610
    0.5748     35.4595
    0.5749     35.4579
    0.5750     35.4564
    0.5751     35.4549
    0.5752     35.4534
    0.5753     35.4519
    0.5754     35.4504
    0.5755     35.4489
    0.5756     35.4474
    0.5757     35.4459
    0.5758     35.4444
    0.5759     35.4429
    0.5760     35.4414
    0.5761     35.4399
    0.5762     35.4384
    0.5763     35.4368
    0.5764     35.4353
    0.5765     35.4338
    0.5766     35.4323
    0.5767     35.4308
    0.5768     35.4293
    0.5769     35.4278
    0.5770     35.4263
    0.5771     35.4248
    0.5772     35.4233
    0.5773     35.4218
    0.5774     35.4203
    0.5775     35.4188
    0.5776     35.4173
    0.5777     35.4158
    0.5778     35.4142
    0.5779     35.4127
    0.5780     35.4112
    0.5781     35.4097
    0.5782     35.4082
    0.5783     35.4067
    0.5784     35.4052
    0.5785     35.4037
    0.5786     35.4022
    0.5787     35.4007
    0.5788     35.3992
    0.5789     35.3977
    0.5790     35.3962
    0.5791     35.3947
    0.5792     35.3932
    0.5793     35.3916
    0.5794     35.3901
    0.5795     35.3886
    0.5796     35.3871
    0.5797     35.3856
    0.5798     35.3841
    0.5799     35.3826
    0.5800     35.3811
    0.5801     35.3796
    0.5802     35.3781
    0.5803     35.3766
    0.5804     35.3751
    0.5805     35.3736
    0.5806     35.3721
    0.5807     35.3705
    0.5808     35.3690
    0.5809     35.3675
    0.5810     35.3660
    0.5811     35.3645
    0.5812     35.3630
    0.5813     35.3615
    0.5814     35.3600
    0.5815     35.3585
    0.5816     35.3570
    0.5817     35.3555
    0.5818     35.3540
    0.5819     35.3525
    0.5820     35.3510
    0.5821     35.3495
    0.5822     35.3479
    0.5823     35.3464
    0.5824     35.3449
    0.5825     35.3434
    0.5826     35.3419
    0.5827     35.3404
    0.5828     35.3389
    0.5829     35.3374
    0.5830     35.3359
    0.5831     35.3344
    0.5832     35.3329
    0.5833     35.3314
    0.5834     35.3299
    0.5835     35.3284
    0.5836     35.3268
    0.5837     35.3253
    0.5838     35.3238
    0.5839     35.3223
    0.5840     35.3208
    0.5841     35.3193
    0.5842     35.3178
    0.5843     35.3163
    0.5844     35.3148
    0.5845     35.3133
    0.5846     35.3118
    0.5847     35.3103
    0.5848     35.3088
    0.5849     35.3073
    0.5850     35.3058
    0.5851     35.3042
    0.5852     35.3027
    0.5853     35.3012
    0.5854     35.2997
    0.5855     35.2982
    0.5856     35.2967
    0.5857     35.2952
    0.5858     35.2937
    0.5859     35.2922
    0.5860     35.2907
    0.5861     35.2892
    0.5862     35.2877
    0.5863     35.2862
    0.5864     35.2847
    0.5865     35.2832
    0.5866     35.2816
    0.5867     35.2801
    0.5868     35.2786
    0.5869     35.2771
    0.5870     35.2756
    0.5871     35.2741
    0.5872     35.2726
    0.5873     35.2711
    0.5874     35.2696
    0.5875     35.2681
    0.5876     35.2666
    0.5877     35.2651
    0.5878     35.2636
    0.5879     35.2621
    0.5880     35.2605
    0.5881     35.2590
    0.5882     35.2575
    0.5883     35.2560
    0.5884     35.2545
    0.5885     35.2530
    0.5886     35.2515
    0.5887     35.2500
    0.5888     35.2485
    0.5889     35.2470
    0.5890     35.2455
    0.5891     35.2440
    0.5892     35.2425
    0.5893     35.2410
    0.5894     35.2395
    0.5895     35.2379
    0.5896     35.2364
    0.5897     35.2349
    0.5898     35.2334
    0.5899     35.2319
    0.5900     35.2304
    0.5901     35.2289
    0.5902     35.2274
    0.5903     35.2259
    0.5904     35.2244
    0.5905     35.2229
    0.5906     35.2214
    0.5907     35.2199
    0.5908     35.2184
    0.5909     35.2168
    0.5910     35.2153
    0.5911     35.2138
    0.5912     35.2123
    0.5913     35.2108
    0.5914     35.2093
    0.5915     35.2078
    0.5916     35.2063
    0.5917     35.2048
    0.5918     35.2033
    0.5919     35.2018
    0.5920     35.2003
    0.5921     35.1988
    0.5922     35.1973
    0.5923     35.1958
    0.5924     35.1942
    0.5925     35.1927
    0.5926     35.1912
    0.5927     35.1897
    0.5928     35.1882
    0.5929     35.1867
    0.5930     35.1852
    0.5931     35.1837
    0.5932     35.1822
    0.5933     35.1807
    0.5934     35.1792
    0.5935     35.1777
    0.5936     35.1762
    0.5937     35.1747
    0.5938     35.1732
    0.5939     35.1716
    0.5940     35.1701
    0.5941     35.1686
    0.5942     35.1671
    0.5943     35.1656
    0.5944     35.1641
    0.5945     35.1626
    0.5946     35.1611
    0.5947     35.1596
    0.5948     35.1581
    0.5949     35.1566
    0.5950     35.1551
    0.5951     35.1536
    0.5952     35.1521
    0.5953     35.1505
    0.5954     35.1490
    0.5955     35.1475
    0.5956     35.1460
    0.5957     35.1445
    0.5958     35.1430
    0.5959     35.1415
    0.5960     35.1400
    0.5961     35.1385
    0.5962     35.1370
    0.5963     35.1355
    0.5964     35.1340
    0.5965     35.1325
    0.5966     35.1310
    0.5967     35.1295
    0.5968     35.1279
    0.5969     35.1264
    0.5970     35.1249
    0.5971     35.1234
    0.5972     35.1219
    0.5973     35.1204
    0.5974     35.1189
    0.5975     35.1174
    0.5976     35.1159
    0.5977     35.1144
    0.5978     35.1129
    0.5979     35.1114
    0.5980     35.1099
    0.5981     35.1084
    0.5982     35.1068
    0.5983     35.1053
    0.5984     35.1038
    0.5985     35.1023
    0.5986     35.1008
    0.5987     35.0993
    0.5988     35.0978
    0.5989     35.0963
    0.5990     35.0948
    0.5991     35.0933
    0.5992     35.0918
    0.5993     35.0903
    0.5994     35.0888
    0.5995     35.0873
    0.5996     35.0858
    0.5997     35.0842
    0.5998     35.0827
    0.5999     35.0812
    0.6000     35.0797
    0.6001     35.0782
    0.6002     35.0767
    0.6003     35.0752
    0.6004     35.0737
    0.6005     35.0722
    0.6006     35.0707
    0.6007     35.0692
    0.6008     35.0677
    0.6009     35.0662
    0.6010     35.0647
    0.6011     35.0632
    0.6012     35.0616
    0.6013     35.0601
    0.6014     35.0586
    0.6015     35.0571
    0.6016     35.0556
    0.6017     35.0541
    0.6018     35.0526
    0.6019     35.0511
    0.6020     35.0496
    0.6021     35.0481
    0.6022     35.0466
    0.6023     35.0451
    0.6024     35.0436
    0.6025     35.0421
    0.6026     35.0405
    0.6027     35.0390
    0.6028     35.0375
    0.6029     35.0360
    0.6030     35.0345
    0.6031     35.0330
    0.6032     35.0315
    0.6033     35.0300
    0.6034     35.0285
    0.6035     35.0270
    0.6036     35.0255
    0.6037     35.0240
    0.6038     35.0225
    0.6039     35.0210
    0.6040     35.0195
    0.6041     35.0179
    0.6042     35.0164
    0.6043     35.0149
    0.6044     35.0134
    0.6045     35.0119
    0.6046     35.0104
    0.6047     35.0089
    0.6048     35.0074
    0.6049     35.0059
    0.6050     35.0044
    0.6051     35.0029
    0.6052     35.0014
    0.6053     34.9999
    0.6054     34.9984
    0.6055     34.9968
    0.6056     34.9953
    0.6057     34.9938
    0.6058     34.9923
    0.6059     34.9908
    0.6060     34.9893
    0.6061     34.9878
    0.6062     34.9863
    0.6063     34.9848
    0.6064     34.9833
    0.6065     34.9818
    0.6066     34.9803
    0.6067     34.9788
    0.6068     34.9773
    0.6069     34.9758
    0.6070     34.9742
    0.6071     34.9727
    0.6072     34.9712
    0.6073     34.9697
    0.6074     34.9682
    0.6075     34.9667
    0.6076     34.9652
    0.6077     34.9637
    0.6078     34.9622
    0.6079     34.9607
    0.6080     34.9592
    0.6081     34.9577
    0.6082     34.9562
    0.6083     34.9547
    0.6084     34.9532
    0.6085     34.9516
    0.6086     34.9501
    0.6087     34.9486
    0.6088     34.9471
    0.6089     34.9456
    0.6090     34.9441
    0.6091     34.9426
    0.6092     34.9411
    0.6093     34.9396
    0.6094     34.9381
    0.6095     34.9366
    0.6096     34.9351
    0.6097     34.9336
    0.6098     34.9321
    0.6099     34.9305
    0.6100     34.9290
    0.6101     34.9275
    0.6102     34.9260
    0.6103     34.9245
    0.6104     34.9230
    0.6105     34.9215
    0.6106     34.9200
    0.6107     34.9185
    0.6108     34.9170
    0.6109     34.9155
    0.6110     34.9140
    0.6111     34.9125
    0.6112     34.9110
    0.6113     34.9095
    0.6114     34.9079
    0.6115     34.9064
    0.6116     34.9049
    0.6117     34.9034
    0.6118     34.9019
    0.6119     34.9004
    0.6120     34.8989
    0.6121     34.8974
    0.6122     34.8959
    0.6123     34.8944
    0.6124     34.8929
    0.6125     34.8914
    0.6126     34.8899
    0.6127     34.8884
    0.6128     34.8868
    0.6129     34.8853
    0.6130     34.8838
    0.6131     34.8823
    0.6132     34.8808
    0.6133     34.8793
    0.6134     34.8778
    0.6135     34.8763
    0.6136     34.8748
    0.6137     34.8733
    0.6138     34.8718
    0.6139     34.8703
    0.6140     34.8688
    0.6141     34.8673
    0.6142     34.8658
    0.6143     34.8642
    0.6144     34.8627
    0.6145     34.8612
    0.6146     34.8597
    0.6147     34.8582
    0.6148     34.8567
    0.6149     34.8552
    0.6150     34.8537
    0.6151     34.8522
    0.6152     34.8507
    0.6153     34.8492
    0.6154     34.8477
    0.6155     34.8462
    0.6156     34.8447
    0.6157     34.8432
    0.6158     34.8416
    0.6159     34.8401
    0.6160     34.8386
    0.6161     34.8371
    0.6162     34.8356
    0.6163     34.8341
    0.6164     34.8326
    0.6165     34.8311
    0.6166     34.8296
    0.6167     34.8281
    0.6168     34.8266
    0.6169     34.8251
    0.6170     34.8236
    0.6171     34.8221
    0.6172     34.8205
    0.6173     34.8190
    0.6174     34.8175
    0.6175     34.8160
    0.6176     34.8145
    0.6177     34.8130
    0.6178     34.8115
    0.6179     34.8100
    0.6180     34.8085
    0.6181     34.8070
    0.6182     34.8055
    0.6183     34.8040
    0.6184     34.8025
    0.6185     34.8010
    0.6186     34.7995
    0.6187     34.7979
    0.6188     34.7964
    0.6189     34.7949
    0.6190     34.7934
    0.6191     34.7919
    0.6192     34.7904
    0.6193     34.7889
    0.6194     34.7874
    0.6195     34.7859
    0.6196     34.7844
    0.6197     34.7829
    0.6198     34.7814
    0.6199     34.7799
    0.6200     34.7784
    0.6201     34.7768
    0.6202     34.7753
    0.6203     34.7738
    0.6204     34.7723
    0.6205     34.7708
    0.6206     34.7693
    0.6207     34.7678
    0.6208     34.7663
    0.6209     34.7648
    0.6210     34.7633
    0.6211     34.7618
    0.6212     34.7603
    0.6213     34.7588
    0.6214     34.7573
    0.6215     34.7558
    0.6216     34.7542
    0.6217     34.7527
    0.6218     34.7512
    0.6219     34.7497
    0.6220     34.7482
    0.6221     34.7467
    0.6222     34.7452
    0.6223     34.7437
    0.6224     34.7422
    0.6225     34.7407
    0.6226     34.7392
    0.6227     34.7377
    0.6228     34.7362
    0.6229     34.7347
    0.6230     34.7332
    0.6231     34.7316
    0.6232     34.7301
    0.6233     34.7286
    0.6234     34.7271
    0.6235     34.7256
    0.6236     34.7241
    0.6237     34.7226
    0.6238     34.7211
    0.6239     34.7196
    0.6240     34.7181
    0.6241     34.7166
    0.6242     34.7151
    0.6243     34.7136
    0.6244     34.7121
    0.6245     34.7105
    0.6246     34.7090
    0.6247     34.7075
    0.6248     34.7060
    0.6249     34.7045
    0.6250     34.7030
    0.6251     34.7015
    0.6252     34.7000
    0.6253     34.6985
    0.6254     34.6970
    0.6255     34.6955
    0.6256     34.6940
    0.6257     34.6925
    0.6258     34.6910
    0.6259     34.6895
    0.6260     34.6879
    0.6261     34.6864
    0.6262     34.6849
    0.6263     34.6834
    0.6264     34.6819
    0.6265     34.6804
    0.6266     34.6789
    0.6267     34.6774
    0.6268     34.6759
    0.6269     34.6744
    0.6270     34.6729
    0.6271     34.6714
    0.6272     34.6699
    0.6273     34.6684
    0.6274     34.6668
    0.6275     34.6653
    0.6276     34.6638
    0.6277     34.6623
    0.6278     34.6608
    0.6279     34.6593
    0.6280     34.6578
    0.6281     34.6563
    0.6282     34.6548
    0.6283     34.6533
    0.6284     34.6518
    0.6285     34.6503
    0.6286     34.6488
    0.6287     34.6473
    0.6288     34.6458
    0.6289     34.6442
    0.6290     34.6427
    0.6291     34.6412
    0.6292     34.6397
    0.6293     34.6382
    0.6294     34.6367
    0.6295     34.6352
    0.6296     34.6337
    0.6297     34.6322
    0.6298     34.6307
    0.6299     34.6292
    0.6300     34.6277
    0.6301     34.6262
    0.6302     34.6247
    0.6303     34.6232
    0.6304     34.6216
    0.6305     34.6201
    0.6306     34.6186
    0.6307     34.6171
    0.6308     34.6156
    0.6309     34.6141
    0.6310     34.6126
    0.6311     34.6111
    0.6312     34.6096
    0.6313     34.6081
    0.6314     34.6066
    0.6315     34.6051
    0.6316     34.6036
    0.6317     34.6021
    0.6318     34.6005
    0.6319     34.5990
    0.6320     34.5975
    0.6321     34.5960
    0.6322     34.5945
    0.6323     34.5930
    0.6324     34.5915
    0.6325     34.5900
    0.6326     34.5885
    0.6327     34.5870
    0.6328     34.5855
    0.6329     34.5840
    0.6330     34.5825
    0.6331     34.5810
    0.6332     34.5795
    0.6333     34.5779
    0.6334     34.5764
    0.6335     34.5749
    0.6336     34.5734
    0.6337     34.5719
    0.6338     34.5704
    0.6339     34.5689
    0.6340     34.5674
    0.6341     34.5659
    0.6342     34.5644
    0.6343     34.5629
    0.6344     34.5614
    0.6345     34.5599
    0.6346     34.5584
    0.6347     34.5568
    0.6348     34.5553
    0.6349     34.5538
    0.6350     34.5523
    0.6351     34.5508
    0.6352     34.5493
    0.6353     34.5478
    0.6354     34.5463
    0.6355     34.5448
    0.6356     34.5433
    0.6357     34.5418
    0.6358     34.5403
    0.6359     34.5388
    0.6360     34.5373
    0.6361     34.5358
    0.6362     34.5342
    0.6363     34.5327
    0.6364     34.5312
    0.6365     34.5297
    0.6366     34.5282
    0.6367     34.5267
    0.6368     34.5252
    0.6369     34.5237
    0.6370     34.5222
    0.6371     34.5207
    0.6372     34.5192
    0.6373     34.5177
    0.6374     34.5162
    0.6375     34.5147
    0.6376     34.5132
    0.6377     34.5116
    0.6378     34.5101
    0.6379     34.5086
    0.6380     34.5071
    0.6381     34.5056
    0.6382     34.5041
    0.6383     34.5026
    0.6384     34.5011
    0.6385     34.4996
    0.6386     34.4981
    0.6387     34.4966
    0.6388     34.4951
    0.6389     34.4936
    0.6390     34.4921
    0.6391     34.4905
    0.6392     34.4890
    0.6393     34.4875
    0.6394     34.4860
    0.6395     34.4845
    0.6396     34.4830
    0.6397     34.4815
    0.6398     34.4800
    0.6399     34.4785
    0.6400     34.4770
    0.6401     34.4755
    0.6402     34.4740
    0.6403     34.4725
    0.6404     34.4710
    0.6405     34.4695
    0.6406     34.4679
    0.6407     34.4664
    0.6408     34.4649
    0.6409     34.4634
    0.6410     34.4619
    0.6411     34.4604
    0.6412     34.4589
    0.6413     34.4574
    0.6414     34.4559
    0.6415     34.4544
    0.6416     34.4529
    0.6417     34.4514
    0.6418     34.4499
    0.6419     34.4484
    0.6420     34.4468
    0.6421     34.4453
    0.6422     34.4438
    0.6423     34.4423
    0.6424     34.4408
    0.6425     34.4393
    0.6426     34.4378
    0.6427     34.4363
    0.6428     34.4348
    0.6429     34.4333
    0.6430     34.4318
    0.6431     34.4303
    0.6432     34.4288
    0.6433     34.4273
    0.6434     34.4258
    0.6435     34.4242
    0.6436     34.4227
    0.6437     34.4212
    0.6438     34.4197
    0.6439     34.4182
    0.6440     34.4167
    0.6441     34.4152
    0.6442     34.4137
    0.6443     34.4122
    0.6444     34.4107
    0.6445     34.4092
    0.6446     34.4077
    0.6447     34.4062
    0.6448     34.4047
    0.6449     34.4032
    0.6450     34.4016
    0.6451     34.4001
    0.6452     34.3986
    0.6453     34.3971
    0.6454     34.3956
    0.6455     34.3941
    0.6456     34.3926
    0.6457     34.3911
    0.6458     34.3896
    0.6459     34.3881
    0.6460     34.3866
    0.6461     34.3851
    0.6462     34.3836
    0.6463     34.3821
    0.6464     34.3805
    0.6465     34.3790
    0.6466     34.3775
    0.6467     34.3760
    0.6468     34.3745
    0.6469     34.3730
    0.6470     34.3715
    0.6471     34.3700
    0.6472     34.3685
    0.6473     34.3670
    0.6474     34.3655
    0.6475     34.3640
    0.6476     34.3625
    0.6477     34.3610
    0.6478     34.3595
    0.6479     34.3579
    0.6480     34.3564
    0.6481     34.3549
    0.6482     34.3534
    0.6483     34.3519
    0.6484     34.3504
    0.6485     34.3489
    0.6486     34.3474
    0.6487     34.3459
    0.6488     34.3444
    0.6489     34.3429
    0.6490     34.3414
    0.6491     34.3399
    0.6492     34.3384
    0.6493     34.3368
    0.6494     34.3353
    0.6495     34.3338
    0.6496     34.3323
    0.6497     34.3308
    0.6498     34.3293
    0.6499     34.3278
    0.6500     34.3263
    0.6501     34.3248
    0.6502     34.3233
    0.6503     34.3218
    0.6504     34.3203
    0.6505     34.3188
    0.6506     34.3173
    0.6507     34.3158
    0.6508     34.3142
    0.6509     34.3127
    0.6510     34.3112
    0.6511     34.3097
    0.6512     34.3082
    0.6513     34.3067
    0.6514     34.3052
    0.6515     34.3037
    0.6516     34.3022
    0.6517     34.3007
    0.6518     34.2992
    0.6519     34.2977
    0.6520     34.2962
    0.6521     34.2947
    0.6522     34.2932
    0.6523     34.2916
    0.6524     34.2901
    0.6525     34.2886
    0.6526     34.2871
    0.6527     34.2856
    0.6528     34.2841
    0.6529     34.2826
    0.6530     34.2811
    0.6531     34.2796
    0.6532     34.2781
    0.6533     34.2766
    0.6534     34.2751
    0.6535     34.2736
    0.6536     34.2721
    0.6537     34.2705
    0.6538     34.2690
    0.6539     34.2675
    0.6540     34.2660
    0.6541     34.2645
    0.6542     34.2630
    0.6543     34.2615
    0.6544     34.2600
    0.6545     34.2585
    0.6546     34.2570
    0.6547     34.2555
    0.6548     34.2540
    0.6549     34.2525
    0.6550     34.2510
    0.6551     34.2495
    0.6552     34.2479
    0.6553     34.2464
    0.6554     34.2449
    0.6555     34.2434
    0.6556     34.2419
    0.6557     34.2404
    0.6558     34.2389
    0.6559     34.2374
    0.6560     34.2359
    0.6561     34.2344
    0.6562     34.2329
    0.6563     34.2314
    0.6564     34.2299
    0.6565     34.2284
    0.6566     34.2268
    0.6567     34.2253
    0.6568     34.2238
    0.6569     34.2223
    0.6570     34.2208
    0.6571     34.2193
    0.6572     34.2178
    0.6573     34.2163
    0.6574     34.2148
    0.6575     34.2133
    0.6576     34.2118
    0.6577     34.2103
    0.6578     34.2088
    0.6579     34.2073
    0.6580     34.2058
    0.6581     34.2042
    0.6582     34.2027
    0.6583     34.2012
    0.6584     34.1997
    0.6585     34.1982
    0.6586     34.1967
    0.6587     34.1952
    0.6588     34.1937
    0.6589     34.1922
    0.6590     34.1907
    0.6591     34.1892
    0.6592     34.1877
    0.6593     34.1862
    0.6594     34.1847
    0.6595     34.1832
    0.6596     34.1816
    0.6597     34.1801
    0.6598     34.1786
    0.6599     34.1771
    0.6600     34.1756
    0.6601     34.1741
    0.6602     34.1726
    0.6603     34.1711
    0.6604     34.1696
    0.6605     34.1681
    0.6606     34.1666
    0.6607     34.1651
    0.6608     34.1636
    0.6609     34.1621
    0.6610     34.1605
    0.6611     34.1590
    0.6612     34.1575
    0.6613     34.1560
    0.6614     34.1545
    0.6615     34.1530
    0.6616     34.1515
    0.6617     34.1500
    0.6618     34.1485
    0.6619     34.1470
    0.6620     34.1455
    0.6621     34.1440
    0.6622     34.1425
    0.6623     34.1410
    0.6624     34.1395
    0.6625     34.1379
    0.6626     34.1364
    0.6627     34.1349
    0.6628     34.1334
    0.6629     34.1319
    0.6630     34.1304
    0.6631     34.1289
    0.6632     34.1274
    0.6633     34.1259
    0.6634     34.1244
    0.6635     34.1229
    0.6636     34.1214
    0.6637     34.1199
    0.6638     34.1184
    0.6639     34.1168
    0.6640     34.1153
    0.6641     34.1138
    0.6642     34.1123
    0.6643     34.1108
    0.6644     34.1093
    0.6645     34.1078
    0.6646     34.1063
    0.6647     34.1048
    0.6648     34.1033
    0.6649     34.1018
    0.6650     34.1003
    0.6651     34.0988
    0.6652     34.0973
    0.6653     34.0958
    0.6654     34.0942
    0.6655     34.0927
    0.6656     34.0912
    0.6657     34.0897
    0.6658     34.0882
    0.6659     34.0867
    0.6660     34.0852
    0.6661     34.0837
    0.6662     34.0822
    0.6663     34.0807
    0.6664     34.0792
    0.6665     34.0777
    0.6666     34.0762
    0.6667     34.0747
    0.6668     34.0732
    0.6669     34.0716
    0.6670     34.0701
    0.6671     34.0686
    0.6672     34.0671
    0.6673     34.0656
    0.6674     34.0641
    0.6675     34.0626
    0.6676     34.0611
    0.6677     34.0596
    0.6678     34.0581
    0.6679     34.0566
    0.6680     34.0551
    0.6681     34.0536
    0.6682     34.0521
    0.6683     34.0505
    0.6684     34.0490
    0.6685     34.0475
    0.6686     34.0460
    0.6687     34.0445
    0.6688     34.0430
    0.6689     34.0415
    0.6690     34.0400
    0.6691     34.0385
    0.6692     34.0370
    0.6693     34.0355
    0.6694     34.0340
    0.6695     34.0325
    0.6696     34.0310
    0.6697     34.0295
    0.6698     34.0279
    0.6699     34.0264
    0.6700     34.0249
    0.6701     34.0234
    0.6702     34.0219
    0.6703     34.0204
    0.6704     34.0189
    0.6705     34.0174
    0.6706     34.0159
    0.6707     34.0144
    0.6708     34.0129
    0.6709     34.0114
    0.6710     34.0099
    0.6711     34.0084
    0.6712     34.0068
    0.6713     34.0053
    0.6714     34.0038
    0.6715     34.0023
    0.6716     34.0008
    0.6717     33.9993
    0.6718     33.9978
    0.6719     33.9963
    0.6720     33.9948
    0.6721     33.9933
    0.6722     33.9918
    0.6723     33.9903
    0.6724     33.9888
    0.6725     33.9873
    0.6726     33.9858
    0.6727     33.9842
    0.6728     33.9827
    0.6729     33.9812
    0.6730     33.9797
    0.6731     33.9782
    0.6732     33.9767
    0.6733     33.9752
    0.6734     33.9737
    0.6735     33.9722
    0.6736     33.9707
    0.6737     33.9692
    0.6738     33.9677
    0.6739     33.9662
    0.6740     33.9647
    0.6741     33.9632
    0.6742     33.9616
    0.6743     33.9601
    0.6744     33.9586
    0.6745     33.9571
    0.6746     33.9556
    0.6747     33.9541
    0.6748     33.9526
    0.6749     33.9511
    0.6750     33.9496
    0.6751     33.9481
    0.6752     33.9466
    0.6753     33.9451
    0.6754     33.9436
    0.6755     33.9421
    0.6756     33.9405
    0.6757     33.9390
    0.6758     33.9375
    0.6759     33.9360
    0.6760     33.9345
    0.6761     33.9330
    0.6762     33.9315
    0.6763     33.9300
    0.6764     33.9285
    0.6765     33.9270
    0.6766     33.9255
    0.6767     33.9240
    0.6768     33.9225
    0.6769     33.9210
    0.6770     33.9195
    0.6771     33.9179
    0.6772     33.9164
    0.6773     33.9149
    0.6774     33.9134
    0.6775     33.9119
    0.6776     33.9104
    0.6777     33.9089
    0.6778     33.9074
    0.6779     33.9059
    0.6780     33.9044
    0.6781     33.9029
    0.6782     33.9014
    0.6783     33.8999
    0.6784     33.8984
    0.6785     33.8968
    0.6786     33.8953
    0.6787     33.8938
    0.6788     33.8923
    0.6789     33.8908
    0.6790     33.8893
    0.6791     33.8878
    0.6792     33.8863
    0.6793     33.8848
    0.6794     33.8833
    0.6795     33.8818
    0.6796     33.8803
    0.6797     33.8788
    0.6798     33.8773
    0.6799     33.8758
    0.6800     33.8742
    0.6801     33.8727
    0.6802     33.8712
    0.6803     33.8697
    0.6804     33.8682
    0.6805     33.8667
    0.6806     33.8652
    0.6807     33.8637
    0.6808     33.8622
    0.6809     33.8607
    0.6810     33.8592
    0.6811     33.8577
    0.6812     33.8562
    0.6813     33.8547
    0.6814     33.8532
    0.6815     33.8516
    0.6816     33.8501
    0.6817     33.8486
    0.6818     33.8471
    0.6819     33.8456
    0.6820     33.8441
    0.6821     33.8426
    0.6822     33.8411
    0.6823     33.8396
    0.6824     33.8381
    0.6825     33.8366
    0.6826     33.8351
    0.6827     33.8336
    0.6828     33.8321
    0.6829     33.8305
    0.6830     33.8290
    0.6831     33.8275
    0.6832     33.8260
    0.6833     33.8245
    0.6834     33.8230
    0.6835     33.8215
    0.6836     33.8200
    0.6837     33.8185
    0.6838     33.8170
    0.6839     33.8155
    0.6840     33.8140
    0.6841     33.8125
    0.6842     33.8110
    0.6843     33.8095
    0.6844     33.8079
    0.6845     33.8064
    0.6846     33.8049
    0.6847     33.8034
    0.6848     33.8019
    0.6849     33.8004
    0.6850     33.7989
    0.6851     33.7974
    0.6852     33.7959
    0.6853     33.7944
    0.6854     33.7929
    0.6855     33.7914
    0.6856     33.7899
    0.6857     33.7884
    0.6858     33.7868
    0.6859     33.7853
    0.6860     33.7838
    0.6861     33.7823
    0.6862     33.7808
    0.6863     33.7793
    0.6864     33.7778
    0.6865     33.7763
    0.6866     33.7748
    0.6867     33.7733
    0.6868     33.7718
    0.6869     33.7703
    0.6870     33.7688
    0.6871     33.7673
    0.6872     33.7658
    0.6873     33.7642
    0.6874     33.7627
    0.6875     33.7612
    0.6876     33.7597
    0.6877     33.7582
    0.6878     33.7567
    0.6879     33.7552
    0.6880     33.7537
    0.6881     33.7522
    0.6882     33.7507
    0.6883     33.7492
    0.6884     33.7477
    0.6885     33.7462
    0.6886     33.7447
    0.6887     33.7432
    0.6888     33.7416
    0.6889     33.7401
    0.6890     33.7386
    0.6891     33.7371
    0.6892     33.7356
    0.6893     33.7341
    0.6894     33.7326
    0.6895     33.7311
    0.6896     33.7296
    0.6897     33.7281
    0.6898     33.7266
    0.6899     33.7251
    0.6900     33.7236
    0.6901     33.7221
    0.6902     33.7205
    0.6903     33.7190
    0.6904     33.7175
    0.6905     33.7160
    0.6906     33.7145
    0.6907     33.7130
    0.6908     33.7115
    0.6909     33.7100
    0.6910     33.7085
    0.6911     33.7070
    0.6912     33.7055
    0.6913     33.7040
    0.6914     33.7025
    0.6915     33.7010
    0.6916     33.6995
    0.6917     33.6979
    0.6918     33.6964
    0.6919     33.6949
    0.6920     33.6934
    0.6921     33.6919
    0.6922     33.6904
    0.6923     33.6889
    0.6924     33.6874
    0.6925     33.6859
    0.6926     33.6844
    0.6927     33.6829
    0.6928     33.6814
    0.6929     33.6799
    0.6930     33.6784
    0.6931     33.6768
    0.6932     33.6753
    0.6933     33.6738
    0.6934     33.6723
    0.6935     33.6708
    0.6936     33.6693
    0.6937     33.6678
    0.6938     33.6663
    0.6939     33.6648
    0.6940     33.6633
    0.6941     33.6618
    0.6942     33.6603
    0.6943     33.6588
    0.6944     33.6573
    0.6945     33.6558
    0.6946     33.6542
    0.6947     33.6527
    0.6948     33.6512
    0.6949     33.6497
    0.6950     33.6482
    0.6951     33.6467
    0.6952     33.6452
    0.6953     33.6437
    0.6954     33.6422
    0.6955     33.6407
    0.6956     33.6392
    0.6957     33.6377
    0.6958     33.6362
    0.6959     33.6347
    0.6960     33.6332
    0.6961     33.6316
    0.6962     33.6301
    0.6963     33.6286
    0.6964     33.6271
    0.6965     33.6256
    0.6966     33.6241
    0.6967     33.6226
    0.6968     33.6211
    0.6969     33.6196
    0.6970     33.6181
    0.6971     33.6166
    0.6972     33.6151
    0.6973     33.6136
    0.6974     33.6121
    0.6975     33.6105
    0.6976     33.6090
    0.6977     33.6075
    0.6978     33.6060
    0.6979     33.6045
    0.6980     33.6030
    0.6981     33.6015
    0.6982     33.6000
    0.6983     33.5985
    0.6984     33.5970
    0.6985     33.5955
    0.6986     33.5940
    0.6987     33.5925
    0.6988     33.5910
    0.6989     33.5895
    0.6990     33.5879
    0.6991     33.5864
    0.6992     33.5849
    0.6993     33.5834
    0.6994     33.5819
    0.6995     33.5804
    0.6996     33.5789
    0.6997     33.5774
    0.6998     33.5759
    0.6999     33.5744
    0.7000     33.5729
