#      D       Lambda1    TE = F7
    0.0774     85.0067
    0.0775     84.9744
    0.0776     84.9422
    0.0777     84.9100
    0.0778     84.8778
    0.0779     84.8456
    0.0780     84.8133
    0.0781     84.7811
    0.0782     84.7489
    0.0783     84.7167
    0.0784     84.6844
    0.0785     84.6522
    0.0786     84.6200
    0.0787     84.5878
    0.0788     84.5556
    0.0789     84.5233
    0.0790     84.4911
    0.0791     84.4589
    0.0792     84.4267
    0.0793     84.3944
    0.0794     84.3622
    0.0795     84.3300
    0.0796     84.2978
    0.0797     84.2656
    0.0798     84.2333
    0.0799     84.2011
    0.0800     84.1689
    0.0801     84.1367
    0.0802     84.1044
    0.0803     84.0722
    0.0804     84.0400
    0.0805     84.0078
    0.0806     83.9756
    0.0807     83.9433
    0.0808     83.9111
    0.0809     83.8789
    0.0810     83.8467
    0.0811     83.8144
    0.0812     83.7822
    0.0813     83.7500
    0.0814     83.7178
    0.0815     83.6856
    0.0816     83.6533
    0.0817     83.6211
    0.0818     83.5889
    0.0819     83.5567
    0.0820     83.5244
    0.0821     83.4922
    0.0822     83.4600
    0.0823     83.4278
    0.0824     83.3956
    0.0825     83.3633
    0.0826     83.3311
    0.0827     83.2989
    0.0828     83.2667
    0.0829     83.2344
    0.0830     83.2022
    0.0831     83.1700
    0.0832     83.1378
    0.0833     83.1056
    0.0834     83.0733
    0.0835     83.0411
    0.0836     83.0089
    0.0837     82.9767
    0.0838     82.9444
    0.0839     82.9122
    0.0840     82.8800
    0.0841     82.8478
    0.0842     82.8156
    0.0843     82.7833
    0.0844     82.7511
    0.0845     82.7189
    0.0846     82.6867
    0.0847     82.6544
    0.0848     82.6222
    0.0849     82.5900
    0.0850     82.5578
    0.0851     82.5256
    0.0852     82.4933
    0.0853     82.4611
    0.0854     82.4289
    0.0855     82.3967
    0.0856     82.3644
    0.0857     82.3322
    0.0858     82.3000
    0.0859     82.2678
    0.0860     82.2356
    0.0861     82.2033
    0.0862     82.1711
    0.0863     82.1389
    0.0864     82.1067
    0.0865     82.0744
    0.0866     82.0422
    0.0867     82.0100
    0.0868     81.9778
    0.0869     81.9456
    0.0870     81.9133
    0.0871     81.8811
    0.0872     81.8489
    0.0873     81.8167
    0.0874     81.7844
    0.0875     81.7522
    0.0876     81.7200
    0.0877     81.6878
    0.0878     81.6556
    0.0879     81.6233
    0.0880     81.5911
    0.0881     81.5589
    0.0882     81.5267
    0.0883     81.4944
    0.0884     81.4622
    0.0885     81.4300
    0.0886     81.3978
    0.0887     81.3656
    0.0888     81.3333
    0.0889     81.3011
    0.0890     81.2689
    0.0891     81.2367
    0.0892     81.2044
    0.0893     81.1722
    0.0894     81.1400
    0.0895     81.1078
    0.0896     81.0756
    0.0897     81.0433
    0.0898     81.0111
    0.0899     80.9789
    0.0900     80.9467
    0.0901     80.9144
    0.0902     80.8822
    0.0903     80.8500
    0.0904     80.8178
    0.0905     80.7856
    0.0906     80.7533
    0.0907     80.7211
    0.0908     80.6889
    0.0909     80.6567
    0.0910     80.6244
    0.0911     80.5922
    0.0912     80.5600
    0.0913     80.5278
    0.0914     80.4956
    0.0915     80.4633
    0.0916     80.4311
    0.0917     80.3989
    0.0918     80.3667
    0.0919     80.3344
    0.0920     80.3022
    0.0921     80.2700
    0.0922     80.2378
    0.0923     80.2056
    0.0924     80.1733
    0.0925     80.1411
    0.0926     80.1089
    0.0927     80.0767
    0.0928     80.0444
    0.0929     80.0122
    0.0930     79.9800
    0.0931     79.9478
    0.0932     79.9156
    0.0933     79.8833
    0.0934     79.8511
    0.0935     79.8189
    0.0936     79.7867
    0.0937     79.7544
    0.0938     79.7222
    0.0939     79.6900
    0.0940     79.6578
    0.0941     79.6256
    0.0942     79.5933
    0.0943     79.5611
    0.0944     79.5289
    0.0945     79.4967
    0.0946     79.4644
    0.0947     79.4322
    0.0948     79.4000
    0.0949     79.3678
    0.0950     79.3356
    0.0951     79.3033
    0.0952     79.2711
    0.0953     79.2389
    0.0954     79.2067
    0.0955     79.1744
    0.0956     79.1422
    0.0957     79.1100
    0.0958     79.0778
    0.0959     79.0456
    0.0960     79.0133
    0.0961     78.9811
    0.0962     78.9489
    0.0963     78.9167
    0.0964     78.8844
    0.0965     78.8522
    0.0966     78.8200
    0.0967     78.7878
    0.0968     78.7556
    0.0969     78.7233
    0.0970     78.6911
    0.0971     78.6589
    0.0972     78.6267
    0.0973     78.5944
    0.0974     78.5622
    0.0975     78.5300
    0.0976     78.4978
    0.0977     78.4656
    0.0978     78.4333
    0.0979     78.4011
    0.0980     78.3689
    0.0981     78.3367
    0.0982     78.3044
    0.0983     78.2722
    0.0984     78.2400
    0.0985     78.2078
    0.0986     78.1756
    0.0987     78.1433
    0.0988     78.1111
    0.0989     78.0789
    0.0990     78.0467
    0.0991     78.0144
    0.0992     77.9822
    0.0993     77.9500
    0.0994     77.9178
    0.0995     77.8856
    0.0996     77.8533
    0.0997     77.8211
    0.0998     77.7889
    0.0999     77.7567
    0.1000     77.7244
    0.1001     77.6922
    0.1002     77.6600
    0.1003     77.6278
    0.1004     77.5956
    0.1005     77.5633
    0.1006     77.5311
    0.1007     77.4989
    0.1008     77.4667
    0.1009     77.4344
    0.1010     77.4022
    0.1011     77.3700
    0.1012     77.3378
    0.1013     77.3056
    0.1014     77.2733
    0.1015     77.2411
    0.1016     77.2089
    0.1017     77.1767
    0.1018     77.1444
    0.1019     77.1122
    0.1020     77.0800
    0.1021     77.0478
    0.1022     77.0156
    0.1023     76.9833
    0.1024     76.9511
    0.1025     76.9189
    0.1026     76.8867
    0.1027     76.8544
    0.1028     76.8222
    0.1029     76.7900
    0.1030     76.7578
    0.1031     76.7256
    0.1032     76.6933
    0.1033     76.6611
    0.1034     76.6289
    0.1035     76.5967
    0.1036     76.5644
    0.1037     76.5322
    0.1038     76.5000
    0.1040     76.4330
    0.1041     76.3995
    0.1042     76.3660
    0.1043     76.3325
    0.1044     76.2990
    0.1045     76.2655
    0.1046     76.2320
    0.1047     76.1985
    0.1048     76.1650
    0.1049     76.1315
    0.1050     76.0980
    0.1051     76.0645
    0.1052     76.0310
    0.1053     75.9975
    0.1054     75.9640
    0.1055     75.9305
    0.1056     75.8970
    0.1057     75.8635
    0.1058     75.8300
    0.1060     75.7529
    0.1061     75.7143
    0.1062     75.6757
    0.1063     75.6371
    0.1064     75.5986
    0.1065     75.5600
    0.1066     75.5214
    0.1067     75.4829
    0.1068     75.4443
    0.1069     75.4057
    0.1070     75.3671
    0.1071     75.3286
    0.1072     75.2900
    0.1073     75.2514
    0.1074     75.2129
    0.1075     75.1743
    0.1076     75.1357
    0.1077     75.0971
    0.1078     75.0586
    0.1079     75.0200
    0.1081     74.9600
    0.1082     74.9300
    0.1083     74.9000
    0.1084     74.8700
    0.1085     74.8400
    0.1086     74.8100
    0.1087     74.7800
    0.1088     74.7500
    0.1089     74.7200
    0.1090     74.6900
    0.1091     74.6600
    0.1092     74.6300
    0.1093     74.6000
    0.1094     74.5700
    0.1095     74.5400
    0.1096     74.5100
    0.1097     74.4800
    0.1098     74.4500
    0.1099     74.4200
    0.1100     74.3900
    0.1101     74.3600
    0.1102     74.3300
    0.1103     74.3000
    0.1104     74.2700
    0.1105     74.2400
    0.1107     74.1178
    0.1108     74.0567
    0.1109     73.9956
    0.1110     73.9344
    0.1111     73.8733
    0.1112     73.8122
    0.1113     73.7511
    0.1114     73.6900
    0.1116     73.6320
    0.1117     73.6030
    0.1118     73.5740
    0.1119     73.5450
    0.1120     73.5160
    0.1121     73.4870
    0.1122     73.4580
    0.1123     73.4290
    0.1124     73.4000
    0.1125     73.3710
    0.1126     73.3420
    0.1127     73.3130
    0.1128     73.2840
    0.1129     73.2550
    0.1130     73.2260
    0.1131     73.1970
    0.1132     73.1680
    0.1133     73.1390
    0.1134     73.1100
    0.1136     73.0380
    0.1137     73.0020
    0.1138     72.9660
    0.1139     72.9300
    0.1140     72.8940
    0.1141     72.8580
    0.1142     72.8220
    0.1143     72.7860
    0.1144     72.7500
    0.1145     72.7140
    0.1146     72.6780
    0.1147     72.6420
    0.1148     72.6060
    0.1149     72.5700
    0.1151     72.5120
    0.1152     72.4830
    0.1153     72.4540
    0.1154     72.4250
    0.1155     72.3960
    0.1156     72.3670
    0.1157     72.3380
    0.1158     72.3090
    0.1159     72.2800
    0.1160     72.2510
    0.1161     72.2220
    0.1162     72.1930
    0.1163     72.1640
    0.1164     72.1350
    0.1165     72.1060
    0.1166     72.0770
    0.1167     72.0480
    0.1168     72.0190
    0.1169     71.9900
    0.1171     71.9225
    0.1172     71.8888
    0.1173     71.8550
    0.1174     71.8213
    0.1175     71.7875
    0.1176     71.7538
    0.1177     71.7200
    0.1178     71.6863
    0.1179     71.6525
    0.1180     71.6188
    0.1181     71.5850
    0.1182     71.5513
    0.1183     71.5175
    0.1184     71.4838
    0.1185     71.4500
    0.1186     71.4163
    0.1187     71.3825
    0.1188     71.3488
    0.1189     71.3150
    0.1190     71.2813
    0.1191     71.2475
    0.1192     71.2138
    0.1193     71.1800
    0.1195     71.1096
    0.1196     71.0743
    0.1197     71.0391
    0.1198     71.0039
    0.1199     70.9687
    0.1200     70.9335
    0.1201     70.8983
    0.1202     70.8630
    0.1203     70.8278
    0.1204     70.7926
    0.1205     70.7574
    0.1206     70.7222
    0.1207     70.6870
    0.1208     70.6517
    0.1209     70.6165
    0.1210     70.5813
    0.1211     70.5461
    0.1212     70.5109
    0.1213     70.4757
    0.1214     70.4404
    0.1215     70.4052
    0.1216     70.3700
    0.1218     70.3051
    0.1219     70.2727
    0.1220     70.2402
    0.1221     70.2078
    0.1222     70.1754
    0.1223     70.1429
    0.1224     70.1105
    0.1225     70.0780
    0.1226     70.0456
    0.1227     70.0132
    0.1228     69.9807
    0.1229     69.9483
    0.1230     69.9159
    0.1231     69.8834
    0.1232     69.8510
    0.1233     69.8185
    0.1234     69.7861
    0.1235     69.7537
    0.1236     69.7212
    0.1237     69.6888
    0.1238     69.6563
    0.1239     69.6239
    0.1240     69.5915
    0.1241     69.5590
    0.1242     69.5266
    0.1243     69.4941
    0.1244     69.4617
    0.1245     69.4293
    0.1246     69.3968
    0.1247     69.3644
    0.1248     69.3320
    0.1249     69.2995
    0.1250     69.2671
    0.1251     69.2346
    0.1252     69.2022
    0.1253     69.1698
    0.1254     69.1373
    0.1255     69.1049
    0.1256     69.0724
    0.1257     69.0400
    0.1259     68.9765
    0.1260     68.9448
    0.1261     68.9131
    0.1262     68.8813
    0.1263     68.8496
    0.1264     68.8179
    0.1265     68.7862
    0.1266     68.7544
    0.1267     68.7227
    0.1268     68.6910
    0.1269     68.6592
    0.1270     68.6275
    0.1271     68.5958
    0.1272     68.5640
    0.1273     68.5323
    0.1274     68.5006
    0.1275     68.4688
    0.1276     68.4371
    0.1277     68.4054
    0.1278     68.3737
    0.1279     68.3419
    0.1280     68.3102
    0.1281     68.2785
    0.1282     68.2467
    0.1283     68.2150
    0.1284     68.1833
    0.1285     68.1515
    0.1286     68.1198
    0.1287     68.0881
    0.1288     68.0563
    0.1289     68.0246
    0.1290     67.9929
    0.1291     67.9612
    0.1292     67.9294
    0.1293     67.8977
    0.1294     67.8660
    0.1295     67.8342
    0.1296     67.8025
    0.1297     67.7708
    0.1298     67.7390
    0.1299     67.7073
    0.1300     67.6756
    0.1301     67.6438
    0.1302     67.6121
    0.1303     67.5804
    0.1304     67.5487
    0.1305     67.5169
    0.1306     67.4852
    0.1307     67.4535
    0.1308     67.4217
    0.1309     67.3900
    0.1311     67.3185
    0.1312     67.2827
    0.1313     67.2469
    0.1314     67.2112
    0.1315     67.1754
    0.1316     67.1396
    0.1317     67.1038
    0.1318     67.0681
    0.1319     67.0323
    0.1320     66.9965
    0.1321     66.9608
    0.1322     66.9250
    0.1323     66.8892
    0.1324     66.8535
    0.1325     66.8177
    0.1326     66.7819
    0.1327     66.7462
    0.1328     66.7104
    0.1329     66.6746
    0.1330     66.6388
    0.1331     66.6031
    0.1332     66.5673
    0.1333     66.5315
    0.1334     66.4958
    0.1335     66.4600
    0.1337     66.4150
    0.1338     66.3925
    0.1339     66.3700
    0.1340     66.3475
    0.1341     66.3250
    0.1342     66.3025
    0.1343     66.2800
    0.1344     66.2575
    0.1345     66.2350
    0.1346     66.2125
    0.1347     66.1900
    0.1348     66.1675
    0.1349     66.1450
    0.1350     66.1225
    0.1351     66.1000
    0.1352     66.0775
    0.1353     66.0550
    0.1354     66.0325
    0.1355     66.0100
    0.1356     65.9875
    0.1357     65.9650
    0.1358     65.9425
    0.1359     65.9200
    0.1360     65.8975
    0.1361     65.8750
    0.1362     65.8525
    0.1363     65.8300
    0.1364     65.8075
    0.1365     65.7850
    0.1366     65.7625
    0.1367     65.7400
    0.1369     65.6763
    0.1370     65.6444
    0.1371     65.6125
    0.1372     65.5806
    0.1373     65.5488
    0.1374     65.5169
    0.1375     65.4850
    0.1376     65.4531
    0.1377     65.4213
    0.1378     65.3894
    0.1379     65.3575
    0.1380     65.3256
    0.1381     65.2938
    0.1382     65.2619
    0.1383     65.2300
    0.1384     65.1981
    0.1385     65.1663
    0.1386     65.1344
    0.1387     65.1025
    0.1388     65.0706
    0.1389     65.0388
    0.1390     65.0069
    0.1391     64.9750
    0.1392     64.9431
    0.1393     64.9113
    0.1394     64.8794
    0.1395     64.8475
    0.1396     64.8156
    0.1397     64.7838
    0.1398     64.7519
    0.1399     64.7200
    0.1401     64.6575
    0.1402     64.6263
    0.1403     64.5950
    0.1404     64.5638
    0.1405     64.5325
    0.1406     64.5013
    0.1407     64.4700
    0.1408     64.4388
    0.1409     64.4075
    0.1410     64.3763
    0.1411     64.3450
    0.1412     64.3138
    0.1413     64.2825
    0.1414     64.2513
    0.1415     64.2200
    0.1416     64.1888
    0.1417     64.1575
    0.1418     64.1263
    0.1419     64.0950
    0.1420     64.0638
    0.1421     64.0325
    0.1422     64.0013
    0.1423     63.9700
    0.1425     63.9106
    0.1426     63.8809
    0.1427     63.8512
    0.1428     63.8214
    0.1429     63.7917
    0.1430     63.7620
    0.1431     63.7323
    0.1432     63.7026
    0.1433     63.6729
    0.1434     63.6432
    0.1435     63.6135
    0.1436     63.5838
    0.1437     63.5541
    0.1438     63.5243
    0.1439     63.4946
    0.1440     63.4649
    0.1441     63.4352
    0.1442     63.4055
    0.1443     63.3758
    0.1444     63.3461
    0.1445     63.3164
    0.1446     63.2867
    0.1447     63.2570
    0.1448     63.2272
    0.1449     63.1975
    0.1450     63.1678
    0.1451     63.1381
    0.1452     63.1084
    0.1453     63.0787
    0.1454     63.0490
    0.1455     63.0193
    0.1456     62.9896
    0.1457     62.9599
    0.1458     62.9301
    0.1459     62.9004
    0.1460     62.8707
    0.1461     62.8410
    0.1462     62.8113
    0.1463     62.7816
    0.1464     62.7519
    0.1465     62.7222
    0.1466     62.6925
    0.1467     62.6628
    0.1468     62.6330
    0.1469     62.6033
    0.1470     62.5736
    0.1471     62.5439
    0.1472     62.5142
    0.1473     62.4845
    0.1474     62.4548
    0.1475     62.4251
    0.1476     62.3954
    0.1477     62.3657
    0.1478     62.3359
    0.1479     62.3062
    0.1480     62.2765
    0.1481     62.2468
    0.1482     62.2171
    0.1483     62.1874
    0.1484     62.1577
    0.1485     62.1280
    0.1486     62.0983
    0.1487     62.0686
    0.1488     62.0388
    0.1489     62.0091
    0.1490     61.9794
    0.1491     61.9497
    0.1492     61.9200
    0.1494     61.8617
    0.1495     61.8325
    0.1496     61.8033
    0.1497     61.7742
    0.1498     61.7450
    0.1499     61.7158
    0.1500     61.6867
    0.1501     61.6575
    0.1502     61.6283
    0.1503     61.5992
    0.1504     61.5700
    0.1505     61.5408
    0.1506     61.5117
    0.1507     61.4825
    0.1508     61.4533
    0.1509     61.4242
    0.1510     61.3950
    0.1511     61.3658
    0.1512     61.3367
    0.1513     61.3075
    0.1514     61.2783
    0.1515     61.2492
    0.1516     61.2200
    0.1518     61.1620
    0.1519     61.1330
    0.1520     61.1040
    0.1521     61.0750
    0.1522     61.0460
    0.1523     61.0170
    0.1524     60.9880
    0.1525     60.9590
    0.1526     60.9300
    0.1527     60.9010
    0.1528     60.8720
    0.1529     60.8430
    0.1530     60.8140
    0.1531     60.7850
    0.1532     60.7560
    0.1533     60.7270
    0.1534     60.6980
    0.1535     60.6690
    0.1536     60.6400
    0.1538     60.5815
    0.1539     60.5522
    0.1540     60.5230
    0.1541     60.4937
    0.1542     60.4645
    0.1543     60.4352
    0.1544     60.4060
    0.1545     60.3767
    0.1546     60.3475
    0.1547     60.3182
    0.1548     60.2890
    0.1549     60.2597
    0.1550     60.2304
    0.1551     60.2012
    0.1552     60.1719
    0.1553     60.1427
    0.1554     60.1134
    0.1555     60.0842
    0.1556     60.0549
    0.1557     60.0257
    0.1558     59.9964
    0.1559     59.9672
    0.1560     59.9379
    0.1561     59.9087
    0.1562     59.8794
    0.1563     59.8501
    0.1564     59.8209
    0.1565     59.7916
    0.1566     59.7624
    0.1567     59.7331
    0.1568     59.7039
    0.1569     59.6746
    0.1570     59.6454
    0.1571     59.6161
    0.1572     59.5869
    0.1573     59.5576
    0.1574     59.5284
    0.1575     59.4991
    0.1576     59.4699
    0.1577     59.4406
    0.1578     59.4113
    0.1579     59.3821
    0.1580     59.3528
    0.1581     59.3236
    0.1582     59.2943
    0.1583     59.2651
    0.1584     59.2358
    0.1585     59.2066
    0.1586     59.1773
    0.1587     59.1481
    0.1588     59.1188
    0.1589     59.0896
    0.1590     59.0603
    0.1591     59.0310
    0.1592     59.0018
    0.1593     58.9725
    0.1594     58.9433
    0.1595     58.9140
    0.1596     58.8848
    0.1597     58.8555
    0.1598     58.8263
    0.1599     58.7970
    0.1600     58.7678
    0.1601     58.7385
    0.1602     58.7093
    0.1603     58.6800
    0.1605     58.6096
    0.1606     58.5743
    0.1607     58.5391
    0.1608     58.5039
    0.1609     58.4687
    0.1610     58.4335
    0.1611     58.3983
    0.1612     58.3630
    0.1613     58.3278
    0.1614     58.2926
    0.1615     58.2574
    0.1616     58.2222
    0.1617     58.1870
    0.1618     58.1517
    0.1619     58.1165
    0.1620     58.0813
    0.1621     58.0461
    0.1622     58.0109
    0.1623     57.9757
    0.1624     57.9404
    0.1625     57.9052
    0.1626     57.8700
    0.1628     57.8186
    0.1629     57.7929
    0.1630     57.7671
    0.1631     57.7414
    0.1632     57.7157
    0.1633     57.6900
    0.1634     57.6643
    0.1635     57.6386
    0.1636     57.6129
    0.1637     57.5871
    0.1638     57.5614
    0.1639     57.5357
    0.1640     57.5100
    0.1641     57.4843
    0.1642     57.4586
    0.1643     57.4329
    0.1644     57.4071
    0.1645     57.3814
    0.1646     57.3557
    0.1647     57.3300
    0.1648     57.3043
    0.1649     57.2786
    0.1650     57.2529
    0.1651     57.2271
    0.1652     57.2014
    0.1653     57.1757
    0.1654     57.1500
    0.1655     57.1243
    0.1656     57.0986
    0.1657     57.0729
    0.1658     57.0471
    0.1659     57.0214
    0.1660     56.9957
    0.1661     56.9700
    0.1663     56.9016
    0.1664     56.8674
    0.1665     56.8332
    0.1666     56.7989
    0.1667     56.7647
    0.1668     56.7305
    0.1669     56.6963
    0.1670     56.6621
    0.1671     56.6279
    0.1672     56.5937
    0.1673     56.5595
    0.1674     56.5253
    0.1675     56.4911
    0.1676     56.4568
    0.1677     56.4226
    0.1678     56.3884
    0.1679     56.3542
    0.1680     56.3200
    0.1681     56.2858
    0.1682     56.2516
    0.1683     56.2174
    0.1684     56.1832
    0.1685     56.1489
    0.1686     56.1147
    0.1687     56.0805
    0.1688     56.0463
    0.1689     56.0121
    0.1690     55.9779
    0.1691     55.9437
    0.1692     55.9095
    0.1693     55.8753
    0.1694     55.8411
    0.1695     55.8068
    0.1696     55.7726
    0.1697     55.7384
    0.1698     55.7042
    0.1699     55.6700
    0.1701     55.6205
    0.1702     55.5958
    0.1703     55.5711
    0.1704     55.5464
    0.1705     55.5216
    0.1706     55.4969
    0.1707     55.4722
    0.1708     55.4475
    0.1709     55.4227
    0.1710     55.3980
    0.1711     55.3733
    0.1712     55.3485
    0.1713     55.3238
    0.1714     55.2991
    0.1715     55.2744
    0.1716     55.2496
    0.1717     55.2249
    0.1718     55.2002
    0.1719     55.1755
    0.1720     55.1507
    0.1721     55.1260
    0.1722     55.1013
    0.1723     55.0765
    0.1724     55.0518
    0.1725     55.0271
    0.1726     55.0024
    0.1727     54.9776
    0.1728     54.9529
    0.1729     54.9282
    0.1730     54.9035
    0.1731     54.8787
    0.1732     54.8540
    0.1733     54.8293
    0.1734     54.8045
    0.1735     54.7798
    0.1736     54.7551
    0.1737     54.7304
    0.1738     54.7056
    0.1739     54.6809
    0.1740     54.6562
    0.1741     54.6315
    0.1742     54.6067
    0.1743     54.5820
    0.1744     54.5573
    0.1745     54.5325
    0.1746     54.5078
    0.1747     54.4831
    0.1748     54.4584
    0.1749     54.4336
    0.1750     54.4089
    0.1751     54.3842
    0.1752     54.3595
    0.1753     54.3347
    0.1754     54.3100
    0.1756     54.2569
    0.1757     54.2303
    0.1758     54.2037
    0.1759     54.1771
    0.1760     54.1506
    0.1761     54.1240
    0.1762     54.0974
    0.1763     54.0709
    0.1764     54.0443
    0.1765     54.0177
    0.1766     53.9911
    0.1767     53.9646
    0.1768     53.9380
    0.1769     53.9114
    0.1770     53.8849
    0.1771     53.8583
    0.1772     53.8317
    0.1773     53.8051
    0.1774     53.7786
    0.1775     53.7520
    0.1776     53.7254
    0.1777     53.6989
    0.1778     53.6723
    0.1779     53.6457
    0.1780     53.6191
    0.1781     53.5926
    0.1782     53.5660
    0.1783     53.5394
    0.1784     53.5129
    0.1785     53.4863
    0.1786     53.4597
    0.1787     53.4331
    0.1788     53.4066
    0.1789     53.3800
    0.1791     53.3284
    0.1792     53.3026
    0.1793     53.2768
    0.1794     53.2511
    0.1795     53.2253
    0.1796     53.1995
    0.1797     53.1737
    0.1798     53.1479
    0.1799     53.1221
    0.1800     53.0963
    0.1801     53.0705
    0.1802     53.0447
    0.1803     53.0189
    0.1804     52.9932
    0.1805     52.9674
    0.1806     52.9416
    0.1807     52.9158
    0.1808     52.8900
    0.1809     52.8642
    0.1810     52.8384
    0.1811     52.8126
    0.1812     52.7868
    0.1813     52.7611
    0.1814     52.7353
    0.1815     52.7095
    0.1816     52.6837
    0.1817     52.6579
    0.1818     52.6321
    0.1819     52.6063
    0.1820     52.5805
    0.1821     52.5547
    0.1822     52.5289
    0.1823     52.5032
    0.1824     52.4774
    0.1825     52.4516
    0.1826     52.4258
    0.1827     52.4000
    0.1829     52.3434
    0.1830     52.3151
    0.1831     52.2869
    0.1832     52.2586
    0.1833     52.2303
    0.1834     52.2020
    0.1835     52.1737
    0.1836     52.1454
    0.1837     52.1171
    0.1838     52.0889
    0.1839     52.0606
    0.1840     52.0323
    0.1841     52.0040
    0.1842     51.9757
    0.1843     51.9474
    0.1844     51.9191
    0.1845     51.8909
    0.1846     51.8626
    0.1847     51.8343
    0.1848     51.8060
    0.1849     51.7777
    0.1850     51.7494
    0.1851     51.7211
    0.1852     51.6929
    0.1853     51.6646
    0.1854     51.6363
    0.1855     51.6080
    0.1856     51.5797
    0.1857     51.5514
    0.1858     51.5231
    0.1859     51.4949
    0.1860     51.4666
    0.1861     51.4383
    0.1862     51.4100
    0.1864     51.3537
    0.1865     51.3256
    0.1866     51.2974
    0.1867     51.2693
    0.1868     51.2412
    0.1869     51.2130
    0.1870     51.1849
    0.1871     51.1567
    0.1872     51.1286
    0.1873     51.1005
    0.1874     51.0723
    0.1875     51.0442
    0.1876     51.0160
    0.1877     50.9879
    0.1878     50.9598
    0.1879     50.9316
    0.1880     50.9035
    0.1881     50.8753
    0.1882     50.8472
    0.1883     50.8191
    0.1884     50.7909
    0.1885     50.7628
    0.1886     50.7347
    0.1887     50.7065
    0.1888     50.6784
    0.1889     50.6502
    0.1890     50.6221
    0.1891     50.5940
    0.1892     50.5658
    0.1893     50.5377
    0.1894     50.5095
    0.1895     50.4814
    0.1896     50.4533
    0.1897     50.4251
    0.1898     50.3970
    0.1899     50.3688
    0.1900     50.3407
    0.1901     50.3126
    0.1902     50.2844
    0.1903     50.2563
    0.1904     50.2281
    0.1905     50.2000
    0.1907     50.1419
    0.1908     50.1128
    0.1909     50.0838
    0.1910     50.0547
    0.1911     50.0256
    0.1912     49.9966
    0.1913     49.9675
    0.1914     49.9384
    0.1915     49.9094
    0.1916     49.8803
    0.1917     49.8513
    0.1918     49.8222
    0.1919     49.7931
    0.1920     49.7641
    0.1921     49.7350
    0.1922     49.7059
    0.1923     49.6769
    0.1924     49.6478
    0.1925     49.6188
    0.1926     49.5897
    0.1927     49.5606
    0.1928     49.5316
    0.1929     49.5025
    0.1930     49.4734
    0.1931     49.4444
    0.1932     49.4153
    0.1933     49.3863
    0.1934     49.3572
    0.1935     49.3281
    0.1936     49.2991
    0.1937     49.2700
    0.1939     49.2067
    0.1940     49.1750
    0.1941     49.1433
    0.1942     49.1117
    0.1943     49.0800
    0.1944     49.0483
    0.1945     49.0167
    0.1946     48.9850
    0.1947     48.9533
    0.1948     48.9217
    0.1949     48.8900
    0.1950     48.8583
    0.1951     48.8267
    0.1952     48.7950
    0.1953     48.7633
    0.1954     48.7317
    0.1955     48.7000
    0.1956     48.6683
    0.1957     48.6367
    0.1958     48.6050
    0.1959     48.5733
    0.1960     48.5417
    0.1961     48.5100
    0.1962     48.4783
    0.1963     48.4467
    0.1964     48.4150
    0.1965     48.3833
    0.1966     48.3517
    0.1967     48.3200
    0.1969     48.2731
    0.1970     48.2496
    0.1971     48.2262
    0.1972     48.2027
    0.1973     48.1792
    0.1974     48.1558
    0.1975     48.1323
    0.1976     48.1088
    0.1977     48.0854
    0.1978     48.0619
    0.1979     48.0385
    0.1980     48.0150
    0.1981     47.9915
    0.1982     47.9681
    0.1983     47.9446
    0.1984     47.9212
    0.1985     47.8977
    0.1986     47.8742
    0.1987     47.8508
    0.1988     47.8273
    0.1989     47.8038
    0.1990     47.7804
    0.1991     47.7569
    0.1992     47.7335
    0.1993     47.7100
    0.1995     47.6460
    0.1996     47.6140
    0.1997     47.5820
    0.1998     47.5500
    0.1999     47.5180
    0.2000     47.4860
    0.2001     47.4540
    0.2002     47.4220
    0.2003     47.3900
    0.2004     47.3580
    0.2005     47.3260
    0.2006     47.2940
    0.2007     47.2620
    0.2008     47.2300
    0.2009     47.1980
    0.2010     47.1660
    0.2011     47.1340
    0.2012     47.1020
    0.2013     47.0700
    0.2015     47.0224
    0.2016     46.9986
    0.2017     46.9748
    0.2018     46.9510
    0.2019     46.9272
    0.2020     46.9034
    0.2021     46.8797
    0.2022     46.8559
    0.2023     46.8321
    0.2024     46.8083
    0.2025     46.7845
    0.2026     46.7607
    0.2027     46.7369
    0.2028     46.7131
    0.2029     46.6893
    0.2030     46.6655
    0.2031     46.6417
    0.2032     46.6179
    0.2033     46.5941
    0.2034     46.5703
    0.2035     46.5466
    0.2036     46.5228
    0.2037     46.4990
    0.2038     46.4752
    0.2039     46.4514
    0.2040     46.4276
    0.2041     46.4038
    0.2042     46.3800
    0.2044     46.3190
    0.2045     46.2885
    0.2046     46.2580
    0.2047     46.2275
    0.2048     46.1970
    0.2049     46.1665
    0.2050     46.1360
    0.2051     46.1055
    0.2052     46.0750
    0.2053     46.0445
    0.2054     46.0140
    0.2055     45.9835
    0.2056     45.9530
    0.2057     45.9225
    0.2058     45.8920
    0.2059     45.8615
    0.2060     45.8310
    0.2061     45.8005
    0.2062     45.7700
    0.2064     45.7203
    0.2065     45.6954
    0.2066     45.6706
    0.2067     45.6457
    0.2068     45.6209
    0.2069     45.5960
    0.2070     45.5711
    0.2071     45.5463
    0.2072     45.5214
    0.2073     45.4966
    0.2074     45.4717
    0.2075     45.4469
    0.2076     45.4220
    0.2077     45.3971
    0.2078     45.3723
    0.2079     45.3474
    0.2080     45.3226
    0.2081     45.2977
    0.2082     45.2729
    0.2083     45.2480
    0.2084     45.2231
    0.2085     45.1983
    0.2086     45.1734
    0.2087     45.1486
    0.2088     45.1237
    0.2089     45.0989
    0.2090     45.0740
    0.2091     45.0491
    0.2092     45.0243
    0.2093     44.9994
    0.2094     44.9746
    0.2095     44.9497
    0.2096     44.9249
    0.2097     44.9000
    0.2099     44.8503
    0.2100     44.8255
    0.2101     44.8007
    0.2102     44.7759
    0.2103     44.7510
    0.2104     44.7262
    0.2105     44.7014
    0.2106     44.6766
    0.2107     44.6517
    0.2108     44.6269
    0.2109     44.6021
    0.2110     44.5772
    0.2111     44.5524
    0.2112     44.5276
    0.2113     44.5028
    0.2114     44.4779
    0.2115     44.4531
    0.2116     44.4283
    0.2117     44.4034
    0.2118     44.3786
    0.2119     44.3538
    0.2120     44.3290
    0.2121     44.3041
    0.2122     44.2793
    0.2123     44.2545
    0.2124     44.2297
    0.2125     44.2048
    0.2126     44.1800
    0.2128     44.1262
    0.2129     44.0992
    0.2130     44.0723
    0.2131     44.0454
    0.2132     44.0185
    0.2133     43.9915
    0.2134     43.9646
    0.2135     43.9377
    0.2136     43.9108
    0.2137     43.8838
    0.2138     43.8569
    0.2139     43.8300
    0.2140     43.8031
    0.2141     43.7762
    0.2142     43.7492
    0.2143     43.7223
    0.2144     43.6954
    0.2145     43.6685
    0.2146     43.6415
    0.2147     43.6146
    0.2148     43.5877
    0.2149     43.5608
    0.2150     43.5338
    0.2151     43.5069
    0.2152     43.4800
    0.2154     43.4389
    0.2155     43.4183
    0.2156     43.3977
    0.2157     43.3771
    0.2158     43.3566
    0.2159     43.3360
    0.2160     43.3154
    0.2161     43.2949
    0.2162     43.2743
    0.2163     43.2537
    0.2164     43.2331
    0.2165     43.2126
    0.2166     43.1920
    0.2167     43.1714
    0.2168     43.1509
    0.2169     43.1303
    0.2170     43.1097
    0.2171     43.0891
    0.2172     43.0686
    0.2173     43.0480
    0.2174     43.0274
    0.2175     43.0069
    0.2176     42.9863
    0.2177     42.9657
    0.2178     42.9451
    0.2179     42.9246
    0.2180     42.9040
    0.2181     42.8834
    0.2182     42.8629
    0.2183     42.8423
    0.2184     42.8217
    0.2185     42.8011
    0.2186     42.7806
    0.2187     42.7600
    0.2189     42.7131
    0.2190     42.6897
    0.2191     42.6663
    0.2192     42.6428
    0.2193     42.6194
    0.2194     42.5959
    0.2195     42.5725
    0.2196     42.5491
    0.2197     42.5256
    0.2198     42.5022
    0.2199     42.4788
    0.2200     42.4553
    0.2201     42.4319
    0.2202     42.4084
    0.2203     42.3850
    0.2204     42.3616
    0.2205     42.3381
    0.2206     42.3147
    0.2207     42.2913
    0.2208     42.2678
    0.2209     42.2444
    0.2210     42.2209
    0.2211     42.1975
    0.2212     42.1741
    0.2213     42.1506
    0.2214     42.1272
    0.2215     42.1038
    0.2216     42.0803
    0.2217     42.0569
    0.2218     42.0334
    0.2219     42.0100
    0.2221     41.9576
    0.2222     41.9314
    0.2223     41.9052
    0.2224     41.8790
    0.2225     41.8528
    0.2226     41.8266
    0.2227     41.8003
    0.2228     41.7741
    0.2229     41.7479
    0.2230     41.7217
    0.2231     41.6955
    0.2232     41.6693
    0.2233     41.6431
    0.2234     41.6169
    0.2235     41.5907
    0.2236     41.5645
    0.2237     41.5383
    0.2238     41.5121
    0.2239     41.4859
    0.2240     41.4597
    0.2241     41.4334
    0.2242     41.4072
    0.2243     41.3810
    0.2244     41.3548
    0.2245     41.3286
    0.2246     41.3024
    0.2247     41.2762
    0.2248     41.2500
    0.2250     41.1994
    0.2251     41.1741
    0.2252     41.1488
    0.2253     41.1234
    0.2254     41.0981
    0.2255     41.0728
    0.2256     41.0475
    0.2257     41.0222
    0.2258     40.9969
    0.2259     40.9716
    0.2260     40.9463
    0.2261     40.9209
    0.2262     40.8956
    0.2263     40.8703
    0.2264     40.8450
    0.2265     40.8197
    0.2266     40.7944
    0.2267     40.7691
    0.2268     40.7438
    0.2269     40.7184
    0.2270     40.6931
    0.2271     40.6678
    0.2272     40.6425
    0.2273     40.6172
    0.2274     40.5919
    0.2275     40.5666
    0.2276     40.5413
    0.2277     40.5159
    0.2278     40.4906
    0.2279     40.4653
    0.2280     40.4400
    0.2282     40.3948
    0.2283     40.3722
    0.2284     40.3496
    0.2285     40.3270
    0.2286     40.3043
    0.2287     40.2817
    0.2288     40.2591
    0.2289     40.2365
    0.2290     40.2139
    0.2291     40.1913
    0.2292     40.1687
    0.2293     40.1461
    0.2294     40.1235
    0.2295     40.1009
    0.2296     40.0783
    0.2297     40.0557
    0.2298     40.0330
    0.2299     40.0104
    0.2300     39.9878
    0.2301     39.9652
    0.2302     39.9426
    0.2303     39.9200
    0.2305     39.8738
    0.2306     39.8508
    0.2307     39.8277
    0.2308     39.8046
    0.2309     39.7815
    0.2310     39.7585
    0.2311     39.7354
    0.2312     39.7123
    0.2313     39.6892
    0.2314     39.6662
    0.2315     39.6431
    0.2316     39.6200
    0.2317     39.5969
    0.2318     39.5738
    0.2319     39.5508
    0.2320     39.5277
    0.2321     39.5046
    0.2322     39.4815
    0.2323     39.4585
    0.2324     39.4354
    0.2325     39.4123
    0.2326     39.3892
    0.2327     39.3662
    0.2328     39.3431
    0.2329     39.3200
    0.2331     39.2770
    0.2332     39.2556
    0.2333     39.2341
    0.2334     39.2126
    0.2335     39.1911
    0.2336     39.1696
    0.2337     39.1481
    0.2338     39.1267
    0.2339     39.1052
    0.2340     39.0837
    0.2341     39.0622
    0.2342     39.0407
    0.2343     39.0193
    0.2344     38.9978
    0.2345     38.9763
    0.2346     38.9548
    0.2347     38.9333
    0.2348     38.9119
    0.2349     38.8904
    0.2350     38.8689
    0.2351     38.8474
    0.2352     38.8259
    0.2353     38.8044
    0.2354     38.7830
    0.2355     38.7615
    0.2356     38.7400
    0.2358     38.6900
    0.2359     38.6650
    0.2360     38.6400
    0.2361     38.6150
    0.2362     38.5900
    0.2363     38.5650
    0.2364     38.5400
    0.2365     38.5150
    0.2366     38.4900
    0.2367     38.4650
    0.2368     38.4400
    0.2369     38.4150
    0.2370     38.3900
    0.2372     38.3350
    0.2373     38.3075
    0.2374     38.2800
    0.2375     38.2525
    0.2376     38.2250
    0.2377     38.1975
    0.2378     38.1700
    0.2379     38.1425
    0.2380     38.1150
    0.2381     38.0875
    0.2382     38.0600
    0.2383     38.0325
    0.2384     38.0050
    0.2385     37.9775
    0.2386     37.9500
    0.2387     37.9225
    0.2388     37.8950
    0.2389     37.8675
    0.2390     37.8400
    0.2392     37.7950
    0.2393     37.7725
    0.2394     37.7500
    0.2395     37.7275
    0.2396     37.7050
    0.2397     37.6825
    0.2398     37.6600
    0.2399     37.6375
    0.2400     37.6150
    0.2401     37.5925
    0.2402     37.5700
    0.2403     37.5475
    0.2404     37.5250
    0.2405     37.5025
    0.2406     37.4800
    0.2407     37.4575
    0.2408     37.4350
    0.2409     37.4125
    0.2410     37.3900
    0.2411     37.3675
    0.2412     37.3450
    0.2413     37.3225
    0.2414     37.3000
    0.2415     37.2775
    0.2416     37.2550
    0.2417     37.2325
    0.2418     37.2100
    0.2419     37.1875
    0.2420     37.1650
    0.2421     37.1425
    0.2422     37.1200
    0.2424     37.0766
    0.2425     37.0549
    0.2426     37.0331
    0.2427     37.0114
    0.2428     36.9897
    0.2429     36.9680
    0.2430     36.9463
    0.2431     36.9246
    0.2432     36.9029
    0.2433     36.8811
    0.2434     36.8594
    0.2435     36.8377
    0.2436     36.8160
    0.2437     36.7943
    0.2438     36.7726
    0.2439     36.7509
    0.2440     36.7291
    0.2441     36.7074
    0.2442     36.6857
    0.2443     36.6640
    0.2444     36.6423
    0.2445     36.6206
    0.2446     36.5989
    0.2447     36.5771
    0.2448     36.5554
    0.2449     36.5337
    0.2450     36.5120
    0.2451     36.4903
    0.2452     36.4686
    0.2453     36.4469
    0.2454     36.4251
    0.2455     36.4034
    0.2456     36.3817
    0.2457     36.3600
    0.2459     36.3223
    0.2460     36.3034
    0.2461     36.2846
    0.2462     36.2657
    0.2463     36.2469
    0.2464     36.2280
    0.2465     36.2091
    0.2466     36.1903
    0.2467     36.1714
    0.2468     36.1526
    0.2469     36.1337
    0.2470     36.1149
    0.2471     36.0960
    0.2472     36.0771
    0.2473     36.0583
    0.2474     36.0394
    0.2475     36.0206
    0.2476     36.0017
    0.2477     35.9829
    0.2478     35.9640
    0.2479     35.9451
    0.2480     35.9263
    0.2481     35.9074
    0.2482     35.8886
    0.2483     35.8697
    0.2484     35.8509
    0.2485     35.8320
    0.2486     35.8131
    0.2487     35.7943
    0.2488     35.7754
    0.2489     35.7566
    0.2490     35.7377
    0.2491     35.7189
    0.2492     35.7000
    0.2494     35.6441
    0.2495     35.6162
    0.2496     35.5883
    0.2497     35.5603
    0.2498     35.5324
    0.2499     35.5045
    0.2500     35.4766
    0.2501     35.4486
    0.2502     35.4207
    0.2503     35.3928
    0.2504     35.3648
    0.2505     35.3369
    0.2506     35.3090
    0.2507     35.2810
    0.2508     35.2531
    0.2509     35.2252
    0.2510     35.1972
    0.2511     35.1693
    0.2512     35.1414
    0.2513     35.1134
    0.2514     35.0855
    0.2515     35.0576
    0.2516     35.0297
    0.2517     35.0017
    0.2518     34.9738
    0.2519     34.9459
    0.2520     34.9179
    0.2521     34.8900
    0.2523     34.8532
    0.2524     34.8347
    0.2525     34.8163
    0.2526     34.7979
    0.2527     34.7795
    0.2528     34.7611
    0.2529     34.7426
    0.2530     34.7242
    0.2531     34.7058
    0.2532     34.6874
    0.2533     34.6689
    0.2534     34.6505
    0.2535     34.6321
    0.2536     34.6137
    0.2537     34.5953
    0.2538     34.5768
    0.2539     34.5584
    0.2540     34.5400
    0.2541     34.5216
    0.2542     34.5032
    0.2543     34.4847
    0.2544     34.4663
    0.2545     34.4479
    0.2546     34.4295
    0.2547     34.4111
    0.2548     34.3926
    0.2549     34.3742
    0.2550     34.3558
    0.2551     34.3374
    0.2552     34.3189
    0.2553     34.3005
    0.2554     34.2821
    0.2555     34.2637
    0.2556     34.2453
    0.2557     34.2268
    0.2558     34.2084
    0.2559     34.1900
    0.2561     34.1469
    0.2562     34.1253
    0.2563     34.1038
    0.2564     34.0822
    0.2565     34.0606
    0.2566     34.0391
    0.2567     34.0175
    0.2568     33.9959
    0.2569     33.9744
    0.2570     33.9528
    0.2571     33.9313
    0.2572     33.9097
    0.2573     33.8881
    0.2574     33.8666
    0.2575     33.8450
    0.2576     33.8234
    0.2577     33.8019
    0.2578     33.7803
    0.2579     33.7588
    0.2580     33.7372
    0.2581     33.7156
    0.2582     33.6941
    0.2583     33.6725
    0.2584     33.6509
    0.2585     33.6294
    0.2586     33.6078
    0.2587     33.5863
    0.2588     33.5647
    0.2589     33.5431
    0.2590     33.5216
    0.2591     33.5000
    0.2593     33.4571
    0.2594     33.4357
    0.2595     33.4143
    0.2596     33.3929
    0.2597     33.3714
    0.2598     33.3500
    0.2599     33.3286
    0.2600     33.3071
    0.2601     33.2857
    0.2602     33.2643
    0.2603     33.2429
    0.2604     33.2214
    0.2605     33.2000
    0.2606     33.1786
    0.2607     33.1571
    0.2608     33.1357
    0.2609     33.1143
    0.2610     33.0929
    0.2611     33.0714
    0.2612     33.0500
    0.2613     33.0286
    0.2614     33.0071
    0.2615     32.9857
    0.2616     32.9643
    0.2617     32.9429
    0.2618     32.9214
    0.2619     32.9000
    0.2620     32.8786
    0.2621     32.8571
    0.2622     32.8357
    0.2623     32.8143
    0.2624     32.7929
    0.2625     32.7714
    0.2626     32.7500
    0.2627     32.7286
    0.2628     32.7071
    0.2629     32.6857
    0.2630     32.6643
    0.2631     32.6429
    0.2632     32.6214
    0.2633     32.6000
    0.2634     32.5786
    0.2635     32.5571
    0.2636     32.5357
    0.2637     32.5143
    0.2638     32.4929
    0.2639     32.4714
    0.2640     32.4500
    0.2642     32.3869
    0.2643     32.3553
    0.2644     32.3238
    0.2645     32.2922
    0.2646     32.2606
    0.2647     32.2291
    0.2648     32.1975
    0.2649     32.1659
    0.2650     32.1344
    0.2651     32.1028
    0.2652     32.0713
    0.2653     32.0397
    0.2654     32.0081
    0.2655     31.9766
    0.2656     31.9450
    0.2657     31.9134
    0.2658     31.8819
    0.2659     31.8503
    0.2660     31.8188
    0.2661     31.7872
    0.2662     31.7556
    0.2663     31.7241
    0.2664     31.6925
    0.2665     31.6609
    0.2666     31.6294
    0.2667     31.5978
    0.2668     31.5663
    0.2669     31.5347
    0.2670     31.5031
    0.2671     31.4716
    0.2672     31.4400
    0.2674     31.4135
    0.2675     31.4003
    0.2676     31.3870
    0.2677     31.3738
    0.2678     31.3605
    0.2679     31.3473
    0.2680     31.3341
    0.2681     31.3208
    0.2682     31.3076
    0.2683     31.2943
    0.2684     31.2811
    0.2685     31.2678
    0.2686     31.2546
    0.2687     31.2414
    0.2688     31.2281
    0.2689     31.2149
    0.2690     31.2016
    0.2691     31.1884
    0.2692     31.1751
    0.2693     31.1619
    0.2694     31.1486
    0.2695     31.1354
    0.2696     31.1222
    0.2697     31.1089
    0.2698     31.0957
    0.2699     31.0824
    0.2700     31.0692
    0.2701     31.0559
    0.2702     31.0427
    0.2703     31.0295
    0.2704     31.0162
    0.2705     31.0030
    0.2706     30.9897
    0.2707     30.9765
    0.2708     30.9632
    0.2709     30.9500
    0.2711     30.9067
    0.2712     30.8850
    0.2713     30.8633
    0.2714     30.8417
    0.2715     30.8200
    0.2716     30.7983
    0.2717     30.7767
    0.2718     30.7550
    0.2719     30.7333
    0.2720     30.7117
    0.2721     30.6900
    0.2722     30.6683
    0.2723     30.6467
    0.2724     30.6250
    0.2725     30.6033
    0.2726     30.5817
    0.2727     30.5600
    0.2728     30.5383
    0.2729     30.5167
    0.2730     30.4950
    0.2731     30.4733
    0.2732     30.4517
    0.2733     30.4300
    0.2735     30.3941
    0.2736     30.3762
    0.2737     30.3582
    0.2738     30.3403
    0.2739     30.3224
    0.2740     30.3044
    0.2741     30.2865
    0.2742     30.2685
    0.2743     30.2506
    0.2744     30.2326
    0.2745     30.2147
    0.2746     30.1968
    0.2747     30.1788
    0.2748     30.1609
    0.2749     30.1429
    0.2750     30.1250
    0.2751     30.1071
    0.2752     30.0891
    0.2753     30.0712
    0.2754     30.0532
    0.2755     30.0353
    0.2756     30.0174
    0.2757     29.9994
    0.2758     29.9815
    0.2759     29.9635
    0.2760     29.9456
    0.2761     29.9276
    0.2762     29.9097
    0.2763     29.8918
    0.2764     29.8738
    0.2765     29.8559
    0.2766     29.8379
    0.2767     29.8200
    0.2769     29.7738
    0.2770     29.7507
    0.2771     29.7276
    0.2772     29.7045
    0.2773     29.6814
    0.2774     29.6583
    0.2775     29.6352
    0.2776     29.6121
    0.2777     29.5890
    0.2778     29.5659
    0.2779     29.5428
    0.2780     29.5197
    0.2781     29.4966
    0.2782     29.4734
    0.2783     29.4503
    0.2784     29.4272
    0.2785     29.4041
    0.2786     29.3810
    0.2787     29.3579
    0.2788     29.3348
    0.2789     29.3117
    0.2790     29.2886
    0.2791     29.2655
    0.2792     29.2424
    0.2793     29.2193
    0.2794     29.1962
    0.2795     29.1731
    0.2796     29.1500
    0.2798     29.1100
    0.2799     29.0900
    0.2800     29.0700
    0.2801     29.0500
    0.2802     29.0300
    0.2803     29.0100
    0.2804     28.9900
    0.2805     28.9700
    0.2806     28.9500
    0.2807     28.9300
    0.2808     28.9100
    0.2809     28.8900
    0.2810     28.8700
    0.2811     28.8500
    0.2812     28.8300
    0.2813     28.8100
    0.2814     28.7900
    0.2815     28.7700
    0.2816     28.7500
    0.2817     28.7300
    0.2818     28.7100
    0.2819     28.6900
    0.2820     28.6700
    0.2821     28.6500
    0.2822     28.6300
    0.2823     28.6100
    0.2824     28.5900
    0.2825     28.5700
    0.2826     28.5500
    0.2827     28.5300
    0.2828     28.5100
    0.2830     28.4723
    0.2831     28.4534
    0.2832     28.4346
    0.2833     28.4157
    0.2834     28.3969
    0.2835     28.3780
    0.2836     28.3591
    0.2837     28.3403
    0.2838     28.3214
    0.2839     28.3026
    0.2840     28.2837
    0.2841     28.2649
    0.2842     28.2460
    0.2843     28.2271
    0.2844     28.2083
    0.2845     28.1894
    0.2846     28.1706
    0.2847     28.1517
    0.2848     28.1329
    0.2849     28.1140
    0.2850     28.0951
    0.2851     28.0763
    0.2852     28.0574
    0.2853     28.0386
    0.2854     28.0197
    0.2855     28.0009
    0.2856     27.9820
    0.2857     27.9631
    0.2858     27.9443
    0.2859     27.9254
    0.2860     27.9066
    0.2861     27.8877
    0.2862     27.8689
    0.2863     27.8500
    0.2865     27.8079
    0.2866     27.7869
    0.2867     27.7659
    0.2868     27.7448
    0.2869     27.7238
    0.2870     27.7028
    0.2871     27.6817
    0.2872     27.6607
    0.2873     27.6397
    0.2874     27.6186
    0.2875     27.5976
    0.2876     27.5766
    0.2877     27.5555
    0.2878     27.5345
    0.2879     27.5134
    0.2880     27.4924
    0.2881     27.4714
    0.2882     27.4503
    0.2883     27.4293
    0.2884     27.4083
    0.2885     27.3872
    0.2886     27.3662
    0.2887     27.3452
    0.2888     27.3241
    0.2889     27.3031
    0.2890     27.2821
    0.2891     27.2610
    0.2892     27.2400
    0.2894     27.2008
    0.2895     27.1812
    0.2896     27.1616
    0.2897     27.1420
    0.2898     27.1224
    0.2899     27.1029
    0.2900     27.0833
    0.2901     27.0637
    0.2902     27.0441
    0.2903     27.0245
    0.2904     27.0049
    0.2905     26.9853
    0.2906     26.9657
    0.2907     26.9461
    0.2908     26.9265
    0.2909     26.9069
    0.2910     26.8873
    0.2911     26.8678
    0.2912     26.8482
    0.2913     26.8286
    0.2914     26.8090
    0.2915     26.7894
    0.2916     26.7698
    0.2917     26.7502
    0.2918     26.7306
    0.2919     26.7110
    0.2920     26.6914
    0.2921     26.6718
    0.2922     26.6522
    0.2923     26.6327
    0.2924     26.6131
    0.2925     26.5935
    0.2926     26.5739
    0.2927     26.5543
    0.2928     26.5347
    0.2929     26.5151
    0.2930     26.4955
    0.2931     26.4759
    0.2932     26.4563
    0.2933     26.4367
    0.2934     26.4171
    0.2935     26.3976
    0.2936     26.3780
    0.2937     26.3584
    0.2938     26.3388
    0.2939     26.3192
    0.2940     26.2996
    0.2941     26.2800
    0.2943     26.2396
    0.2944     26.2194
    0.2945     26.1991
    0.2946     26.1789
    0.2947     26.1587
    0.2948     26.1385
    0.2949     26.1183
    0.2950     26.0981
    0.2951     26.0779
    0.2952     26.0577
    0.2953     26.0374
    0.2954     26.0172
    0.2955     25.9970
    0.2956     25.9768
    0.2957     25.9566
    0.2958     25.9364
    0.2959     25.9162
    0.2960     25.8960
    0.2961     25.8757
    0.2962     25.8555
    0.2963     25.8353
    0.2964     25.8151
    0.2965     25.7949
    0.2966     25.7747
    0.2967     25.7545
    0.2968     25.7343
    0.2969     25.7140
    0.2970     25.6938
    0.2971     25.6736
    0.2972     25.6534
    0.2973     25.6332
    0.2974     25.6130
    0.2975     25.5928
    0.2976     25.5726
    0.2977     25.5523
    0.2978     25.5321
    0.2979     25.5119
    0.2980     25.4917
    0.2981     25.4715
    0.2982     25.4513
    0.2983     25.4311
    0.2984     25.4109
    0.2985     25.3906
    0.2986     25.3704
    0.2987     25.3502
    0.2988     25.3300
    0.2990     25.2854
    0.2991     25.2631
    0.2992     25.2408
    0.2993     25.2185
    0.2994     25.1962
    0.2995     25.1738
    0.2996     25.1515
    0.2997     25.1292
    0.2998     25.1069
    0.2999     25.0846
    0.3000     25.0623
    0.3001     25.0400
    0.3002     25.0177
    0.3003     24.9954
    0.3004     24.9731
    0.3005     24.9508
    0.3006     24.9285
    0.3007     24.9062
    0.3008     24.8838
    0.3009     24.8615
    0.3010     24.8392
    0.3011     24.8169
    0.3012     24.7946
    0.3013     24.7723
    0.3014     24.7500
    0.3016     24.7063
    0.3017     24.6844
    0.3018     24.6625
    0.3019     24.6406
    0.3020     24.6188
    0.3021     24.5969
    0.3022     24.5750
    0.3023     24.5531
    0.3024     24.5313
    0.3025     24.5094
    0.3026     24.4875
    0.3027     24.4656
    0.3028     24.4438
    0.3029     24.4219
    0.3030     24.4000
    0.3031     24.3781
    0.3032     24.3563
    0.3033     24.3344
    0.3034     24.3125
    0.3035     24.2906
    0.3036     24.2688
    0.3037     24.2469
    0.3038     24.2250
    0.3039     24.2031
    0.3040     24.1813
    0.3041     24.1594
    0.3042     24.1375
    0.3043     24.1156
    0.3044     24.0938
    0.3045     24.0719
    0.3046     24.0500
    0.3048     24.0123
    0.3049     23.9935
    0.3050     23.9746
    0.3051     23.9558
    0.3052     23.9369
    0.3053     23.9181
    0.3054     23.8992
    0.3055     23.8804
    0.3056     23.8615
    0.3057     23.8427
    0.3058     23.8238
    0.3059     23.8050
    0.3060     23.7862
    0.3061     23.7673
    0.3062     23.7485
    0.3063     23.7296
    0.3064     23.7108
    0.3065     23.6919
    0.3066     23.6731
    0.3067     23.6542
    0.3068     23.6354
    0.3069     23.6165
    0.3070     23.5977
    0.3071     23.5788
    0.3072     23.5600
    0.3074     23.5179
    0.3075     23.4969
    0.3076     23.4759
    0.3077     23.4548
    0.3078     23.4338
    0.3079     23.4128
    0.3080     23.3917
    0.3081     23.3707
    0.3082     23.3497
    0.3083     23.3286
    0.3084     23.3076
    0.3085     23.2866
    0.3086     23.2655
    0.3087     23.2445
    0.3088     23.2234
    0.3089     23.2024
    0.3090     23.1814
    0.3091     23.1603
    0.3092     23.1393
    0.3093     23.1183
    0.3094     23.0972
    0.3095     23.0762
    0.3096     23.0552
    0.3097     23.0341
    0.3098     23.0131
    0.3099     22.9921
    0.3100     22.9710
    0.3101     22.9500
    0.3103     22.9070
    0.3104     22.8855
    0.3105     22.8640
    0.3106     22.8425
    0.3107     22.8210
    0.3108     22.7995
    0.3109     22.7780
    0.3110     22.7565
    0.3111     22.7350
    0.3112     22.7135
    0.3113     22.6920
    0.3114     22.6705
    0.3115     22.6490
    0.3116     22.6275
    0.3117     22.6060
    0.3118     22.5845
    0.3119     22.5630
    0.3120     22.5415
    0.3121     22.5200
    0.3123     22.4724
    0.3124     22.4486
    0.3125     22.4248
    0.3126     22.4010
    0.3127     22.3772
    0.3128     22.3534
    0.3129     22.3297
    0.3130     22.3059
    0.3131     22.2821
    0.3132     22.2583
    0.3133     22.2345
    0.3134     22.2107
    0.3135     22.1869
    0.3136     22.1631
    0.3137     22.1393
    0.3138     22.1155
    0.3139     22.0917
    0.3140     22.0679
    0.3141     22.0441
    0.3142     22.0203
    0.3143     21.9966
    0.3144     21.9728
    0.3145     21.9490
    0.3146     21.9252
    0.3147     21.9014
    0.3148     21.8776
    0.3149     21.8538
    0.3150     21.8300
    0.3152     21.7915
    0.3153     21.7723
    0.3154     21.7531
    0.3155     21.7338
    0.3156     21.7146
    0.3157     21.6954
    0.3158     21.6762
    0.3159     21.6569
    0.3160     21.6377
    0.3161     21.6185
    0.3162     21.5992
    0.3163     21.5800
    0.3164     21.5608
    0.3165     21.5415
    0.3166     21.5223
    0.3167     21.5031
    0.3168     21.4838
    0.3169     21.4646
    0.3170     21.4454
    0.3171     21.4262
    0.3172     21.4069
    0.3173     21.3877
    0.3174     21.3685
    0.3175     21.3492
    0.3176     21.3300
    0.3178     21.2895
    0.3179     21.2693
    0.3180     21.2491
    0.3181     21.2288
    0.3182     21.2086
    0.3183     21.1884
    0.3184     21.1681
    0.3185     21.1479
    0.3186     21.1277
    0.3187     21.1074
    0.3188     21.0872
    0.3189     21.0670
    0.3190     21.0467
    0.3191     21.0265
    0.3192     21.0063
    0.3193     20.9860
    0.3194     20.9658
    0.3195     20.9456
    0.3196     20.9253
    0.3197     20.9051
    0.3198     20.8849
    0.3199     20.8647
    0.3200     20.8444
    0.3201     20.8242
    0.3202     20.8040
    0.3203     20.7837
    0.3204     20.7635
    0.3205     20.7433
    0.3206     20.7230
    0.3207     20.7028
    0.3208     20.6826
    0.3209     20.6623
    0.3210     20.6421
    0.3211     20.6219
    0.3212     20.6016
    0.3213     20.5814
    0.3214     20.5612
    0.3215     20.5409
    0.3216     20.5207
    0.3217     20.5005
    0.3218     20.4802
    0.3219     20.4600
    0.3221     20.4232
    0.3222     20.4048
    0.3223     20.3864
    0.3224     20.3680
    0.3225     20.3496
    0.3226     20.3312
    0.3227     20.3128
    0.3228     20.2944
    0.3229     20.2760
    0.3230     20.2576
    0.3231     20.2392
    0.3232     20.2208
    0.3233     20.2024
    0.3234     20.1840
    0.3235     20.1656
    0.3236     20.1472
    0.3237     20.1288
    0.3238     20.1104
    0.3239     20.0920
    0.3240     20.0736
    0.3241     20.0552
    0.3242     20.0368
    0.3243     20.0184
    0.3244     20.0000
    0.3245     19.9816
    0.3246     19.9632
    0.3247     19.9448
    0.3248     19.9264
    0.3249     19.9080
    0.3250     19.8896
    0.3251     19.8712
    0.3252     19.8528
    0.3253     19.8344
    0.3254     19.8160
    0.3255     19.7976
    0.3256     19.7792
    0.3257     19.7608
    0.3258     19.7424
    0.3259     19.7240
    0.3260     19.7056
    0.3261     19.6872
    0.3262     19.6688
    0.3263     19.6504
    0.3264     19.6320
    0.3265     19.6136
    0.3266     19.5952
    0.3267     19.5768
    0.3268     19.5584
    0.3269     19.5400
    0.3271     19.4903
    0.3272     19.4654
    0.3273     19.4406
    0.3274     19.4157
    0.3275     19.3909
    0.3276     19.3660
    0.3277     19.3411
    0.3278     19.3163
    0.3279     19.2914
    0.3280     19.2666
    0.3281     19.2417
    0.3282     19.2169
    0.3283     19.1920
    0.3284     19.1671
    0.3285     19.1423
    0.3286     19.1174
    0.3287     19.0926
    0.3288     19.0677
    0.3289     19.0429
    0.3290     19.0180
    0.3291     18.9931
    0.3292     18.9683
    0.3293     18.9434
    0.3294     18.9186
    0.3295     18.8937
    0.3296     18.8689
    0.3297     18.8440
    0.3298     18.8191
    0.3299     18.7943
    0.3300     18.7694
    0.3301     18.7446
    0.3302     18.7197
    0.3303     18.6949
    0.3304     18.6700
    0.3306     18.6153
    0.3307     18.5879
    0.3308     18.5606
    0.3309     18.5332
    0.3310     18.5059
    0.3311     18.4785
    0.3312     18.4512
    0.3313     18.4238
    0.3314     18.3965
    0.3315     18.3691
    0.3316     18.3418
    0.3317     18.3144
    0.3318     18.2871
    0.3319     18.2597
    0.3320     18.2324
    0.3321     18.2050
    0.3322     18.1776
    0.3323     18.1503
    0.3324     18.1229
    0.3325     18.0956
    0.3326     18.0682
    0.3327     18.0409
    0.3328     18.0135
    0.3329     17.9862
    0.3330     17.9588
    0.3331     17.9315
    0.3332     17.9041
    0.3333     17.8768
    0.3334     17.8494
    0.3335     17.8221
    0.3336     17.7947
    0.3337     17.7674
    0.3338     17.7400
    0.3340     17.6825
    0.3341     17.6538
    0.3342     17.6250
    0.3343     17.5963
    0.3344     17.5675
    0.3345     17.5388
    0.3346     17.5100
    0.3347     17.4813
    0.3348     17.4525
    0.3349     17.4238
    0.3350     17.3950
    0.3351     17.3663
    0.3352     17.3375
    0.3353     17.3088
    0.3354     17.2800
    0.3355     17.2513
    0.3356     17.2225
    0.3357     17.1938
    0.3358     17.1650
    0.3359     17.1363
    0.3360     17.1075
    0.3361     17.0788
    0.3362     17.0500
    0.3363     17.0213
    0.3364     16.9925
    0.3365     16.9638
    0.3366     16.9350
    0.3367     16.9063
    0.3368     16.8775
    0.3369     16.8488
    0.3370     16.8200
    0.3372     16.7656
    0.3373     16.7384
    0.3374     16.7113
    0.3375     16.6841
    0.3376     16.6569
    0.3377     16.6297
    0.3378     16.6025
    0.3379     16.5753
    0.3380     16.5481
    0.3381     16.5209
    0.3382     16.4938
    0.3383     16.4666
    0.3384     16.4394
    0.3385     16.4122
    0.3386     16.3850
    0.3387     16.3578
    0.3388     16.3306
    0.3389     16.3034
    0.3390     16.2763
    0.3391     16.2491
    0.3392     16.2219
    0.3393     16.1947
    0.3394     16.1675
    0.3395     16.1403
    0.3396     16.1131
    0.3397     16.0859
    0.3398     16.0588
    0.3399     16.0316
    0.3400     16.0044
    0.3401     15.9772
    0.3402     15.9500
    0.3404     15.8896
    0.3405     15.8594
    0.3406     15.8292
    0.3407     15.7990
    0.3408     15.7688
    0.3409     15.7386
    0.3410     15.7084
    0.3411     15.6782
    0.3412     15.6480
    0.3413     15.6178
    0.3414     15.5876
    0.3415     15.5574
    0.3416     15.5272
    0.3417     15.4970
    0.3418     15.4668
    0.3419     15.4366
    0.3420     15.4064
    0.3421     15.3762
    0.3422     15.3460
    0.3423     15.3158
    0.3424     15.2856
    0.3425     15.2554
    0.3426     15.2252
    0.3427     15.1950
    0.3428     15.1648
    0.3429     15.1346
    0.3430     15.1044
    0.3431     15.0742
    0.3432     15.0440
    0.3433     15.0138
    0.3434     14.9836
    0.3435     14.9534
    0.3436     14.9232
    0.3437     14.8930
    0.3438     14.8628
    0.3439     14.8326
    0.3440     14.8024
    0.3441     14.7722
    0.3442     14.7420
    0.3443     14.7118
    0.3444     14.6816
    0.3445     14.6514
    0.3446     14.6212
    0.3447     14.5910
    0.3448     14.5608
    0.3449     14.5306
    0.3450     14.5004
    0.3451     14.4702
    0.3452     14.4400
    0.3454     14.3590
    0.3455     14.3185
    0.3456     14.2780
    0.3457     14.2375
    0.3458     14.1970
    0.3459     14.1565
    0.3460     14.1160
    0.3461     14.0755
    0.3462     14.0350
    0.3463     13.9945
    0.3464     13.9540
    0.3465     13.9135
    0.3466     13.8730
    0.3467     13.8325
    0.3468     13.7920
    0.3469     13.7515
    0.3470     13.7110
    0.3471     13.6705
    0.3472     13.6300
    0.3474     13.5344
    0.3475     13.4867
    0.3476     13.4389
    0.3477     13.3911
    0.3478     13.3433
    0.3479     13.2956
    0.3480     13.2478
    0.3481     13.2000
    0.3482     13.1522
    0.3483     13.1044
    0.3484     13.0567
    0.3485     13.0089
    0.3486     12.9611
    0.3487     12.9133
    0.3488     12.8656
    0.3489     12.8178
    0.3490     12.7700
    0.3492     12.6800
    0.3493     12.6350
    0.3494     12.5900
    0.3495     12.5450
    0.3496     12.5000
    0.3497     12.4550
    0.3498     12.4100
    0.3499     12.3650
    0.3500     12.3200
    0.3501     12.2750
    0.3502     12.2300
    0.3503     12.1850
    0.3504     12.1400
    0.3505     12.0950
    0.3506     12.0500
    0.3507     12.0050
    0.3508     11.9600
    0.3510     11.7964
    0.3511     11.7146
    0.3512     11.6327
    0.3513     11.5509
    0.3514     11.4691
    0.3515     11.3873
    0.3516     11.3055
    0.3517     11.2236
    0.3518     11.1418
    0.3519     11.0600
    0.3521     10.8967
    0.3522     10.8150
    0.3523     10.7333
    0.3524     10.6517
    0.3525     10.5700
    0.3526     10.4883
    0.3527     10.4067
    0.3528     10.3250
    0.3529     10.2433
    0.3530     10.1617
    0.3531     10.0800
    0.3533      9.6770
    0.3534      9.4755
    0.3535      9.2740
    0.3535      9.2740
    0.3534      9.2201
    0.3533      9.1663
    0.3532      9.1124
    0.3531      9.0585
    0.3530      9.0047
    0.3529      8.9508
    0.3528      8.8969
    0.3527      8.8431
    0.3526      8.7892
    0.3525      8.7353
    0.3524      8.6815
    0.3523      8.6276
    0.3522      8.5737
    0.3521      8.5199
    0.3519      8.3470
    0.3518      8.2280
    0.3517      8.1090
    0.3516      7.9900
    0.3515      7.8710
    0.3514      7.7520
    0.3513      7.6330
    0.3511      7.4510
    0.3510      7.3880
    0.3509      7.3250
    0.3508      7.2620
    0.3507      7.1990
    0.3506      7.1360
    0.3505      7.0730
    0.3504      7.0100
    0.3503      6.9470
    0.3502      6.8840
    0.3501      6.8210
    0.3500      6.7580
    0.3499      6.6950
    0.3498      6.6320
    0.3497      6.5690
    0.3496      6.5060
    0.3495      6.4430
    0.3494      6.3800
    0.3493      6.3170
    0.3492      6.2540
    0.3491      6.1910
    0.3490      6.1280
    0.3489      6.0650
    0.3488      6.0020
    0.3487      5.9390
    0.3486      5.8760
    0.3485      5.8130
    0.3484      5.7500
    0.3483      5.6870
    0.3482      5.6240
    0.3481      5.5610
    0.3480      5.4980
    0.3479      5.4350
    0.3478      5.3720
    0.3477      5.3090
    0.3476      5.2460
    0.3475      5.1830
    0.3474      5.1200
    0.3473      5.0570
    0.3472      4.9940
    0.3471      4.9310
    0.3470      4.8680
    0.3469      4.8050
    0.3468      4.7420
    0.3467      4.6790
    0.3466      4.6160
    0.3465      4.5530
    0.3464      4.4900
    0.3463      4.4270
    0.3462      4.3640
    0.3461      4.3010
    0.3460      4.2380
    0.3459      4.1750
    0.3458      4.1120
    0.3457      4.0490
    0.3456      3.9860
    0.3455      3.9230
    0.3454      3.8600
    0.3453      3.7970
    0.3452      3.7340
    0.3451      3.6710
    0.3450      3.6080
    0.3449      3.5450
    0.3448      3.4820
    0.3447      3.4190
    0.3446      3.3560
    0.3445      3.2930
    0.3444      3.2300
    0.3443      3.1670
    0.3442      3.1040
    0.3441      3.0410
    0.3440      2.9780
    0.3439      2.9150
    0.3438      2.8520
    0.3437      2.7890
    0.3436      2.7260
    0.3435      2.6630
    0.3434      2.6000
    0.3433      2.5370
    0.3432      2.4740
    0.3431      2.4110
    0.3430      2.3480
    0.3429      2.2850
    0.3428      2.2220
    0.3427      2.1590
    0.3426      2.0960
    0.3425      2.0330
    0.3424      1.9700
    0.3423      1.9070
    0.3422      1.8440
    0.3421      1.7810
    0.3420      1.7180
    0.3419      1.6550
    0.3418      1.5920
    0.3417      1.5290
    0.3416      1.4660
    0.3415      1.4030
    0.3414      1.3400
    0.3413      1.2770
    0.3412      1.2140
    0.3411      1.1510
    0.3410      1.0880
    0.3409      1.0250
    0.3408      0.9620
    0.3407      0.8990
    0.3406      0.8360
    0.3405      0.7730
    0.3404      0.7100
    0.3403      0.6470
    0.3402      0.5840
    0.3401      0.5210
    0.3400      0.4580
    0.3399      0.3950
    0.3398      0.3320
    0.3397      0.2690
    0.3396      0.2060
    0.3395      0.1430
    0.3394      0.0800
    0.3393      0.0170
    0.3392     -0.0460
    0.3391     -0.1090
    0.3390     -0.1720
    0.3389     -0.2350
    0.3388     -0.2980
    0.3387     -0.3610
    0.3386     -0.4240
    0.3385     -0.4870
    0.3384     -0.5500
    0.3383     -0.6130
    0.3382     -0.6760
    0.3381     -0.7390
    0.3380     -0.8020
    0.3379     -0.8650
    0.3378     -0.9280
    0.3377     -0.9910
    0.3376     -1.0540
    0.3375     -1.1170
    0.3374     -1.1800
    0.3373     -1.2430
    0.3372     -1.3060
    0.3371     -1.3690
    0.3370     -1.4320
    0.3369     -1.4950
    0.3368     -1.5580
    0.3367     -1.6210
    0.3366     -1.6840
    0.3365     -1.7470
    0.3364     -1.8100
    0.3363     -1.8730
    0.3362     -1.9360
    0.3361     -1.9990
    0.3360     -2.0620
    0.3359     -2.1250
    0.3358     -2.1880
    0.3357     -2.2510
    0.3356     -2.3140
    0.3355     -2.3770
    0.3354     -2.4400
    0.3353     -2.5030
    0.3352     -2.5660
    0.3351     -2.6290
    0.3350     -2.6920
    0.3349     -2.7550
    0.3348     -2.8180
    0.3347     -2.8810
    0.3346     -2.9440
    0.3345     -3.0070
    0.3344     -3.0700
    0.3343     -3.1330
    0.3342     -3.1960
    0.3341     -3.2590
    0.3340     -3.3220
    0.3339     -3.3850
    0.3338     -3.4480
    0.3337     -3.5110
    0.3336     -3.5740
    0.3335     -3.6370
    0.3334     -3.7000
    0.3333     -3.7630
    0.3332     -3.8260
    0.3331     -3.8890
    0.3330     -3.9520
    0.3329     -4.0150
    0.3328     -4.0780
    0.3327     -4.1410
    0.3326     -4.2040
    0.3325     -4.2670
    0.3324     -4.3300
    0.3323     -4.3930
    0.3322     -4.4560
    0.3321     -4.5190
    0.3320     -4.5820
    0.3319     -4.6450
    0.3318     -4.7080
    0.3317     -4.7710
    0.3316     -4.8340
    0.3315     -4.8970
    0.3314     -4.9600
    0.3313     -5.0230
    0.3312     -5.0860
    0.3311     -5.1490
    0.3310     -5.2120
    0.3309     -5.2750
    0.3308     -5.3380
    0.3307     -5.4010
    0.3306     -5.4640
    0.3305     -5.5270
    0.3304     -5.5900
    0.3303     -5.6530
    0.3302     -5.7160
    0.3301     -5.7790
    0.3300     -5.8420
    0.3299     -5.9050
    0.3298     -5.9680
    0.3297     -6.0310
    0.3296     -6.0940
    0.3295     -6.1570
    0.3294     -6.2200
    0.3293     -6.2830
    0.3292     -6.3460
    0.3291     -6.4090
    0.3290     -6.4720
    0.3289     -6.5350
    0.3288     -6.5980
    0.3287     -6.6610
    0.3286     -6.7240
    0.3285     -6.7870
    0.3284     -6.8500
    0.3283     -6.9130
    0.3282     -6.9760
    0.3281     -7.0390
    0.3280     -7.1020
    0.3279     -7.1650
    0.3278     -7.2280
    0.3277     -7.2910
    0.3276     -7.3540
    0.3275     -7.4170
    0.3274     -7.4800
    0.3273     -7.5430
    0.3272     -7.6060
    0.3271     -7.6690
    0.3270     -7.7320
    0.3269     -7.7950
    0.3268     -7.8580
    0.3267     -7.9210
    0.3266     -7.9840
    0.3265     -8.0470
    0.3264     -8.1100
    0.3263     -8.1730
    0.3262     -8.2360
    0.3261     -8.2990
    0.3260     -8.3620
    0.3259     -8.4250
    0.3258     -8.4880
    0.3257     -8.5510
    0.3256     -8.6140
    0.3255     -8.6770
    0.3254     -8.7400
    0.3253     -8.8030
    0.3252     -8.8660
    0.3251     -8.9290
    0.3250     -8.9920
    0.3249     -9.0550
    0.3248     -9.1180
    0.3247     -9.1810
    0.3246     -9.2440
    0.3245     -9.3070
    0.3244     -9.3700
    0.3243     -9.4330
    0.3242     -9.4960
    0.3241     -9.5590
    0.3240     -9.6220
    0.3239     -9.6850
    0.3238     -9.7480
    0.3237     -9.8110
    0.3236     -9.8740
    0.3235     -9.9370
    0.3234    -10.0000
