#      D       Lambda1    TE = F8
    0.0510     85.0073
    0.0511     84.9679
    0.0512     84.9284
    0.0513     84.8890
    0.0514     84.8495
    0.0515     84.8101
    0.0516     84.7706
    0.0517     84.7312
    0.0518     84.6917
    0.0519     84.6522
    0.0520     84.6128
    0.0521     84.5733
    0.0522     84.5339
    0.0523     84.4944
    0.0524     84.4550
    0.0525     84.4155
    0.0526     84.3761
    0.0527     84.3366
    0.0528     84.2971
    0.0529     84.2577
    0.0530     84.2182
    0.0531     84.1788
    0.0532     84.1393
    0.0533     84.0999
    0.0534     84.0604
    0.0535     84.0210
    0.0536     83.9815
    0.0537     83.9420
    0.0538     83.9026
    0.0539     83.8631
    0.0540     83.8237
    0.0541     83.7842
    0.0542     83.7448
    0.0543     83.7053
    0.0544     83.6659
    0.0545     83.6264
    0.0546     83.5869
    0.0547     83.5475
    0.0548     83.5080
    0.0549     83.4686
    0.0550     83.4291
    0.0551     83.3897
    0.0552     83.3502
    0.0553     83.3107
    0.0554     83.2713
    0.0555     83.2318
    0.0556     83.1924
    0.0557     83.1529
    0.0558     83.1135
    0.0559     83.0740
    0.0560     83.0346
    0.0561     82.9951
    0.0562     82.9556
    0.0563     82.9162
    0.0564     82.8767
    0.0565     82.8373
    0.0566     82.7978
    0.0567     82.7584
    0.0568     82.7189
    0.0569     82.6795
    0.0570     82.6400
    0.0571     82.6005
    0.0572     82.5611
    0.0573     82.5216
    0.0574     82.4822
    0.0575     82.4427
    0.0576     82.4033
    0.0577     82.3638
    0.0578     82.3244
    0.0579     82.2849
    0.0580     82.2454
    0.0581     82.2060
    0.0582     82.1665
    0.0583     82.1271
    0.0584     82.0876
    0.0585     82.0482
    0.0586     82.0087
    0.0587     81.9693
    0.0588     81.9298
    0.0589     81.8903
    0.0590     81.8509
    0.0591     81.8114
    0.0592     81.7720
    0.0593     81.7325
    0.0594     81.6931
    0.0595     81.6536
    0.0596     81.6141
    0.0597     81.5747
    0.0598     81.5352
    0.0599     81.4958
    0.0600     81.4563
    0.0601     81.4169
    0.0602     81.3774
    0.0603     81.3380
    0.0604     81.2985
    0.0605     81.2590
    0.0606     81.2196
    0.0607     81.1801
    0.0608     81.1407
    0.0609     81.1012
    0.0610     81.0618
    0.0611     81.0223
    0.0612     80.9829
    0.0613     80.9434
    0.0614     80.9039
    0.0615     80.8645
    0.0616     80.8250
    0.0617     80.7856
    0.0618     80.7461
    0.0619     80.7067
    0.0620     80.6672
    0.0621     80.6278
    0.0622     80.5883
    0.0623     80.5488
    0.0624     80.5094
    0.0625     80.4699
    0.0626     80.4305
    0.0627     80.3910
    0.0628     80.3516
    0.0629     80.3121
    0.0630     80.2727
    0.0631     80.2332
    0.0632     80.1937
    0.0633     80.1543
    0.0634     80.1148
    0.0635     80.0754
    0.0636     80.0359
    0.0637     79.9965
    0.0638     79.9570
    0.0639     79.9176
    0.0640     79.8781
    0.0641     79.8386
    0.0642     79.7992
    0.0643     79.7597
    0.0644     79.7203
    0.0645     79.6808
    0.0646     79.6414
    0.0647     79.6019
    0.0648     79.5624
    0.0649     79.5230
    0.0650     79.4835
    0.0651     79.4441
    0.0652     79.4046
    0.0653     79.3652
    0.0654     79.3257
    0.0655     79.2863
    0.0656     79.2468
    0.0657     79.2073
    0.0658     79.1679
    0.0659     79.1284
    0.0660     79.0890
    0.0661     79.0495
    0.0662     79.0101
    0.0663     78.9706
    0.0664     78.9312
    0.0665     78.8917
    0.0666     78.8522
    0.0667     78.8128
    0.0668     78.7733
    0.0669     78.7339
    0.0670     78.6944
    0.0671     78.6550
    0.0672     78.6155
    0.0673     78.5761
    0.0674     78.5366
    0.0675     78.4971
    0.0676     78.4577
    0.0677     78.4182
    0.0678     78.3788
    0.0679     78.3393
    0.0680     78.2999
    0.0681     78.2604
    0.0682     78.2210
    0.0683     78.1815
    0.0684     78.1420
    0.0685     78.1026
    0.0686     78.0631
    0.0687     78.0237
    0.0688     77.9842
    0.0689     77.9448
    0.0690     77.9053
    0.0691     77.8659
    0.0692     77.8264
    0.0693     77.7869
    0.0694     77.7475
    0.0695     77.7080
    0.0696     77.6686
    0.0697     77.6291
    0.0698     77.5897
    0.0699     77.5502
    0.0700     77.5107
    0.0701     77.4713
    0.0702     77.4318
    0.0703     77.3924
    0.0704     77.3529
    0.0705     77.3135
    0.0706     77.2740
    0.0707     77.2346
    0.0708     77.1951
    0.0709     77.1556
    0.0710     77.1162
    0.0711     77.0767
    0.0712     77.0373
    0.0713     76.9978
    0.0714     76.9584
    0.0715     76.9189
    0.0716     76.8795
    0.0717     76.8400
    0.0718     76.8005
    0.0719     76.7611
    0.0720     76.7216
    0.0721     76.6822
    0.0722     76.6427
    0.0723     76.6033
    0.0724     76.5638
    0.0725     76.5244
    0.0726     76.4849
    0.0727     76.4454
    0.0728     76.4060
    0.0729     76.3665
    0.0730     76.3271
    0.0731     76.2876
    0.0733     76.2080
    0.0734     76.1680
    0.0735     76.1280
    0.0736     76.0880
    0.0737     76.0480
    0.0738     76.0080
    0.0739     75.9680
    0.0740     75.9280
    0.0741     75.8880
    0.0742     75.8480
    0.0743     75.8080
    0.0744     75.7680
    0.0745     75.7280
    0.0746     75.6880
    0.0747     75.6480
    0.0748     75.6080
    0.0749     75.5680
    0.0751     75.4885
    0.0752     75.4488
    0.0753     75.4090
    0.0754     75.3693
    0.0755     75.3296
    0.0756     75.2899
    0.0757     75.2501
    0.0758     75.2104
    0.0759     75.1707
    0.0760     75.1310
    0.0761     75.0912
    0.0762     75.0515
    0.0763     75.0118
    0.0765     74.9383
    0.0766     74.9035
    0.0767     74.8688
    0.0768     74.8340
    0.0769     74.7992
    0.0770     74.7645
    0.0771     74.7297
    0.0772     74.6949
    0.0773     74.6602
    0.0774     74.6254
    0.0775     74.5906
    0.0776     74.5559
    0.0777     74.5211
    0.0778     74.4864
    0.0779     74.4516
    0.0780     74.4168
    0.0781     74.3821
    0.0782     74.3473
    0.0783     74.3125
    0.0784     74.2778
    0.0785     74.2430
    0.0786     74.2082
    0.0787     74.1735
    0.0789     74.1085
    0.0790     74.0762
    0.0791     74.0438
    0.0792     74.0115
    0.0793     73.9791
    0.0794     73.9468
    0.0795     73.9144
    0.0796     73.8821
    0.0797     73.8497
    0.0798     73.8174
    0.0799     73.7850
    0.0800     73.7526
    0.0801     73.7203
    0.0802     73.6879
    0.0803     73.6556
    0.0804     73.6232
    0.0805     73.5909
    0.0806     73.5585
    0.0807     73.5262
    0.0809     73.4562
    0.0810     73.4203
    0.0811     73.3844
    0.0812     73.3485
    0.0813     73.3126
    0.0814     73.2767
    0.0815     73.2408
    0.0816     73.2049
    0.0817     73.1690
    0.0818     73.1331
    0.0819     73.0972
    0.0820     73.0613
    0.0821     73.0254
    0.0822     72.9895
    0.0823     72.9536
    0.0824     72.9177
    0.0825     72.8818
    0.0826     72.8459
    0.0827     72.8100
    0.0828     72.7741
    0.0829     72.7382
    0.0830     72.7023
    0.0832     72.6314
    0.0833     72.5964
    0.0834     72.5613
    0.0835     72.5263
    0.0836     72.4912
    0.0837     72.4561
    0.0838     72.4211
    0.0839     72.3860
    0.0840     72.3510
    0.0841     72.3159
    0.0842     72.2809
    0.0843     72.2458
    0.0844     72.2107
    0.0845     72.1757
    0.0846     72.1406
    0.0847     72.1056
    0.0848     72.0705
    0.0850     72.0017
    0.0851     71.9674
    0.0852     71.9331
    0.0853     71.8989
    0.0854     71.8646
    0.0855     71.8303
    0.0856     71.7960
    0.0857     71.7617
    0.0858     71.7274
    0.0859     71.6931
    0.0860     71.6589
    0.0861     71.6246
    0.0862     71.5903
    0.0863     71.5560
    0.0864     71.5217
    0.0865     71.4874
    0.0867     71.4219
    0.0868     71.3901
    0.0869     71.3583
    0.0870     71.3265
    0.0871     71.2948
    0.0872     71.2630
    0.0873     71.2312
    0.0874     71.1994
    0.0875     71.1677
    0.0876     71.1359
    0.0877     71.1041
    0.0878     71.0723
    0.0879     71.0406
    0.0880     71.0088
    0.0881     70.9770
    0.0882     70.9452
    0.0883     70.9135
    0.0884     70.8817
    0.0885     70.8499
    0.0886     70.8181
    0.0887     70.7864
    0.0888     70.7546
    0.0889     70.7228
    0.0890     70.6910
    0.0891     70.6593
    0.0892     70.6275
    0.0893     70.5957
    0.0894     70.5639
    0.0895     70.5321
    0.0896     70.5004
    0.0897     70.4686
    0.0899     70.4064
    0.0900     70.3758
    0.0901     70.3452
    0.0902     70.3146
    0.0903     70.2840
    0.0904     70.2534
    0.0905     70.2229
    0.0906     70.1923
    0.0907     70.1617
    0.0908     70.1311
    0.0909     70.1005
    0.0910     70.0699
    0.0911     70.0393
    0.0912     70.0088
    0.0913     69.9782
    0.0914     69.9476
    0.0915     69.9170
    0.0916     69.8864
    0.0917     69.8558
    0.0918     69.8253
    0.0919     69.7947
    0.0920     69.7641
    0.0921     69.7335
    0.0922     69.7029
    0.0923     69.6723
    0.0924     69.6418
    0.0925     69.6112
    0.0926     69.5806
    0.0927     69.5500
    0.0929     69.4631
    0.0930     69.4197
    0.0931     69.3763
    0.0932     69.3329
    0.0933     69.2894
    0.0934     69.2460
    0.0935     69.2026
    0.0936     69.1591
    0.0937     69.1157
    0.0938     69.0723
    0.0939     69.0289
    0.0940     68.9854
    0.0941     68.9420
    0.0942     68.8986
    0.0943     68.8551
    0.0944     68.8117
    0.0946     68.7483
    0.0947     68.7205
    0.0948     68.6927
    0.0949     68.6648
    0.0950     68.6370
    0.0951     68.6092
    0.0952     68.5814
    0.0953     68.5536
    0.0954     68.5258
    0.0955     68.4980
    0.0956     68.4702
    0.0957     68.4423
    0.0958     68.4145
    0.0959     68.3867
    0.0960     68.3589
    0.0961     68.3311
    0.0962     68.3033
    0.0963     68.2755
    0.0964     68.2477
    0.0965     68.2198
    0.0966     68.1920
    0.0967     68.1642
    0.0968     68.1364
    0.0969     68.1086
    0.0970     68.0808
    0.0971     68.0530
    0.0972     68.0252
    0.0973     67.9973
    0.0974     67.9695
    0.0975     67.9417
    0.0976     67.9139
    0.0978     67.8540
    0.0979     67.8234
    0.0980     67.7927
    0.0981     67.7620
    0.0982     67.7314
    0.0983     67.7007
    0.0984     67.6701
    0.0985     67.6394
    0.0986     67.6087
    0.0987     67.5781
    0.0988     67.5474
    0.0989     67.5168
    0.0990     67.4861
    0.0991     67.4554
    0.0992     67.4248
    0.0993     67.3941
    0.0994     67.3635
    0.0995     67.3328
    0.0996     67.3021
    0.0997     67.2715
    0.0998     67.2408
    0.0999     67.2102
    0.1000     67.1795
    0.1001     67.1489
    0.1002     67.1182
    0.1003     67.0875
    0.1004     67.0569
    0.1005     67.0262
    0.1006     66.9956
    0.1007     66.9649
    0.1008     66.9342
    0.1009     66.9036
    0.1010     66.8729
    0.1011     66.8423
    0.1013     66.7880
    0.1014     66.7618
    0.1015     66.7355
    0.1016     66.7093
    0.1017     66.6830
    0.1018     66.6568
    0.1019     66.6305
    0.1020     66.6043
    0.1021     66.5780
    0.1022     66.5518
    0.1023     66.5255
    0.1024     66.4993
    0.1025     66.4730
    0.1026     66.4468
    0.1027     66.4205
    0.1028     66.3943
    0.1029     66.3680
    0.1030     66.3418
    0.1031     66.3155
    0.1032     66.2893
    0.1033     66.2630
    0.1034     66.2368
    0.1035     66.2105
    0.1036     66.1843
    0.1037     66.1580
    0.1038     66.1318
    0.1039     66.1055
    0.1040     66.0793
    0.1041     66.0530
    0.1042     66.0268
    0.1043     66.0005
    0.1044     65.9743
    0.1045     65.9480
    0.1046     65.9218
    0.1047     65.8955
    0.1048     65.8693
    0.1049     65.8430
    0.1050     65.8168
    0.1051     65.7905
    0.1053     65.7289
    0.1054     65.6970
    0.1055     65.6651
    0.1056     65.6332
    0.1057     65.6012
    0.1058     65.5693
    0.1059     65.5374
    0.1060     65.5055
    0.1061     65.4735
    0.1062     65.4416
    0.1063     65.4097
    0.1064     65.3778
    0.1065     65.3458
    0.1066     65.3139
    0.1067     65.2820
    0.1068     65.2501
    0.1069     65.2182
    0.1070     65.1862
    0.1071     65.1543
    0.1072     65.1224
    0.1073     65.0905
    0.1074     65.0585
    0.1075     65.0266
    0.1076     64.9947
    0.1077     64.9628
    0.1079     64.8990
    0.1080     64.8670
    0.1081     64.8351
    0.1082     64.8032
    0.1083     64.7713
    0.1084     64.7394
    0.1085     64.7075
    0.1086     64.6756
    0.1087     64.6437
    0.1088     64.6118
    0.1089     64.5799
    0.1090     64.5480
    0.1091     64.5161
    0.1092     64.4842
    0.1093     64.4523
    0.1094     64.4204
    0.1095     64.3885
    0.1096     64.3566
    0.1097     64.3247
    0.1098     64.2928
    0.1100     64.2246
    0.1101     64.1900
    0.1102     64.1554
    0.1103     64.1208
    0.1104     64.0862
    0.1105     64.0515
    0.1106     64.0169
    0.1107     63.9823
    0.1108     63.9477
    0.1109     63.9131
    0.1110     63.8785
    0.1111     63.8438
    0.1112     63.8092
    0.1113     63.7746
    0.1114     63.7400
    0.1115     63.7054
    0.1116     63.6708
    0.1117     63.6362
    0.1118     63.6015
    0.1119     63.5669
    0.1120     63.5323
    0.1121     63.4977
    0.1122     63.4631
    0.1123     63.4285
    0.1124     63.3938
    0.1126     63.3320
    0.1127     63.3020
    0.1128     63.2720
    0.1129     63.2420
    0.1130     63.2120
    0.1131     63.1820
    0.1132     63.1520
    0.1133     63.1220
    0.1134     63.0920
    0.1135     63.0620
    0.1136     63.0320
    0.1137     63.0020
    0.1138     62.9720
    0.1139     62.9420
    0.1140     62.9120
    0.1141     62.8820
    0.1142     62.8520
    0.1143     62.8220
    0.1144     62.7920
    0.1145     62.7620
    0.1146     62.7320
    0.1147     62.7020
    0.1149     62.6127
    0.1150     62.5643
    0.1151     62.5160
    0.1152     62.4677
    0.1153     62.4193
    0.1154     62.3710
    0.1155     62.3227
    0.1156     62.2743
    0.1157     62.2260
    0.1158     62.1777
    0.1159     62.1293
    0.1161     62.0666
    0.1162     62.0394
    0.1163     62.0123
    0.1164     61.9851
    0.1165     61.9580
    0.1166     61.9309
    0.1167     61.9037
    0.1168     61.8766
    0.1169     61.8494
    0.1170     61.8223
    0.1171     61.7951
    0.1172     61.7680
    0.1173     61.7409
    0.1174     61.7137
    0.1175     61.6866
    0.1176     61.6594
    0.1177     61.6323
    0.1178     61.6051
    0.1179     61.5780
    0.1180     61.5509
    0.1181     61.5237
    0.1182     61.4966
    0.1183     61.4694
    0.1184     61.4423
    0.1185     61.4151
    0.1186     61.3880
    0.1187     61.3609
    0.1188     61.3337
    0.1189     61.3066
    0.1190     61.2794
    0.1191     61.2523
    0.1192     61.2251
    0.1193     61.1980
    0.1194     61.1709
    0.1196     61.1136
    0.1197     61.0846
    0.1198     61.0556
    0.1199     61.0266
    0.1200     60.9976
    0.1201     60.9686
    0.1202     60.9396
    0.1203     60.9106
    0.1204     60.8816
    0.1205     60.8526
    0.1206     60.8236
    0.1207     60.7946
    0.1208     60.7656
    0.1209     60.7366
    0.1210     60.7076
    0.1211     60.6786
    0.1212     60.6496
    0.1213     60.6206
    0.1214     60.5916
    0.1216     60.5249
    0.1217     60.4904
    0.1218     60.4560
    0.1219     60.4216
    0.1220     60.3871
    0.1221     60.3527
    0.1222     60.3182
    0.1223     60.2838
    0.1224     60.2493
    0.1225     60.2149
    0.1226     60.1804
    0.1227     60.1460
    0.1228     60.1116
    0.1229     60.0771
    0.1230     60.0427
    0.1231     60.0082
    0.1232     59.9738
    0.1233     59.9393
    0.1234     59.9049
    0.1235     59.8704
    0.1236     59.8360
    0.1237     59.8016
    0.1238     59.7671
    0.1239     59.7327
    0.1240     59.6982
    0.1241     59.6638
    0.1243     59.5981
    0.1244     59.5656
    0.1245     59.5332
    0.1246     59.5007
    0.1247     59.4683
    0.1248     59.4358
    0.1249     59.4034
    0.1250     59.3709
    0.1251     59.3385
    0.1252     59.3060
    0.1253     59.2736
    0.1254     59.2411
    0.1255     59.2087
    0.1256     59.1762
    0.1257     59.1438
    0.1258     59.1113
    0.1259     59.0789
    0.1260     59.0464
    0.1261     59.0140
    0.1262     58.9816
    0.1263     58.9491
    0.1264     58.9167
    0.1265     58.8842
    0.1266     58.8518
    0.1267     58.8193
    0.1268     58.7869
    0.1269     58.7544
    0.1270     58.7220
    0.1271     58.6895
    0.1272     58.6571
    0.1273     58.6246
    0.1274     58.5922
    0.1275     58.5597
    0.1276     58.5273
    0.1277     58.4948
    0.1278     58.4624
    0.1279     58.4299
    0.1280     58.3975
    0.1281     58.3650
    0.1282     58.3326
    0.1283     58.3001
    0.1284     58.2677
    0.1285     58.2352
    0.1286     58.2028
    0.1287     58.1703
    0.1288     58.1379
    0.1289     58.1054
    0.1290     58.0730
    0.1292     58.0116
    0.1293     57.9814
    0.1294     57.9511
    0.1295     57.9209
    0.1296     57.8906
    0.1297     57.8604
    0.1298     57.8301
    0.1299     57.7999
    0.1300     57.7697
    0.1301     57.7394
    0.1302     57.7092
    0.1303     57.6789
    0.1304     57.6487
    0.1305     57.6184
    0.1306     57.5882
    0.1307     57.5580
    0.1308     57.5277
    0.1309     57.4975
    0.1310     57.4672
    0.1311     57.4370
    0.1312     57.4067
    0.1313     57.3765
    0.1314     57.3462
    0.1315     57.3160
    0.1316     57.2858
    0.1317     57.2555
    0.1318     57.2253
    0.1319     57.1950
    0.1320     57.1648
    0.1321     57.1345
    0.1322     57.1043
    0.1323     57.0740
    0.1324     57.0438
    0.1325     57.0136
    0.1326     56.9833
    0.1327     56.9531
    0.1328     56.9228
    0.1329     56.8926
    0.1330     56.8623
    0.1331     56.8321
    0.1333     56.7712
    0.1334     56.7407
    0.1335     56.7102
    0.1336     56.6798
    0.1337     56.6493
    0.1338     56.6188
    0.1339     56.5883
    0.1340     56.5578
    0.1341     56.5273
    0.1342     56.4968
    0.1343     56.4663
    0.1344     56.4359
    0.1345     56.4054
    0.1346     56.3749
    0.1347     56.3444
    0.1348     56.3139
    0.1349     56.2834
    0.1350     56.2529
    0.1351     56.2224
    0.1352     56.1920
    0.1353     56.1615
    0.1354     56.1310
    0.1355     56.1005
    0.1356     56.0700
    0.1357     56.0395
    0.1358     56.0090
    0.1359     55.9785
    0.1360     55.9480
    0.1361     55.9176
    0.1362     55.8871
    0.1363     55.8566
    0.1364     55.8261
    0.1365     55.7956
    0.1366     55.7651
    0.1367     55.7346
    0.1368     55.7041
    0.1369     55.6737
    0.1370     55.6432
    0.1371     55.6127
    0.1372     55.5822
    0.1374     55.5165
    0.1375     55.4830
    0.1376     55.4496
    0.1377     55.4161
    0.1378     55.3827
    0.1379     55.3492
    0.1380     55.3158
    0.1381     55.2823
    0.1382     55.2489
    0.1383     55.2154
    0.1384     55.1820
    0.1385     55.1486
    0.1386     55.1151
    0.1387     55.0817
    0.1388     55.0482
    0.1389     55.0148
    0.1390     54.9813
    0.1391     54.9479
    0.1392     54.9144
    0.1393     54.8810
    0.1394     54.8475
    0.1395     54.8141
    0.1396     54.7806
    0.1397     54.7472
    0.1398     54.7137
    0.1399     54.6803
    0.1400     54.6468
    0.1401     54.6134
    0.1402     54.5799
    0.1403     54.5465
    0.1404     54.5130
    0.1405     54.4796
    0.1406     54.4461
    0.1407     54.4127
    0.1408     54.3792
    0.1409     54.3458
    0.1410     54.3123
    0.1411     54.2789
    0.1412     54.2454
    0.1413     54.2120
    0.1414     54.1786
    0.1415     54.1451
    0.1416     54.1117
    0.1417     54.0782
    0.1418     54.0448
    0.1419     54.0113
    0.1420     53.9779
    0.1421     53.9444
    0.1422     53.9110
    0.1423     53.8775
    0.1424     53.8441
    0.1425     53.8106
    0.1426     53.7772
    0.1427     53.7437
    0.1428     53.7103
    0.1429     53.6768
    0.1430     53.6434
    0.1432     53.5807
    0.1433     53.5499
    0.1434     53.5190
    0.1435     53.4882
    0.1436     53.4574
    0.1437     53.4266
    0.1438     53.3958
    0.1439     53.3649
    0.1440     53.3341
    0.1441     53.3033
    0.1442     53.2725
    0.1443     53.2416
    0.1444     53.2108
    0.1445     53.1800
    0.1446     53.1492
    0.1447     53.1184
    0.1448     53.0875
    0.1449     53.0567
    0.1450     53.0259
    0.1451     52.9951
    0.1452     52.9642
    0.1453     52.9334
    0.1454     52.9026
    0.1455     52.8718
    0.1456     52.8410
    0.1457     52.8101
    0.1458     52.7793
    0.1459     52.7485
    0.1460     52.7177
    0.1461     52.6868
    0.1462     52.6560
    0.1463     52.6252
    0.1464     52.5944
    0.1465     52.5636
    0.1466     52.5327
    0.1467     52.5019
    0.1468     52.4711
    0.1469     52.4403
    0.1470     52.4095
    0.1471     52.3786
    0.1472     52.3478
    0.1473     52.3170
    0.1474     52.2862
    0.1475     52.2553
    0.1476     52.2245
    0.1477     52.1937
    0.1478     52.1629
    0.1479     52.1321
    0.1480     52.1012
    0.1481     52.0704
    0.1482     52.0396
    0.1483     52.0088
    0.1484     51.9779
    0.1485     51.9471
    0.1486     51.9163
    0.1487     51.8855
    0.1488     51.8547
    0.1489     51.8238
    0.1490     51.7930
    0.1491     51.7622
    0.1492     51.7314
    0.1493     51.7005
    0.1494     51.6697
    0.1495     51.6389
    0.1496     51.6081
    0.1497     51.5773
    0.1498     51.5464
    0.1499     51.5156
    0.1500     51.4848
    0.1501     51.4540
    0.1502     51.4232
    0.1503     51.3923
    0.1505     51.3237
    0.1506     51.2886
    0.1507     51.2534
    0.1508     51.2182
    0.1509     51.1830
    0.1510     51.1479
    0.1511     51.1127
    0.1512     51.0775
    0.1513     51.0423
    0.1514     51.0072
    0.1515     50.9720
    0.1516     50.9368
    0.1517     50.9017
    0.1518     50.8665
    0.1519     50.8313
    0.1520     50.7961
    0.1521     50.7610
    0.1522     50.7258
    0.1523     50.6906
    0.1524     50.6554
    0.1525     50.6203
    0.1526     50.5851
    0.1527     50.5499
    0.1528     50.5148
    0.1529     50.4796
    0.1530     50.4444
    0.1531     50.4092
    0.1532     50.3741
    0.1534     50.3162
    0.1535     50.2888
    0.1536     50.2615
    0.1537     50.2341
    0.1538     50.2067
    0.1539     50.1794
    0.1540     50.1520
    0.1541     50.1246
    0.1542     50.0973
    0.1543     50.0699
    0.1544     50.0425
    0.1545     50.0152
    0.1546     49.9878
    0.1547     49.9604
    0.1548     49.9331
    0.1549     49.9057
    0.1550     49.8783
    0.1551     49.8509
    0.1552     49.8236
    0.1553     49.7962
    0.1554     49.7688
    0.1555     49.7415
    0.1556     49.7141
    0.1557     49.6867
    0.1558     49.6594
    0.1559     49.6320
    0.1560     49.6046
    0.1561     49.5773
    0.1562     49.5499
    0.1563     49.5225
    0.1564     49.4952
    0.1565     49.4678
    0.1566     49.4404
    0.1567     49.4131
    0.1568     49.3857
    0.1569     49.3583
    0.1570     49.3309
    0.1572     49.2411
    0.1573     49.1919
    0.1574     49.1426
    0.1575     49.0933
    0.1576     49.0440
    0.1577     48.9947
    0.1578     48.9454
    0.1579     48.8961
    0.1580     48.8469
    0.1581     48.7976
    0.1582     48.7483
    0.1583     48.6990
    0.1584     48.6497
    0.1586     48.5908
    0.1587     48.5664
    0.1588     48.5419
    0.1589     48.5174
    0.1590     48.4929
    0.1591     48.4685
    0.1592     48.4440
    0.1593     48.4195
    0.1594     48.3951
    0.1595     48.3706
    0.1596     48.3461
    0.1597     48.3216
    0.1598     48.2972
    0.1599     48.2727
    0.1600     48.2482
    0.1601     48.2237
    0.1602     48.1993
    0.1603     48.1748
    0.1604     48.1503
    0.1605     48.1258
    0.1606     48.1014
    0.1607     48.0769
    0.1608     48.0524
    0.1609     48.0279
    0.1610     48.0035
    0.1611     47.9790
    0.1612     47.9545
    0.1613     47.9301
    0.1614     47.9056
    0.1615     47.8811
    0.1616     47.8566
    0.1617     47.8322
    0.1618     47.8077
    0.1619     47.7832
    0.1620     47.7587
    0.1621     47.7343
    0.1622     47.7098
    0.1624     47.6570
    0.1625     47.6301
    0.1626     47.6032
    0.1627     47.5763
    0.1628     47.5494
    0.1629     47.5225
    0.1630     47.4956
    0.1631     47.4687
    0.1632     47.4418
    0.1633     47.4149
    0.1634     47.3880
    0.1635     47.3611
    0.1636     47.3342
    0.1637     47.3073
    0.1638     47.2804
    0.1639     47.2535
    0.1640     47.2266
    0.1641     47.1997
    0.1642     47.1728
    0.1643     47.1459
    0.1644     47.1190
    0.1645     47.0921
    0.1646     47.0652
    0.1647     47.0383
    0.1648     47.0114
    0.1649     46.9846
    0.1650     46.9577
    0.1651     46.9308
    0.1653     46.8657
    0.1654     46.8318
    0.1655     46.7979
    0.1656     46.7640
    0.1657     46.7301
    0.1658     46.6962
    0.1659     46.6623
    0.1660     46.6283
    0.1661     46.5944
    0.1662     46.5605
    0.1663     46.5266
    0.1664     46.4927
    0.1665     46.4588
    0.1666     46.4249
    0.1667     46.3910
    0.1668     46.3570
    0.1669     46.3231
    0.1670     46.2892
    0.1671     46.2553
    0.1672     46.2214
    0.1673     46.1875
    0.1674     46.1536
    0.1676     46.0933
    0.1677     46.0642
    0.1678     46.0350
    0.1679     46.0058
    0.1680     45.9767
    0.1681     45.9475
    0.1682     45.9183
    0.1683     45.8892
    0.1684     45.8600
    0.1685     45.8308
    0.1686     45.8017
    0.1687     45.7725
    0.1688     45.7433
    0.1689     45.7142
    0.1690     45.6850
    0.1691     45.6558
    0.1692     45.6267
    0.1693     45.5975
    0.1694     45.5683
    0.1695     45.5392
    0.1696     45.5100
    0.1697     45.4808
    0.1698     45.4517
    0.1700     45.3872
    0.1701     45.3542
    0.1702     45.3212
    0.1703     45.2882
    0.1704     45.2552
    0.1705     45.2222
    0.1706     45.1892
    0.1707     45.1562
    0.1708     45.1232
    0.1709     45.0902
    0.1710     45.0572
    0.1711     45.0242
    0.1712     44.9912
    0.1713     44.9582
    0.1714     44.9252
    0.1715     44.8922
    0.1716     44.8592
    0.1717     44.8262
    0.1718     44.7932
    0.1720     44.7353
    0.1721     44.7074
    0.1722     44.6794
    0.1723     44.6515
    0.1724     44.6236
    0.1725     44.5957
    0.1726     44.5677
    0.1727     44.5398
    0.1728     44.5119
    0.1729     44.4839
    0.1730     44.4560
    0.1731     44.4281
    0.1732     44.4001
    0.1733     44.3722
    0.1734     44.3443
    0.1735     44.3163
    0.1736     44.2884
    0.1737     44.2605
    0.1738     44.2326
    0.1739     44.2046
    0.1740     44.1767
    0.1741     44.1488
    0.1742     44.1208
    0.1743     44.0929
    0.1744     44.0650
    0.1745     44.0370
    0.1746     44.0091
    0.1747     43.9812
    0.1749     43.9220
    0.1750     43.8920
    0.1751     43.8620
    0.1752     43.8320
    0.1753     43.8020
    0.1754     43.7720
    0.1755     43.7420
    0.1756     43.7120
    0.1757     43.6820
    0.1758     43.6520
    0.1759     43.6220
    0.1760     43.5920
    0.1761     43.5620
    0.1762     43.5320
    0.1763     43.5020
    0.1764     43.4720
    0.1765     43.4420
    0.1766     43.4120
    0.1767     43.3820
    0.1768     43.3520
    0.1769     43.3220
    0.1770     43.2920
    0.1771     43.2620
    0.1772     43.2320
    0.1773     43.2020
    0.1774     43.1720
    0.1775     43.1420
    0.1776     43.1120
    0.1777     43.0820
    0.1778     43.0520
    0.1779     43.0220
    0.1781     42.9752
    0.1782     42.9535
    0.1783     42.9318
    0.1784     42.9101
    0.1785     42.8883
    0.1786     42.8666
    0.1787     42.8449
    0.1788     42.8232
    0.1789     42.8014
    0.1790     42.7797
    0.1791     42.7580
    0.1792     42.7363
    0.1793     42.7146
    0.1794     42.6928
    0.1795     42.6711
    0.1796     42.6494
    0.1797     42.6277
    0.1798     42.6059
    0.1799     42.5842
    0.1800     42.5625
    0.1801     42.5408
    0.1802     42.5190
    0.1803     42.4973
    0.1804     42.4756
    0.1805     42.4539
    0.1806     42.4321
    0.1807     42.4104
    0.1808     42.3887
    0.1810     42.3278
    0.1811     42.2952
    0.1812     42.2626
    0.1813     42.2300
    0.1814     42.1974
    0.1815     42.1648
    0.1816     42.1322
    0.1817     42.0996
    0.1818     42.0670
    0.1819     42.0343
    0.1820     42.0017
    0.1821     41.9691
    0.1822     41.9365
    0.1823     41.9039
    0.1824     41.8713
    0.1825     41.8387
    0.1826     41.8061
    0.1827     41.7735
    0.1828     41.7409
    0.1829     41.7083
    0.1830     41.6757
    0.1831     41.6430
    0.1833     41.5916
    0.1834     41.5676
    0.1835     41.5436
    0.1836     41.5196
    0.1837     41.4956
    0.1838     41.4716
    0.1839     41.4476
    0.1840     41.4236
    0.1841     41.3996
    0.1842     41.3756
    0.1843     41.3516
    0.1844     41.3276
    0.1845     41.3036
    0.1846     41.2796
    0.1847     41.2556
    0.1848     41.2316
    0.1849     41.2076
    0.1850     41.1836
    0.1851     41.1596
    0.1852     41.1356
    0.1853     41.1116
    0.1854     41.0876
    0.1855     41.0636
    0.1856     41.0396
    0.1857     41.0156
    0.1858     40.9916
    0.1859     40.9676
    0.1860     40.9436
    0.1861     40.9196
    0.1862     40.8956
    0.1863     40.8716
    0.1864     40.8476
    0.1865     40.8236
    0.1866     40.7996
    0.1868     40.7435
    0.1869     40.7144
    0.1870     40.6854
    0.1871     40.6563
    0.1872     40.6273
    0.1873     40.5982
    0.1874     40.5691
    0.1875     40.5401
    0.1876     40.5110
    0.1877     40.4819
    0.1878     40.4529
    0.1879     40.4238
    0.1880     40.3948
    0.1881     40.3657
    0.1882     40.3366
    0.1883     40.3076
    0.1884     40.2785
    0.1885     40.2494
    0.1886     40.2204
    0.1887     40.1913
    0.1888     40.1623
    0.1889     40.1332
    0.1890     40.1041
    0.1891     40.0751
    0.1892     40.0460
    0.1893     40.0169
    0.1894     39.9879
    0.1895     39.9588
    0.1896     39.9298
    0.1897     39.9007
    0.1898     39.8716
    0.1900     39.8161
    0.1901     39.7887
    0.1902     39.7613
    0.1903     39.7338
    0.1904     39.7064
    0.1905     39.6790
    0.1906     39.6515
    0.1907     39.6241
    0.1908     39.5967
    0.1909     39.5693
    0.1910     39.5418
    0.1911     39.5144
    0.1912     39.4870
    0.1913     39.4595
    0.1914     39.4321
    0.1915     39.4047
    0.1916     39.3773
    0.1917     39.3498
    0.1918     39.3224
    0.1919     39.2950
    0.1920     39.2675
    0.1921     39.2401
    0.1922     39.2127
    0.1923     39.1853
    0.1924     39.1578
    0.1925     39.1304
    0.1926     39.1030
    0.1927     39.0755
    0.1928     39.0481
    0.1929     39.0207
    0.1930     38.9933
    0.1931     38.9658
    0.1932     38.9384
    0.1933     38.9110
    0.1935     38.8542
    0.1936     38.8256
    0.1937     38.7970
    0.1938     38.7683
    0.1939     38.7397
    0.1940     38.7111
    0.1941     38.6825
    0.1942     38.6539
    0.1943     38.6252
    0.1944     38.5966
    0.1945     38.5680
    0.1946     38.5394
    0.1947     38.5108
    0.1948     38.4821
    0.1949     38.4535
    0.1950     38.4249
    0.1951     38.3963
    0.1952     38.3677
    0.1953     38.3390
    0.1954     38.3104
    0.1955     38.2818
    0.1956     38.2532
    0.1957     38.2246
    0.1958     38.1959
    0.1959     38.1673
    0.1960     38.1387
    0.1961     38.1101
    0.1962     38.0814
    0.1964     38.0247
    0.1965     37.9965
    0.1966     37.9682
    0.1967     37.9399
    0.1968     37.9116
    0.1969     37.8833
    0.1970     37.8550
    0.1971     37.8267
    0.1972     37.7985
    0.1973     37.7702
    0.1974     37.7419
    0.1975     37.7136
    0.1976     37.6853
    0.1977     37.6570
    0.1978     37.6287
    0.1979     37.6005
    0.1980     37.5722
    0.1981     37.5439
    0.1982     37.5156
    0.1983     37.4873
    0.1984     37.4590
    0.1985     37.4307
    0.1986     37.4025
    0.1987     37.3742
    0.1988     37.3459
    0.1989     37.3176
    0.1990     37.2893
    0.1991     37.2610
    0.1992     37.2327
    0.1993     37.2045
    0.1994     37.1762
    0.1995     37.1479
    0.1996     37.1196
    0.1997     37.0913
    0.1999     37.0403
    0.2000     37.0154
    0.2001     36.9906
    0.2002     36.9658
    0.2003     36.9410
    0.2004     36.9161
    0.2005     36.8913
    0.2006     36.8665
    0.2007     36.8417
    0.2008     36.8168
    0.2009     36.7920
    0.2010     36.7672
    0.2011     36.7423
    0.2012     36.7175
    0.2013     36.6927
    0.2014     36.6679
    0.2015     36.6430
    0.2016     36.6182
    0.2017     36.5934
    0.2018     36.5686
    0.2019     36.5437
    0.2020     36.5189
    0.2021     36.4941
    0.2022     36.4692
    0.2023     36.4444
    0.2024     36.4196
    0.2025     36.3948
    0.2026     36.3699
    0.2028     36.3147
    0.2029     36.2864
    0.2030     36.2581
    0.2031     36.2298
    0.2032     36.2015
    0.2033     36.1732
    0.2034     36.1449
    0.2035     36.1166
    0.2036     36.0883
    0.2037     36.0600
    0.2038     36.0317
    0.2039     36.0034
    0.2040     35.9751
    0.2041     35.9469
    0.2042     35.9186
    0.2043     35.8903
    0.2044     35.8620
    0.2045     35.8337
    0.2046     35.8054
    0.2047     35.7771
    0.2048     35.7488
    0.2049     35.7205
    0.2050     35.6922
    0.2051     35.6639
    0.2052     35.6356
    0.2053     35.6073
    0.2054     35.5790
    0.2055     35.5507
    0.2056     35.5224
    0.2057     35.4941
    0.2058     35.4658
    0.2059     35.4375
    0.2060     35.4092
    0.2061     35.3809
    0.2062     35.3526
    0.2063     35.3243
    0.2064     35.2960
    0.2065     35.2677
    0.2066     35.2394
    0.2067     35.2111
    0.2068     35.1828
    0.2069     35.1545
    0.2070     35.1262
    0.2071     35.0979
    0.2072     35.0696
    0.2073     35.0413
    0.2075     34.9930
    0.2076     34.9699
    0.2077     34.9468
    0.2078     34.9237
    0.2079     34.9006
    0.2080     34.8775
    0.2081     34.8544
    0.2082     34.8313
    0.2083     34.8082
    0.2084     34.7851
    0.2085     34.7620
    0.2086     34.7389
    0.2087     34.7158
    0.2088     34.6927
    0.2089     34.6696
    0.2090     34.6465
    0.2091     34.6234
    0.2092     34.6003
    0.2093     34.5772
    0.2094     34.5541
    0.2095     34.5310
    0.2096     34.5079
    0.2097     34.4848
    0.2098     34.4617
    0.2099     34.4386
    0.2100     34.4154
    0.2101     34.3923
    0.2102     34.3692
    0.2104     34.3208
    0.2105     34.2963
    0.2106     34.2718
    0.2107     34.2473
    0.2108     34.2228
    0.2109     34.1983
    0.2110     34.1738
    0.2111     34.1493
    0.2112     34.1248
    0.2113     34.1003
    0.2114     34.0758
    0.2115     34.0513
    0.2116     34.0268
    0.2117     34.0023
    0.2118     33.9778
    0.2119     33.9533
    0.2120     33.9288
    0.2121     33.9043
    0.2122     33.8798
    0.2124     33.8302
    0.2125     33.8054
    0.2126     33.7805
    0.2127     33.7557
    0.2128     33.7308
    0.2129     33.7059
    0.2130     33.6811
    0.2131     33.6562
    0.2132     33.6314
    0.2133     33.6065
    0.2134     33.5817
    0.2135     33.5568
    0.2136     33.5319
    0.2137     33.5071
    0.2138     33.4822
    0.2139     33.4574
    0.2140     33.4325
    0.2141     33.4077
    0.2142     33.3828
    0.2143     33.3579
    0.2144     33.3331
    0.2145     33.3082
    0.2146     33.2834
    0.2147     33.2585
    0.2148     33.2337
    0.2149     33.2088
    0.2150     33.1839
    0.2151     33.1591
    0.2152     33.1342
    0.2153     33.1094
    0.2154     33.0845
    0.2155     33.0597
    0.2156     33.0348
    0.2157     33.0099
    0.2159     32.9657
    0.2160     32.9443
    0.2161     32.9229
    0.2162     32.9014
    0.2163     32.8800
    0.2164     32.8586
    0.2165     32.8371
    0.2166     32.8157
    0.2167     32.7943
    0.2168     32.7729
    0.2169     32.7514
    0.2170     32.7300
    0.2171     32.7086
    0.2172     32.6871
    0.2173     32.6657
    0.2174     32.6443
    0.2175     32.6229
    0.2176     32.6014
    0.2177     32.5800
    0.2178     32.5586
    0.2179     32.5371
    0.2180     32.5157
    0.2181     32.4943
    0.2182     32.4729
    0.2183     32.4514
    0.2184     32.4300
    0.2185     32.4086
    0.2186     32.3871
    0.2187     32.3657
    0.2188     32.3443
    0.2189     32.3229
    0.2190     32.3014
    0.2191     32.2800
    0.2192     32.2586
    0.2194     32.1876
    0.2195     32.1486
    0.2196     32.1096
    0.2197     32.0706
    0.2198     32.0316
    0.2199     31.9926
    0.2200     31.9536
    0.2201     31.9146
    0.2202     31.8756
    0.2203     31.8366
    0.2204     31.7976
    0.2205     31.7586
    0.2206     31.7196
    0.2207     31.6806
    0.2208     31.6416
    0.2209     31.6026
    0.2210     31.5636
    0.2211     31.5246
    0.2212     31.4856
    0.2214     31.4395
    0.2215     31.4204
    0.2216     31.4013
    0.2217     31.3822
    0.2218     31.3631
    0.2219     31.3440
    0.2220     31.3249
    0.2221     31.3058
    0.2222     31.2867
    0.2223     31.2676
    0.2224     31.2485
    0.2225     31.2295
    0.2226     31.2104
    0.2227     31.1913
    0.2228     31.1722
    0.2229     31.1531
    0.2230     31.1340
    0.2231     31.1149
    0.2232     31.0958
    0.2233     31.0767
    0.2234     31.0576
    0.2235     31.0385
    0.2236     31.0195
    0.2237     31.0004
    0.2238     30.9813
    0.2239     30.9622
    0.2240     30.9431
    0.2241     30.9240
    0.2242     30.9049
    0.2243     30.8858
    0.2244     30.8667
    0.2245     30.8476
    0.2246     30.8285
    0.2247     30.8095
    0.2248     30.7904
    0.2249     30.7713
    0.2250     30.7522
    0.2251     30.7331
    0.2252     30.7140
    0.2253     30.6949
    0.2254     30.6758
    0.2255     30.6567
    0.2256     30.6376
    0.2258     30.5932
    0.2259     30.5701
    0.2260     30.5471
    0.2261     30.5241
    0.2262     30.5011
    0.2263     30.4780
    0.2264     30.4550
    0.2265     30.4320
    0.2266     30.4090
    0.2267     30.3860
    0.2268     30.3629
    0.2269     30.3399
    0.2270     30.3169
    0.2271     30.2939
    0.2272     30.2708
    0.2273     30.2478
    0.2274     30.2248
    0.2275     30.2018
    0.2276     30.1787
    0.2277     30.1557
    0.2278     30.1327
    0.2279     30.1097
    0.2280     30.0867
    0.2281     30.0636
    0.2282     30.0406
    0.2283     30.0176
    0.2284     29.9946
    0.2285     29.9715
    0.2286     29.9485
    0.2287     29.9255
    0.2288     29.9025
    0.2289     29.8794
    0.2290     29.8564
    0.2291     29.8334
    0.2292     29.8104
    0.2293     29.7873
    0.2294     29.7643
    0.2295     29.7413
    0.2296     29.7183
    0.2297     29.6953
    0.2298     29.6722
    0.2299     29.6492
    0.2301     29.5911
    0.2302     29.5606
    0.2303     29.5300
    0.2304     29.4994
    0.2305     29.4689
    0.2306     29.4383
    0.2307     29.4078
    0.2308     29.3772
    0.2309     29.3467
    0.2310     29.3161
    0.2311     29.2856
    0.2312     29.2550
    0.2313     29.2244
    0.2314     29.1939
    0.2315     29.1633
    0.2316     29.1328
    0.2317     29.1022
    0.2319     29.0547
    0.2320     29.0326
    0.2321     29.0106
    0.2322     28.9885
    0.2323     28.9665
    0.2324     28.9444
    0.2325     28.9224
    0.2326     28.9003
    0.2327     28.8782
    0.2328     28.8562
    0.2329     28.8341
    0.2330     28.8121
    0.2331     28.7900
    0.2332     28.7679
    0.2333     28.7459
    0.2334     28.7238
    0.2335     28.7018
    0.2336     28.6797
    0.2337     28.6576
    0.2338     28.6356
    0.2339     28.6135
    0.2340     28.5915
    0.2341     28.5694
    0.2342     28.5474
    0.2343     28.5253
    0.2344     28.5032
    0.2345     28.4812
    0.2346     28.4591
    0.2347     28.4371
    0.2348     28.4150
    0.2349     28.3929
    0.2350     28.3709
    0.2351     28.3488
    0.2353     28.3059
    0.2354     28.2846
    0.2355     28.2633
    0.2356     28.2419
    0.2357     28.2206
    0.2358     28.1993
    0.2359     28.1780
    0.2360     28.1567
    0.2361     28.1354
    0.2362     28.1141
    0.2363     28.0927
    0.2364     28.0714
    0.2365     28.0501
    0.2366     28.0288
    0.2367     28.0075
    0.2368     27.9862
    0.2369     27.9648
    0.2370     27.9435
    0.2371     27.9222
    0.2372     27.9009
    0.2373     27.8796
    0.2374     27.8583
    0.2375     27.8369
    0.2376     27.8156
    0.2377     27.7943
    0.2378     27.7730
    0.2379     27.7517
    0.2380     27.7304
    0.2381     27.7091
    0.2382     27.6877
    0.2383     27.6664
    0.2384     27.6451
    0.2385     27.6238
    0.2386     27.6025
    0.2387     27.5812
    0.2388     27.5598
    0.2389     27.5385
    0.2391     27.4930
    0.2392     27.4699
    0.2393     27.4468
    0.2394     27.4237
    0.2395     27.4006
    0.2396     27.3775
    0.2397     27.3544
    0.2398     27.3313
    0.2399     27.3082
    0.2400     27.2851
    0.2401     27.2620
    0.2402     27.2389
    0.2403     27.2158
    0.2404     27.1927
    0.2405     27.1696
    0.2406     27.1465
    0.2407     27.1234
    0.2408     27.1003
    0.2409     27.0772
    0.2410     27.0541
    0.2411     27.0310
    0.2412     27.0079
    0.2413     26.9848
    0.2414     26.9617
    0.2415     26.9386
    0.2416     26.9154
    0.2417     26.8923
    0.2418     26.8692
    0.2420     26.8203
    0.2421     26.7954
    0.2422     26.7706
    0.2423     26.7458
    0.2424     26.7210
    0.2425     26.6961
    0.2426     26.6713
    0.2427     26.6465
    0.2428     26.6217
    0.2429     26.5968
    0.2430     26.5720
    0.2431     26.5472
    0.2432     26.5223
    0.2433     26.4975
    0.2434     26.4727
    0.2435     26.4479
    0.2436     26.4230
    0.2437     26.3982
    0.2438     26.3734
    0.2439     26.3486
    0.2440     26.3237
    0.2441     26.2989
    0.2442     26.2741
    0.2443     26.2492
    0.2444     26.2244
    0.2445     26.1996
    0.2446     26.1748
    0.2447     26.1499
    0.2449     26.1043
    0.2450     26.0821
    0.2451     26.0598
    0.2452     26.0375
    0.2453     26.0152
    0.2454     25.9929
    0.2455     25.9706
    0.2456     25.9483
    0.2457     25.9261
    0.2458     25.9038
    0.2459     25.8815
    0.2460     25.8592
    0.2461     25.8369
    0.2462     25.8146
    0.2463     25.7923
    0.2464     25.7701
    0.2465     25.7478
    0.2466     25.7255
    0.2467     25.7032
    0.2468     25.6809
    0.2469     25.6586
    0.2470     25.6363
    0.2471     25.6141
    0.2472     25.5918
    0.2473     25.5695
    0.2474     25.5472
    0.2475     25.5249
    0.2476     25.5026
    0.2477     25.4803
    0.2478     25.4581
    0.2479     25.4358
    0.2480     25.4135
    0.2481     25.3912
    0.2482     25.3689
    0.2484     25.3265
    0.2485     25.3056
    0.2486     25.2846
    0.2487     25.2637
    0.2488     25.2428
    0.2489     25.2218
    0.2490     25.2009
    0.2491     25.1799
    0.2492     25.1590
    0.2493     25.1381
    0.2494     25.1171
    0.2495     25.0962
    0.2496     25.0753
    0.2497     25.0543
    0.2498     25.0334
    0.2499     25.0124
    0.2500     24.9915
    0.2501     24.9706
    0.2502     24.9496
    0.2503     24.9287
    0.2504     24.9078
    0.2505     24.8868
    0.2506     24.8659
    0.2507     24.8449
    0.2508     24.8240
    0.2509     24.8031
    0.2510     24.7821
    0.2511     24.7612
    0.2512     24.7403
    0.2513     24.7193
    0.2514     24.6984
    0.2516     24.6557
    0.2517     24.6343
    0.2518     24.6129
    0.2519     24.5914
    0.2520     24.5700
    0.2521     24.5486
    0.2522     24.5271
    0.2523     24.5057
    0.2524     24.4843
    0.2525     24.4629
    0.2526     24.4414
    0.2527     24.4200
    0.2528     24.3986
    0.2529     24.3771
    0.2530     24.3557
    0.2531     24.3343
    0.2532     24.3129
    0.2533     24.2914
    0.2534     24.2700
    0.2535     24.2486
    0.2536     24.2271
    0.2537     24.2057
    0.2538     24.1843
    0.2539     24.1629
    0.2540     24.1414
    0.2541     24.1200
    0.2542     24.0986
    0.2543     24.0771
    0.2544     24.0557
    0.2545     24.0343
    0.2546     24.0129
    0.2547     23.9914
    0.2548     23.9700
    0.2549     23.9486
    0.2551     23.8934
    0.2552     23.8643
    0.2553     23.8351
    0.2554     23.8060
    0.2555     23.7769
    0.2556     23.7477
    0.2557     23.7186
    0.2558     23.6895
    0.2559     23.6603
    0.2560     23.6312
    0.2561     23.6021
    0.2562     23.5730
    0.2563     23.5438
    0.2564     23.5147
    0.2565     23.4856
    0.2566     23.4564
    0.2567     23.4273
    0.2568     23.3982
    0.2569     23.3690
    0.2570     23.3399
    0.2571     23.3108
    0.2572     23.2817
    0.2574     23.2376
    0.2575     23.2174
    0.2576     23.1971
    0.2577     23.1769
    0.2578     23.1566
    0.2579     23.1364
    0.2580     23.1161
    0.2581     23.0959
    0.2582     23.0756
    0.2583     23.0554
    0.2584     23.0351
    0.2585     23.0149
    0.2586     22.9946
    0.2587     22.9744
    0.2588     22.9541
    0.2589     22.9339
    0.2590     22.9136
    0.2591     22.8934
    0.2592     22.8731
    0.2593     22.8529
    0.2594     22.8326
    0.2595     22.8124
    0.2596     22.7921
    0.2597     22.7719
    0.2598     22.7516
    0.2599     22.7314
    0.2600     22.7111
    0.2601     22.6909
    0.2602     22.6706
    0.2603     22.6504
    0.2604     22.6301
    0.2605     22.6099
    0.2606     22.5896
    0.2607     22.5694
    0.2608     22.5491
    0.2609     22.5289
    0.2610     22.5086
    0.2611     22.4884
    0.2612     22.4681
    0.2614     22.4238
    0.2615     22.4011
    0.2616     22.3785
    0.2617     22.3558
    0.2618     22.3332
    0.2619     22.3106
    0.2620     22.2879
    0.2621     22.2653
    0.2622     22.2426
    0.2623     22.2200
    0.2624     22.1973
    0.2625     22.1747
    0.2626     22.1520
    0.2627     22.1294
    0.2628     22.1068
    0.2629     22.0841
    0.2630     22.0615
    0.2631     22.0388
    0.2632     22.0162
    0.2633     21.9935
    0.2634     21.9709
    0.2635     21.9483
    0.2636     21.9256
    0.2637     21.9030
    0.2638     21.8803
    0.2639     21.8577
    0.2640     21.8350
    0.2641     21.8124
    0.2642     21.7897
    0.2643     21.7671
    0.2644     21.7445
    0.2645     21.7218
    0.2646     21.6992
    0.2647     21.6765
    0.2648     21.6539
    0.2649     21.6312
    0.2650     21.6086
    0.2651     21.5860
    0.2652     21.5633
    0.2653     21.5407
    0.2654     21.5180
    0.2655     21.4954
    0.2656     21.4727
    0.2657     21.4501
    0.2658     21.4274
    0.2659     21.4048
    0.2660     21.3822
    0.2661     21.3595
    0.2662     21.3369
    0.2663     21.3142
    0.2664     21.2916
    0.2665     21.2689
    0.2666     21.2463
    0.2667     21.2237
    0.2668     21.2010
    0.2669     21.1784
    0.2670     21.1557
    0.2671     21.1331
    0.2672     21.1104
    0.2673     21.0878
    0.2674     21.0652
    0.2675     21.0425
    0.2676     21.0199
    0.2677     20.9972
    0.2678     20.9746
    0.2679     20.9519
    0.2680     20.9293
    0.2681     20.9066
    0.2682     20.8840
    0.2683     20.8614
    0.2684     20.8387
    0.2685     20.8161
    0.2686     20.7934
    0.2687     20.7708
    0.2688     20.7481
    0.2689     20.7255
    0.2690     20.7029
    0.2691     20.6802
    0.2692     20.6576
    0.2693     20.6349
    0.2694     20.6123
    0.2695     20.5896
    0.2696     20.5670
    0.2697     20.5443
    0.2698     20.5217
    0.2699     20.4991
    0.2701     20.4573
    0.2702     20.4369
    0.2703     20.4165
    0.2704     20.3961
    0.2705     20.3757
    0.2706     20.3553
    0.2707     20.3348
    0.2708     20.3144
    0.2709     20.2940
    0.2710     20.2736
    0.2711     20.2532
    0.2712     20.2328
    0.2713     20.2123
    0.2714     20.1919
    0.2715     20.1715
    0.2716     20.1511
    0.2717     20.1307
    0.2718     20.1103
    0.2719     20.0898
    0.2720     20.0694
    0.2721     20.0490
    0.2722     20.0286
    0.2723     20.0082
    0.2725     19.9700
    0.2726     19.9513
    0.2727     19.9325
    0.2728     19.9138
    0.2729     19.8950
    0.2730     19.8763
    0.2731     19.8575
    0.2732     19.8388
    0.2733     19.8200
    0.2734     19.8013
    0.2735     19.7825
    0.2736     19.7638
    0.2737     19.7450
    0.2738     19.7263
    0.2739     19.7075
    0.2740     19.6888
    0.2741     19.6700
    0.2742     19.6513
    0.2743     19.6325
    0.2744     19.6138
    0.2745     19.5950
    0.2746     19.5763
    0.2747     19.5575
    0.2748     19.5388
    0.2749     19.5200
    0.2750     19.5013
    0.2751     19.4825
    0.2752     19.4638
    0.2753     19.4450
    0.2754     19.4263
    0.2755     19.4075
    0.2756     19.3888
    0.2757     19.3700
    0.2758     19.3513
    0.2759     19.3325
    0.2760     19.3138
    0.2761     19.2950
    0.2762     19.2763
    0.2763     19.2575
    0.2765     19.2143
    0.2766     19.1921
    0.2767     19.1698
    0.2768     19.1475
    0.2769     19.1252
    0.2770     19.1029
    0.2771     19.0806
    0.2772     19.0583
    0.2773     19.0361
    0.2774     19.0138
    0.2775     18.9915
    0.2776     18.9692
    0.2777     18.9469
    0.2778     18.9246
    0.2779     18.9023
    0.2780     18.8801
    0.2781     18.8578
    0.2782     18.8355
    0.2783     18.8132
    0.2784     18.7909
    0.2785     18.7686
    0.2786     18.7463
    0.2787     18.7241
    0.2788     18.7018
    0.2789     18.6795
    0.2790     18.6572
    0.2791     18.6349
    0.2792     18.6126
    0.2793     18.5903
    0.2794     18.5681
    0.2795     18.5458
    0.2796     18.5235
    0.2797     18.5012
    0.2798     18.4789
    0.2800     18.4202
    0.2801     18.3890
    0.2802     18.3578
    0.2803     18.3267
    0.2804     18.2955
    0.2805     18.2644
    0.2806     18.2332
    0.2807     18.2021
    0.2808     18.1709
    0.2809     18.1398
    0.2810     18.1086
    0.2811     18.0775
    0.2812     18.0463
    0.2813     18.0152
    0.2814     17.9840
    0.2815     17.9528
    0.2816     17.9217
    0.2817     17.8905
    0.2818     17.8594
    0.2819     17.8282
    0.2820     17.7971
    0.2821     17.7659
    0.2822     17.7348
    0.2823     17.7036
    0.2824     17.6725
    0.2826     17.6164
    0.2827     17.5892
    0.2828     17.5619
    0.2829     17.5347
    0.2830     17.5074
    0.2831     17.4802
    0.2832     17.4530
    0.2833     17.4257
    0.2834     17.3985
    0.2835     17.3712
    0.2836     17.3440
    0.2837     17.3168
    0.2838     17.2895
    0.2839     17.2623
    0.2840     17.2350
    0.2841     17.2078
    0.2842     17.1806
    0.2843     17.1533
    0.2844     17.1261
    0.2845     17.0988
    0.2846     17.0716
    0.2847     17.0443
    0.2848     17.0171
    0.2849     16.9899
    0.2850     16.9626
    0.2851     16.9354
    0.2852     16.9081
    0.2853     16.8809
    0.2855     16.8255
    0.2856     16.7977
    0.2857     16.7699
    0.2858     16.7421
    0.2859     16.7143
    0.2860     16.6864
    0.2861     16.6586
    0.2862     16.6308
    0.2863     16.6030
    0.2864     16.5752
    0.2865     16.5474
    0.2866     16.5196
    0.2867     16.4918
    0.2868     16.4639
    0.2869     16.4361
    0.2870     16.4083
    0.2871     16.3805
    0.2872     16.3527
    0.2873     16.3249
    0.2874     16.2971
    0.2875     16.2693
    0.2876     16.2414
    0.2877     16.2136
    0.2878     16.1858
    0.2879     16.1580
    0.2880     16.1302
    0.2881     16.1024
    0.2882     16.0746
    0.2883     16.0468
    0.2884     16.0189
    0.2885     15.9911
    0.2887     15.9389
    0.2888     15.9131
    0.2889     15.8874
    0.2890     15.8617
    0.2891     15.8360
    0.2892     15.8103
    0.2893     15.7846
    0.2894     15.7589
    0.2895     15.7331
    0.2896     15.7074
    0.2897     15.6817
    0.2898     15.6560
    0.2899     15.6303
    0.2900     15.6046
    0.2901     15.5789
    0.2902     15.5531
    0.2903     15.5274
    0.2904     15.5017
    0.2905     15.4760
    0.2906     15.4503
    0.2907     15.4246
    0.2908     15.3989
    0.2909     15.3731
    0.2910     15.3474
    0.2911     15.3217
    0.2912     15.2960
    0.2913     15.2703
    0.2914     15.2446
    0.2915     15.2189
    0.2916     15.1931
    0.2917     15.1674
    0.2918     15.1417
    0.2919     15.1160
    0.2920     15.0903
    0.2922     15.0264
    0.2923     14.9929
    0.2924     14.9594
    0.2925     14.9259
    0.2926     14.8924
    0.2927     14.8589
    0.2928     14.8254
    0.2929     14.7919
    0.2930     14.7584
    0.2931     14.7249
    0.2932     14.6914
    0.2933     14.6579
    0.2934     14.6244
    0.2935     14.5909
    0.2936     14.5574
    0.2937     14.5239
    0.2938     14.4904
    0.2939     14.4569
    0.2940     14.4234
    0.2942     14.3545
    0.2943     14.3199
    0.2944     14.2852
    0.2945     14.2505
    0.2946     14.2159
    0.2947     14.1812
    0.2948     14.1465
    0.2949     14.1119
    0.2950     14.0772
    0.2951     14.0425
    0.2952     14.0079
    0.2953     13.9732
    0.2954     13.9385
    0.2955     13.9039
    0.2956     13.8692
    0.2957     13.8345
    0.2958     13.7999
    0.2959     13.7652
    0.2960     13.7305
    0.2961     13.6959
    0.2962     13.6612
    0.2963     13.6265
    0.2964     13.5919
    0.2965     13.5572
    0.2966     13.5225
    0.2967     13.4879
    0.2968     13.4532
    0.2969     13.4185
    0.2970     13.3839
    0.2972     13.3022
    0.2973     13.2599
    0.2974     13.2175
    0.2975     13.1752
    0.2976     13.1328
    0.2977     13.0905
    0.2978     13.0481
    0.2979     13.0058
    0.2980     12.9634
    0.2981     12.9211
    0.2982     12.8787
    0.2983     12.8364
    0.2984     12.7940
    0.2985     12.7516
    0.2986     12.7093
    0.2987     12.6669
    0.2989     12.5833
    0.2990     12.5417
    0.2991     12.5000
    0.2992     12.4583
    0.2993     12.4167
    0.2994     12.3750
    0.2995     12.3333
    0.2996     12.2917
    0.2997     12.2500
    0.2998     12.2083
    0.2999     12.1667
    0.3000     12.1250
    0.3001     12.0833
    0.3002     12.0417
    0.3003     12.0000
    0.3004     11.9583
    0.3005     11.9167
    0.3007     11.8177
    0.3008     11.7663
    0.3009     11.7149
    0.3010     11.6634
    0.3011     11.6120
    0.3012     11.5606
    0.3013     11.5091
    0.3014     11.4577
    0.3015     11.4063
    0.3016     11.3549
    0.3017     11.3034
    0.3018     11.2520
    0.3019     11.2006
    0.3021     11.0743
    0.3022     11.0083
    0.3023     10.9422
    0.3024     10.8762
    0.3025     10.8101
    0.3026     10.7441
    0.3027     10.6780
    0.3028     10.6120
    0.3029     10.5459
    0.3030     10.4799
    0.3031     10.4139
    0.3032     10.3478
    0.3033     10.2818
    0.3034     10.2157
    0.3035     10.1497
    0.3036     10.0836
    0.3037     10.0176
    0.3038      9.9515
    0.3039      9.8855
    0.3040      9.8194
    0.3042      9.6696
    0.3043      9.5925
    0.3044      9.5154
    0.3045      9.4383
    0.3046      9.3612
    0.3047      9.2841
    0.3048      9.2070
    0.3049      9.1298
    0.3049      9.0436
    0.3048      8.9052
    0.3047      8.7668
    0.3046      8.6284
    0.3045      8.4900
    0.3045      8.3347
    0.3046      8.2142
    0.3047      8.0937
    0.3048      7.9732
    0.3049      7.8527
    0.3050      7.7322
    0.3050      7.5955
    0.3049      7.3741
    0.3048      7.1528
    0.3047      6.9315
    0.3046      6.7101
    0.3045      6.4888
    0.3044      6.2675
    0.3043      6.0461
    0.3042      5.8248
    0.3041      5.6035
    0.3040      5.3821
    0.3039      5.1608
    0.3038      4.9395
    0.3037      4.7181
    0.3036      4.4968
    0.3035      4.2755
    0.3034      4.0541
    0.3033      3.8328
    0.3032      3.6115
    0.3031      3.3901
    0.3030      3.1688
    0.3029      2.9475
    0.3028      2.7261
    0.3027      2.5048
    0.3026      2.2835
    0.3025      2.0621
    0.3024      1.8408
    0.3023      1.6195
    0.3022      1.3981
    0.3021      1.1768
    0.3020      0.9555
    0.3019      0.7341
    0.3018      0.5128
    0.3017      0.2915
    0.3016      0.0701
    0.3015     -0.1512
    0.3014     -0.3725
    0.3013     -0.5939
    0.3012     -0.8152
    0.3011     -1.0365
    0.3010     -1.2579
    0.3009     -1.4792
    0.3008     -1.7005
    0.3007     -1.9219
    0.3006     -2.1432
    0.3005     -2.3645
    0.3004     -2.5859
    0.3003     -2.8072
    0.3002     -3.0285
    0.3001     -3.2499
    0.3000     -3.4712
    0.2999     -3.6925
    0.2998     -3.9139
    0.2997     -4.1352
    0.2996     -4.3565
    0.2995     -4.5779
    0.2994     -4.7992
    0.2993     -5.0205
    0.2992     -5.2419
    0.2991     -5.4632
    0.2990     -5.6845
    0.2989     -5.9059
    0.2988     -6.1272
    0.2987     -6.3485
    0.2986     -6.5699
    0.2985     -6.7912
    0.2984     -7.0125
    0.2983     -7.2339
    0.2982     -7.4552
    0.2981     -7.6765
    0.2980     -7.8979
    0.2979     -8.1192
    0.2978     -8.3405
    0.2977     -8.5619
    0.2976     -8.7832
    0.2975     -9.0045
    0.2974     -9.2259
    0.2973     -9.4472
    0.2972     -9.6685
    0.2971     -9.8899
    0.2970    -10.1112
