#      D       Lambda1    TE = F0
    0.3070     85.0054
    0.3071     84.9793
    0.3072     84.9532
    0.3073     84.9271
    0.3074     84.9010
    0.3075     84.8749
    0.3076     84.8488
    0.3077     84.8227
    0.3078     84.7966
    0.3079     84.7705
    0.3080     84.7444
    0.3081     84.7183
    0.3082     84.6922
    0.3083     84.6661
    0.3084     84.6400
    0.3085     84.6139
    0.3086     84.5878
    0.3087     84.5617
    0.3088     84.5356
    0.3089     84.5095
    0.3090     84.4834
    0.3091     84.4573
    0.3092     84.4312
    0.3093     84.4051
    0.3094     84.3790
    0.3095     84.3529
    0.3096     84.3268
    0.3097     84.3007
    0.3098     84.2746
    0.3099     84.2485
    0.3100     84.2224
    0.3101     84.1963
    0.3102     84.1702
    0.3103     84.1441
    0.3104     84.1180
    0.3105     84.0920
    0.3106     84.0659
    0.3107     84.0398
    0.3108     84.0137
    0.3109     83.9876
    0.3110     83.9615
    0.3111     83.9354
    0.3112     83.9093
    0.3113     83.8832
    0.3114     83.8571
    0.3115     83.8310
    0.3116     83.8049
    0.3117     83.7788
    0.3118     83.7527
    0.3119     83.7266
    0.3120     83.7005
    0.3121     83.6744
    0.3122     83.6483
    0.3123     83.6222
    0.3124     83.5961
    0.3125     83.5700
    0.3126     83.5439
    0.3127     83.5178
    0.3128     83.4917
    0.3129     83.4656
    0.3130     83.4395
    0.3131     83.4134
    0.3132     83.3873
    0.3133     83.3612
    0.3134     83.3351
    0.3135     83.3090
    0.3136     83.2829
    0.3137     83.2568
    0.3138     83.2307
    0.3139     83.2046
    0.3140     83.1785
    0.3141     83.1524
    0.3142     83.1263
    0.3143     83.1002
    0.3144     83.0741
    0.3145     83.0480
    0.3146     83.0220
    0.3147     82.9959
    0.3148     82.9698
    0.3149     82.9437
    0.3150     82.9176
    0.3151     82.8915
    0.3152     82.8654
    0.3153     82.8393
    0.3154     82.8132
    0.3155     82.7871
    0.3156     82.7610
    0.3157     82.7349
    0.3158     82.7088
    0.3159     82.6827
    0.3160     82.6566
    0.3161     82.6305
    0.3162     82.6044
    0.3163     82.5783
    0.3164     82.5522
    0.3165     82.5261
    0.3166     82.5000
    0.3167     82.4739
    0.3168     82.4478
    0.3169     82.4217
    0.3170     82.3956
    0.3171     82.3695
    0.3172     82.3434
    0.3173     82.3173
    0.3174     82.2912
    0.3175     82.2651
    0.3176     82.2390
    0.3177     82.2129
    0.3178     82.1868
    0.3179     82.1607
    0.3180     82.1346
    0.3181     82.1085
    0.3182     82.0824
    0.3183     82.0563
    0.3184     82.0302
    0.3185     82.0041
    0.3186     81.9780
    0.3187     81.9520
    0.3188     81.9259
    0.3189     81.8998
    0.3190     81.8737
    0.3191     81.8476
    0.3192     81.8215
    0.3193     81.7954
    0.3194     81.7693
    0.3195     81.7432
    0.3196     81.7171
    0.3197     81.6910
    0.3198     81.6649
    0.3199     81.6388
    0.3200     81.6127
    0.3201     81.5866
    0.3202     81.5605
    0.3203     81.5344
    0.3204     81.5083
    0.3205     81.4822
    0.3206     81.4561
    0.3207     81.4300
    0.3208     81.4039
    0.3209     81.3778
    0.3210     81.3517
    0.3211     81.3256
    0.3212     81.2995
    0.3213     81.2734
    0.3214     81.2473
    0.3215     81.2212
    0.3216     81.1951
    0.3217     81.1690
    0.3218     81.1429
    0.3219     81.1168
    0.3220     81.0907
    0.3221     81.0646
    0.3222     81.0385
    0.3223     81.0124
    0.3224     80.9863
    0.3225     80.9602
    0.3226     80.9341
    0.3227     80.9080
    0.3228     80.8820
    0.3229     80.8559
    0.3230     80.8298
    0.3231     80.8037
    0.3232     80.7776
    0.3233     80.7515
    0.3234     80.7254
    0.3235     80.6993
    0.3236     80.6732
    0.3237     80.6471
    0.3238     80.6210
    0.3239     80.5949
    0.3240     80.5688
    0.3241     80.5427
    0.3242     80.5166
    0.3243     80.4905
    0.3244     80.4644
    0.3245     80.4383
    0.3246     80.4122
    0.3247     80.3861
    0.3248     80.3600
    0.3249     80.3339
    0.3250     80.3078
    0.3251     80.2817
    0.3252     80.2556
    0.3253     80.2295
    0.3254     80.2034
    0.3255     80.1773
    0.3256     80.1512
    0.3257     80.1251
    0.3258     80.0990
    0.3259     80.0729
    0.3260     80.0468
    0.3261     80.0207
    0.3262     79.9946
    0.3263     79.9685
    0.3264     79.9424
    0.3265     79.9163
    0.3266     79.8902
    0.3267     79.8641
    0.3268     79.8380
    0.3269     79.8120
    0.3270     79.7859
    0.3271     79.7598
    0.3272     79.7337
    0.3273     79.7076
    0.3274     79.6815
    0.3275     79.6554
    0.3276     79.6293
    0.3277     79.6032
    0.3278     79.5771
    0.3279     79.5510
    0.3280     79.5249
    0.3281     79.4988
    0.3282     79.4727
    0.3283     79.4466
    0.3284     79.4205
    0.3285     79.3944
    0.3286     79.3683
    0.3287     79.3422
    0.3288     79.3161
    0.3289     79.2900
    0.3290     79.2639
    0.3291     79.2378
    0.3292     79.2117
    0.3293     79.1856
    0.3294     79.1595
    0.3295     79.1334
    0.3296     79.1073
    0.3297     79.0812
    0.3298     79.0551
    0.3299     79.0290
    0.3300     79.0029
    0.3301     78.9768
    0.3302     78.9507
    0.3303     78.9246
    0.3304     78.8985
    0.3305     78.8724
    0.3306     78.8463
    0.3307     78.8202
    0.3308     78.7941
    0.3309     78.7680
    0.3310     78.7420
    0.3311     78.7159
    0.3312     78.6898
    0.3313     78.6637
    0.3314     78.6376
    0.3315     78.6115
    0.3316     78.5854
    0.3317     78.5593
    0.3318     78.5332
    0.3319     78.5071
    0.3320     78.4810
    0.3321     78.4549
    0.3322     78.4288
    0.3323     78.4027
    0.3324     78.3766
    0.3325     78.3505
    0.3326     78.3244
    0.3327     78.2983
    0.3328     78.2722
    0.3329     78.2461
    0.3330     78.2200
    0.3331     78.1939
    0.3332     78.1678
    0.3333     78.1417
    0.3334     78.1156
    0.3335     78.0895
    0.3336     78.0634
    0.3337     78.0373
    0.3338     78.0112
    0.3339     77.9851
    0.3340     77.9590
    0.3341     77.9329
    0.3342     77.9068
    0.3343     77.8807
    0.3344     77.8546
    0.3345     77.8285
    0.3346     77.8024
    0.3347     77.7763
    0.3348     77.7502
    0.3349     77.7241
    0.3350     77.6980
    0.3351     77.6720
    0.3352     77.6459
    0.3353     77.6198
    0.3354     77.5937
    0.3355     77.5676
    0.3356     77.5415
    0.3357     77.5154
    0.3358     77.4893
    0.3359     77.4632
    0.3360     77.4371
    0.3361     77.4110
    0.3362     77.3849
    0.3363     77.3588
    0.3364     77.3327
    0.3365     77.3066
    0.3366     77.2805
    0.3367     77.2544
    0.3368     77.2283
    0.3369     77.2022
    0.3370     77.1761
    0.3371     77.1500
    0.3373     77.1006
    0.3374     77.0759
    0.3375     77.0512
    0.3376     77.0265
    0.3377     77.0018
    0.3378     76.9771
    0.3379     76.9524
    0.3380     76.9276
    0.3381     76.9029
    0.3382     76.8782
    0.3383     76.8535
    0.3384     76.8288
    0.3385     76.8041
    0.3386     76.7794
    0.3387     76.7547
    0.3388     76.7300
    0.3389     76.7053
    0.3390     76.6806
    0.3391     76.6559
    0.3392     76.6312
    0.3393     76.6065
    0.3394     76.5818
    0.3395     76.5571
    0.3396     76.5324
    0.3397     76.5076
    0.3398     76.4829
    0.3399     76.4582
    0.3400     76.4335
    0.3401     76.4088
    0.3402     76.3841
    0.3403     76.3594
    0.3404     76.3347
    0.3405     76.3100
    0.3407     76.2593
    0.3408     76.2340
    0.3409     76.2087
    0.3410     76.1833
    0.3411     76.1580
    0.3412     76.1327
    0.3413     76.1073
    0.3414     76.0820
    0.3415     76.0567
    0.3416     76.0313
    0.3417     76.0060
    0.3418     75.9807
    0.3419     75.9553
    0.3420     75.9300
    0.3421     75.9047
    0.3422     75.8793
    0.3423     75.8540
    0.3424     75.8287
    0.3425     75.8033
    0.3426     75.7780
    0.3427     75.7527
    0.3428     75.7273
    0.3429     75.7020
    0.3430     75.6767
    0.3431     75.6513
    0.3432     75.6260
    0.3433     75.6007
    0.3434     75.5753
    0.3435     75.5500
    0.3437     75.5022
    0.3438     75.4783
    0.3439     75.4543
    0.3440     75.4304
    0.3441     75.4065
    0.3442     75.3826
    0.3443     75.3587
    0.3444     75.3348
    0.3445     75.3109
    0.3446     75.2870
    0.3447     75.2630
    0.3448     75.2391
    0.3449     75.2152
    0.3450     75.1913
    0.3451     75.1674
    0.3452     75.1435
    0.3453     75.1196
    0.3454     75.0957
    0.3455     75.0717
    0.3456     75.0478
    0.3457     75.0239
    0.3458     75.0000
    0.3459     74.9761
    0.3460     74.9522
    0.3461     74.9283
    0.3462     74.9043
    0.3463     74.8804
    0.3464     74.8565
    0.3465     74.8326
    0.3466     74.8087
    0.3467     74.7848
    0.3468     74.7609
    0.3469     74.7370
    0.3470     74.7130
    0.3471     74.6891
    0.3472     74.6652
    0.3473     74.6413
    0.3474     74.6174
    0.3475     74.5935
    0.3476     74.5696
    0.3477     74.5457
    0.3478     74.5217
    0.3479     74.4978
    0.3480     74.4739
    0.3481     74.4500
    0.3483     74.3928
    0.3484     74.3641
    0.3485     74.3355
    0.3486     74.3069
    0.3487     74.2783
    0.3488     74.2497
    0.3489     74.2210
    0.3490     74.1924
    0.3491     74.1638
    0.3492     74.1352
    0.3493     74.1066
    0.3494     74.0779
    0.3495     74.0493
    0.3496     74.0207
    0.3497     73.9921
    0.3498     73.9634
    0.3499     73.9348
    0.3500     73.9062
    0.3501     73.8776
    0.3502     73.8490
    0.3503     73.8203
    0.3504     73.7917
    0.3505     73.7631
    0.3506     73.7345
    0.3507     73.7059
    0.3508     73.6772
    0.3509     73.6486
    0.3510     73.6200
    0.3512     73.5723
    0.3513     73.5484
    0.3514     73.5245
    0.3515     73.5007
    0.3516     73.4768
    0.3517     73.4530
    0.3518     73.4291
    0.3519     73.4052
    0.3520     73.3814
    0.3521     73.3575
    0.3522     73.3336
    0.3523     73.3098
    0.3524     73.2859
    0.3525     73.2620
    0.3526     73.2382
    0.3527     73.2143
    0.3528     73.1905
    0.3529     73.1666
    0.3530     73.1427
    0.3531     73.1189
    0.3532     73.0950
    0.3533     73.0711
    0.3534     73.0473
    0.3535     73.0234
    0.3536     72.9995
    0.3537     72.9757
    0.3538     72.9518
    0.3539     72.9280
    0.3540     72.9041
    0.3541     72.8802
    0.3542     72.8564
    0.3543     72.8325
    0.3544     72.8086
    0.3545     72.7848
    0.3546     72.7609
    0.3547     72.7370
    0.3548     72.7132
    0.3549     72.6893
    0.3550     72.6655
    0.3551     72.6416
    0.3552     72.6177
    0.3553     72.5939
    0.3554     72.5700
    0.3556     72.5205
    0.3557     72.4957
    0.3558     72.4710
    0.3559     72.4462
    0.3560     72.4214
    0.3561     72.3967
    0.3562     72.3719
    0.3563     72.3471
    0.3564     72.3224
    0.3565     72.2976
    0.3566     72.2729
    0.3567     72.2481
    0.3568     72.2233
    0.3569     72.1986
    0.3570     72.1738
    0.3571     72.1490
    0.3572     72.1243
    0.3573     72.0995
    0.3574     72.0748
    0.3575     72.0500
    0.3576     72.0252
    0.3577     72.0005
    0.3578     71.9757
    0.3579     71.9510
    0.3580     71.9262
    0.3581     71.9014
    0.3582     71.8767
    0.3583     71.8519
    0.3584     71.8271
    0.3585     71.8024
    0.3586     71.7776
    0.3587     71.7529
    0.3588     71.7281
    0.3589     71.7033
    0.3590     71.6786
    0.3591     71.6538
    0.3592     71.6290
    0.3593     71.6043
    0.3594     71.5795
    0.3595     71.5548
    0.3596     71.5300
    0.3597     71.5052
    0.3598     71.4805
    0.3599     71.4557
    0.3600     71.4310
    0.3601     71.4062
    0.3602     71.3814
    0.3603     71.3567
    0.3604     71.3319
    0.3605     71.3071
    0.3606     71.2824
    0.3607     71.2576
    0.3608     71.2329
    0.3609     71.2081
    0.3610     71.1833
    0.3611     71.1586
    0.3612     71.1338
    0.3613     71.1090
    0.3614     71.0843
    0.3615     71.0595
    0.3616     71.0348
    0.3617     71.0100
    0.3618     70.9852
    0.3619     70.9605
    0.3620     70.9357
    0.3621     70.9110
    0.3622     70.8862
    0.3623     70.8614
    0.3624     70.8367
    0.3625     70.8119
    0.3626     70.7871
    0.3627     70.7624
    0.3628     70.7376
    0.3629     70.7129
    0.3630     70.6881
    0.3631     70.6633
    0.3632     70.6386
    0.3633     70.6138
    0.3634     70.5890
    0.3635     70.5643
    0.3636     70.5395
    0.3637     70.5148
    0.3638     70.4900
    0.3640     70.4420
    0.3641     70.4180
    0.3642     70.3940
    0.3643     70.3700
    0.3644     70.3460
    0.3645     70.3220
    0.3646     70.2980
    0.3647     70.2740
    0.3648     70.2500
    0.3649     70.2260
    0.3650     70.2020
    0.3651     70.1780
    0.3652     70.1540
    0.3653     70.1300
    0.3654     70.1060
    0.3655     70.0820
    0.3656     70.0580
    0.3657     70.0340
    0.3658     70.0100
    0.3659     69.9860
    0.3660     69.9620
    0.3661     69.9380
    0.3662     69.9140
    0.3663     69.8900
    0.3664     69.8660
    0.3665     69.8420
    0.3666     69.8180
    0.3667     69.7940
    0.3668     69.7700
    0.3669     69.7460
    0.3670     69.7220
    0.3671     69.6980
    0.3672     69.6740
    0.3673     69.6500
    0.3675     69.6018
    0.3676     69.5777
    0.3677     69.5536
    0.3678     69.5295
    0.3679     69.5054
    0.3680     69.4813
    0.3681     69.4572
    0.3682     69.4331
    0.3683     69.4090
    0.3684     69.3849
    0.3685     69.3608
    0.3686     69.3367
    0.3687     69.3126
    0.3688     69.2885
    0.3689     69.2644
    0.3690     69.2403
    0.3691     69.2162
    0.3692     69.1921
    0.3693     69.1679
    0.3694     69.1438
    0.3695     69.1197
    0.3696     69.0956
    0.3697     69.0715
    0.3698     69.0474
    0.3699     69.0233
    0.3700     68.9992
    0.3701     68.9751
    0.3702     68.9510
    0.3703     68.9269
    0.3704     68.9028
    0.3705     68.8787
    0.3706     68.8546
    0.3707     68.8305
    0.3708     68.8064
    0.3709     68.7823
    0.3710     68.7582
    0.3711     68.7341
    0.3712     68.7100
    0.3713     68.6859
    0.3714     68.6618
    0.3715     68.6377
    0.3716     68.6136
    0.3717     68.5895
    0.3718     68.5654
    0.3719     68.5413
    0.3720     68.5172
    0.3721     68.4931
    0.3722     68.4690
    0.3723     68.4449
    0.3724     68.4208
    0.3725     68.3967
    0.3726     68.3726
    0.3727     68.3485
    0.3728     68.3244
    0.3729     68.3003
    0.3730     68.2762
    0.3731     68.2521
    0.3732     68.2279
    0.3733     68.2038
    0.3734     68.1797
    0.3735     68.1556
    0.3736     68.1315
    0.3737     68.1074
    0.3738     68.0833
    0.3739     68.0592
    0.3740     68.0351
    0.3741     68.0110
    0.3742     67.9869
    0.3743     67.9628
    0.3744     67.9387
    0.3745     67.9146
    0.3746     67.8905
    0.3747     67.8664
    0.3748     67.8423
    0.3749     67.8182
    0.3750     67.7941
    0.3751     67.7700
    0.3753     67.7235
    0.3754     67.7002
    0.3755     67.6770
    0.3756     67.6537
    0.3757     67.6304
    0.3758     67.6072
    0.3759     67.5839
    0.3760     67.5607
    0.3761     67.5374
    0.3762     67.5141
    0.3763     67.4909
    0.3764     67.4676
    0.3765     67.4443
    0.3766     67.4211
    0.3767     67.3978
    0.3768     67.3746
    0.3769     67.3513
    0.3770     67.3280
    0.3771     67.3048
    0.3772     67.2815
    0.3773     67.2583
    0.3774     67.2350
    0.3775     67.2117
    0.3776     67.1885
    0.3777     67.1652
    0.3778     67.1420
    0.3779     67.1187
    0.3780     67.0954
    0.3781     67.0722
    0.3782     67.0489
    0.3783     67.0257
    0.3784     67.0024
    0.3785     66.9791
    0.3786     66.9559
    0.3787     66.9326
    0.3788     66.9093
    0.3789     66.8861
    0.3790     66.8628
    0.3791     66.8396
    0.3792     66.8163
    0.3793     66.7930
    0.3794     66.7698
    0.3795     66.7465
    0.3796     66.7233
    0.3797     66.7000
    0.3799     66.6611
    0.3800     66.6416
    0.3801     66.6222
    0.3802     66.6027
    0.3803     66.5833
    0.3804     66.5638
    0.3805     66.5444
    0.3806     66.5249
    0.3807     66.5055
    0.3808     66.4860
    0.3809     66.4666
    0.3810     66.4471
    0.3811     66.4277
    0.3812     66.4082
    0.3813     66.3888
    0.3814     66.3693
    0.3815     66.3499
    0.3816     66.3304
    0.3817     66.3110
    0.3818     66.2915
    0.3819     66.2721
    0.3820     66.2526
    0.3821     66.2332
    0.3822     66.2137
    0.3823     66.1942
    0.3824     66.1748
    0.3825     66.1553
    0.3826     66.1359
    0.3827     66.1164
    0.3828     66.0970
    0.3829     66.0775
    0.3830     66.0581
    0.3831     66.0386
    0.3832     66.0192
    0.3833     65.9997
    0.3834     65.9803
    0.3835     65.9608
    0.3836     65.9414
    0.3837     65.9219
    0.3838     65.9025
    0.3839     65.8830
    0.3840     65.8636
    0.3841     65.8441
    0.3842     65.8247
    0.3843     65.8052
    0.3844     65.7858
    0.3845     65.7663
    0.3846     65.7468
    0.3847     65.7274
    0.3848     65.7079
    0.3849     65.6885
    0.3850     65.6690
    0.3851     65.6496
    0.3852     65.6301
    0.3853     65.6107
    0.3854     65.5912
    0.3855     65.5718
    0.3856     65.5523
    0.3857     65.5329
    0.3858     65.5134
    0.3859     65.4940
    0.3860     65.4745
    0.3861     65.4551
    0.3862     65.4356
    0.3863     65.4162
    0.3864     65.3967
    0.3865     65.3773
    0.3866     65.3578
    0.3867     65.3384
    0.3868     65.3189
    0.3869     65.2995
    0.3870     65.2800
    0.3872     65.2358
    0.3873     65.2137
    0.3874     65.1916
    0.3875     65.1695
    0.3876     65.1474
    0.3877     65.1253
    0.3878     65.1032
    0.3879     65.0811
    0.3880     65.0589
    0.3881     65.0368
    0.3882     65.0147
    0.3883     64.9926
    0.3884     64.9705
    0.3885     64.9484
    0.3886     64.9263
    0.3887     64.9042
    0.3888     64.8821
    0.3889     64.8600
    0.3890     64.8379
    0.3891     64.8158
    0.3892     64.7937
    0.3893     64.7716
    0.3894     64.7495
    0.3895     64.7274
    0.3896     64.7053
    0.3897     64.6832
    0.3898     64.6611
    0.3899     64.6389
    0.3900     64.6168
    0.3901     64.5947
    0.3902     64.5726
    0.3903     64.5505
    0.3904     64.5284
    0.3905     64.5063
    0.3906     64.4842
    0.3907     64.4621
    0.3908     64.4400
    0.3910     64.3946
    0.3911     64.3719
    0.3912     64.3492
    0.3913     64.3265
    0.3914     64.3038
    0.3915     64.2811
    0.3916     64.2584
    0.3917     64.2357
    0.3918     64.2130
    0.3919     64.1903
    0.3920     64.1676
    0.3921     64.1449
    0.3922     64.1222
    0.3923     64.0995
    0.3924     64.0768
    0.3925     64.0541
    0.3926     64.0314
    0.3927     64.0086
    0.3928     63.9859
    0.3929     63.9632
    0.3930     63.9405
    0.3931     63.9178
    0.3932     63.8951
    0.3933     63.8724
    0.3934     63.8497
    0.3935     63.8270
    0.3936     63.8043
    0.3937     63.7816
    0.3938     63.7589
    0.3939     63.7362
    0.3940     63.7135
    0.3941     63.6908
    0.3942     63.6681
    0.3943     63.6454
    0.3944     63.6227
    0.3945     63.6000
    0.3947     63.5571
    0.3948     63.5357
    0.3949     63.5143
    0.3950     63.4929
    0.3951     63.4714
    0.3952     63.4500
    0.3953     63.4286
    0.3954     63.4071
    0.3955     63.3857
    0.3956     63.3643
    0.3957     63.3429
    0.3958     63.3214
    0.3959     63.3000
    0.3960     63.2786
    0.3961     63.2571
    0.3962     63.2357
    0.3963     63.2143
    0.3964     63.1929
    0.3965     63.1714
    0.3966     63.1500
    0.3967     63.1286
    0.3968     63.1071
    0.3969     63.0857
    0.3970     63.0643
    0.3971     63.0429
    0.3972     63.0214
    0.3973     63.0000
    0.3974     62.9786
    0.3975     62.9571
    0.3976     62.9357
    0.3977     62.9143
    0.3978     62.8929
    0.3979     62.8714
    0.3980     62.8500
    0.3982     62.8046
    0.3983     62.7820
    0.3984     62.7593
    0.3985     62.7366
    0.3986     62.7139
    0.3987     62.6912
    0.3988     62.6685
    0.3989     62.6459
    0.3990     62.6232
    0.3991     62.6005
    0.3992     62.5778
    0.3993     62.5551
    0.3994     62.5324
    0.3995     62.5098
    0.3996     62.4871
    0.3997     62.4644
    0.3998     62.4417
    0.3999     62.4190
    0.4000     62.3963
    0.4001     62.3737
    0.4002     62.3510
    0.4003     62.3283
    0.4004     62.3056
    0.4005     62.2829
    0.4006     62.2602
    0.4007     62.2376
    0.4008     62.2149
    0.4009     62.1922
    0.4010     62.1695
    0.4011     62.1468
    0.4012     62.1241
    0.4013     62.1015
    0.4014     62.0788
    0.4015     62.0561
    0.4016     62.0334
    0.4017     62.0107
    0.4018     61.9880
    0.4019     61.9654
    0.4020     61.9427
    0.4021     61.9200
    0.4023     61.8810
    0.4024     61.8615
    0.4025     61.8420
    0.4026     61.8225
    0.4027     61.8030
    0.4028     61.7835
    0.4029     61.7640
    0.4030     61.7445
    0.4031     61.7250
    0.4032     61.7055
    0.4033     61.6860
    0.4034     61.6665
    0.4035     61.6470
    0.4036     61.6275
    0.4037     61.6080
    0.4038     61.5885
    0.4039     61.5690
    0.4040     61.5495
    0.4041     61.5300
    0.4042     61.5105
    0.4043     61.4910
    0.4044     61.4715
    0.4045     61.4520
    0.4046     61.4325
    0.4047     61.4130
    0.4048     61.3935
    0.4049     61.3740
    0.4050     61.3545
    0.4051     61.3350
    0.4052     61.3155
    0.4053     61.2960
    0.4054     61.2765
    0.4055     61.2570
    0.4056     61.2375
    0.4057     61.2180
    0.4058     61.1985
    0.4059     61.1790
    0.4060     61.1595
    0.4061     61.1400
    0.4063     61.0954
    0.4064     61.0731
    0.4065     61.0509
    0.4066     61.0286
    0.4067     61.0063
    0.4068     60.9840
    0.4069     60.9617
    0.4070     60.9394
    0.4071     60.9171
    0.4072     60.8949
    0.4073     60.8726
    0.4074     60.8503
    0.4075     60.8280
    0.4076     60.8057
    0.4077     60.7834
    0.4078     60.7611
    0.4079     60.7389
    0.4080     60.7166
    0.4081     60.6943
    0.4082     60.6720
    0.4083     60.6497
    0.4084     60.6274
    0.4085     60.6051
    0.4086     60.5829
    0.4087     60.5606
    0.4088     60.5383
    0.4089     60.5160
    0.4090     60.4937
    0.4091     60.4714
    0.4092     60.4491
    0.4093     60.4269
    0.4094     60.4046
    0.4095     60.3823
    0.4096     60.3600
    0.4098     60.3170
    0.4099     60.2954
    0.4100     60.2739
    0.4101     60.2524
    0.4102     60.2309
    0.4103     60.2093
    0.4104     60.1878
    0.4105     60.1663
    0.4106     60.1448
    0.4107     60.1233
    0.4108     60.1017
    0.4109     60.0802
    0.4110     60.0587
    0.4111     60.0372
    0.4112     60.0157
    0.4113     59.9941
    0.4114     59.9726
    0.4115     59.9511
    0.4116     59.9296
    0.4117     59.9080
    0.4118     59.8865
    0.4119     59.8650
    0.4120     59.8435
    0.4121     59.8220
    0.4122     59.8004
    0.4123     59.7789
    0.4124     59.7574
    0.4125     59.7359
    0.4126     59.7143
    0.4127     59.6928
    0.4128     59.6713
    0.4129     59.6498
    0.4130     59.6283
    0.4131     59.6067
    0.4132     59.5852
    0.4133     59.5637
    0.4134     59.5422
    0.4135     59.5207
    0.4136     59.4991
    0.4137     59.4776
    0.4138     59.4561
    0.4139     59.4346
    0.4140     59.4130
    0.4141     59.3915
    0.4142     59.3700
    0.4144     59.3289
    0.4145     59.3084
    0.4146     59.2879
    0.4147     59.2674
    0.4148     59.2468
    0.4149     59.2263
    0.4150     59.2058
    0.4151     59.1853
    0.4152     59.1647
    0.4153     59.1442
    0.4154     59.1237
    0.4155     59.1032
    0.4156     59.0826
    0.4157     59.0621
    0.4158     59.0416
    0.4159     59.0211
    0.4160     59.0005
    0.4161     58.9800
    0.4162     58.9595
    0.4163     58.9389
    0.4164     58.9184
    0.4165     58.8979
    0.4166     58.8774
    0.4167     58.8568
    0.4168     58.8363
    0.4169     58.8158
    0.4170     58.7953
    0.4171     58.7747
    0.4172     58.7542
    0.4173     58.7337
    0.4174     58.7132
    0.4175     58.6926
    0.4176     58.6721
    0.4177     58.6516
    0.4178     58.6311
    0.4179     58.6105
    0.4180     58.5900
    0.4182     58.5512
    0.4183     58.5317
    0.4184     58.5123
    0.4185     58.4929
    0.4186     58.4735
    0.4187     58.4540
    0.4188     58.4346
    0.4189     58.4152
    0.4190     58.3958
    0.4191     58.3763
    0.4192     58.3569
    0.4193     58.3375
    0.4194     58.3181
    0.4195     58.2987
    0.4196     58.2792
    0.4197     58.2598
    0.4198     58.2404
    0.4199     58.2210
    0.4200     58.2015
    0.4201     58.1821
    0.4202     58.1627
    0.4203     58.1433
    0.4204     58.1238
    0.4205     58.1044
    0.4206     58.0850
    0.4207     58.0656
    0.4208     58.0462
    0.4209     58.0267
    0.4210     58.0073
    0.4211     57.9879
    0.4212     57.9685
    0.4213     57.9490
    0.4214     57.9296
    0.4215     57.9102
    0.4216     57.8908
    0.4217     57.8713
    0.4218     57.8519
    0.4219     57.8325
    0.4220     57.8131
    0.4221     57.7937
    0.4222     57.7742
    0.4223     57.7548
    0.4224     57.7354
    0.4225     57.7160
    0.4226     57.6965
    0.4227     57.6771
    0.4228     57.6577
    0.4229     57.6383
    0.4230     57.6188
    0.4231     57.5994
    0.4232     57.5800
    0.4234     57.5366
    0.4235     57.5149
    0.4236     57.4932
    0.4237     57.4715
    0.4238     57.4498
    0.4239     57.4281
    0.4240     57.4064
    0.4241     57.3847
    0.4242     57.3630
    0.4243     57.3413
    0.4244     57.3196
    0.4245     57.2979
    0.4246     57.2762
    0.4247     57.2545
    0.4248     57.2328
    0.4249     57.2111
    0.4250     57.1894
    0.4251     57.1677
    0.4252     57.1460
    0.4253     57.1243
    0.4254     57.1026
    0.4255     57.0809
    0.4256     57.0591
    0.4257     57.0374
    0.4258     57.0157
    0.4259     56.9940
    0.4260     56.9723
    0.4261     56.9506
    0.4262     56.9289
    0.4263     56.9072
    0.4264     56.8855
    0.4265     56.8638
    0.4266     56.8421
    0.4267     56.8204
    0.4268     56.7987
    0.4269     56.7770
    0.4270     56.7553
    0.4271     56.7336
    0.4272     56.7119
    0.4273     56.6902
    0.4274     56.6685
    0.4275     56.6468
    0.4276     56.6251
    0.4277     56.6034
    0.4278     56.5817
    0.4279     56.5600
    0.4281     56.5243
    0.4282     56.5065
    0.4283     56.4886
    0.4284     56.4708
    0.4285     56.4530
    0.4286     56.4351
    0.4287     56.4173
    0.4288     56.3995
    0.4289     56.3816
    0.4290     56.3638
    0.4291     56.3459
    0.4292     56.3281
    0.4293     56.3103
    0.4294     56.2924
    0.4295     56.2746
    0.4296     56.2568
    0.4297     56.2389
    0.4298     56.2211
    0.4299     56.2032
    0.4300     56.1854
    0.4301     56.1676
    0.4302     56.1497
    0.4303     56.1319
    0.4304     56.1141
    0.4305     56.0962
    0.4306     56.0784
    0.4307     56.0605
    0.4308     56.0427
    0.4309     56.0249
    0.4310     56.0070
    0.4311     55.9892
    0.4312     55.9714
    0.4313     55.9535
    0.4314     55.9357
    0.4315     55.9178
    0.4316     55.9000
    0.4318     55.8643
    0.4319     55.8464
    0.4320     55.8285
    0.4321     55.8106
    0.4322     55.7928
    0.4323     55.7749
    0.4324     55.7570
    0.4325     55.7391
    0.4326     55.7213
    0.4327     55.7034
    0.4328     55.6855
    0.4329     55.6677
    0.4330     55.6498
    0.4331     55.6319
    0.4332     55.6140
    0.4333     55.5962
    0.4334     55.5783
    0.4335     55.5604
    0.4336     55.5426
    0.4337     55.5247
    0.4338     55.5068
    0.4339     55.4889
    0.4340     55.4711
    0.4341     55.4532
    0.4342     55.4353
    0.4343     55.4174
    0.4344     55.3996
    0.4345     55.3817
    0.4346     55.3638
    0.4347     55.3460
    0.4348     55.3281
    0.4349     55.3102
    0.4350     55.2923
    0.4351     55.2745
    0.4352     55.2566
    0.4353     55.2387
    0.4354     55.2209
    0.4355     55.2030
    0.4356     55.1851
    0.4357     55.1672
    0.4358     55.1494
    0.4359     55.1315
    0.4360     55.1136
    0.4361     55.0957
    0.4362     55.0779
    0.4363     55.0600
    0.4365     55.0196
    0.4366     54.9995
    0.4367     54.9793
    0.4368     54.9591
    0.4369     54.9389
    0.4370     54.9187
    0.4371     54.8985
    0.4372     54.8784
    0.4373     54.8582
    0.4374     54.8380
    0.4375     54.8178
    0.4376     54.7976
    0.4377     54.7775
    0.4378     54.7573
    0.4379     54.7371
    0.4380     54.7169
    0.4381     54.6967
    0.4382     54.6765
    0.4383     54.6564
    0.4384     54.6362
    0.4385     54.6160
    0.4386     54.5958
    0.4387     54.5756
    0.4388     54.5555
    0.4389     54.5353
    0.4390     54.5151
    0.4391     54.4949
    0.4392     54.4747
    0.4393     54.4545
    0.4394     54.4344
    0.4395     54.4142
    0.4396     54.3940
    0.4397     54.3738
    0.4398     54.3536
    0.4399     54.3335
    0.4400     54.3133
    0.4401     54.2931
    0.4402     54.2729
    0.4403     54.2527
    0.4404     54.2325
    0.4405     54.2124
    0.4406     54.1922
    0.4407     54.1720
    0.4408     54.1518
    0.4409     54.1316
    0.4410     54.1115
    0.4411     54.0913
    0.4412     54.0711
    0.4413     54.0509
    0.4414     54.0307
    0.4415     54.0105
    0.4416     53.9904
    0.4417     53.9702
    0.4418     53.9500
    0.4420     53.9143
    0.4421     53.8965
    0.4422     53.8786
    0.4423     53.8608
    0.4424     53.8430
    0.4425     53.8251
    0.4426     53.8073
    0.4427     53.7895
    0.4428     53.7716
    0.4429     53.7538
    0.4430     53.7359
    0.4431     53.7181
    0.4432     53.7003
    0.4433     53.6824
    0.4434     53.6646
    0.4435     53.6468
    0.4436     53.6289
    0.4437     53.6111
    0.4438     53.5932
    0.4439     53.5754
    0.4440     53.5576
    0.4441     53.5397
    0.4442     53.5219
    0.4443     53.5041
    0.4444     53.4862
    0.4445     53.4684
    0.4446     53.4505
    0.4447     53.4327
    0.4448     53.4149
    0.4449     53.3970
    0.4450     53.3792
    0.4451     53.3614
    0.4452     53.3435
    0.4453     53.3257
    0.4454     53.3078
    0.4455     53.2900
    0.4457     53.2516
    0.4458     53.2324
    0.4459     53.2132
    0.4460     53.1940
    0.4461     53.1748
    0.4462     53.1556
    0.4463     53.1364
    0.4464     53.1172
    0.4465     53.0980
    0.4466     53.0788
    0.4467     53.0596
    0.4468     53.0404
    0.4469     53.0212
    0.4470     53.0020
    0.4471     52.9828
    0.4472     52.9636
    0.4473     52.9444
    0.4474     52.9252
    0.4475     52.9060
    0.4476     52.8868
    0.4477     52.8676
    0.4478     52.8484
    0.4479     52.8292
    0.4480     52.8100
    0.4481     52.7908
    0.4482     52.7716
    0.4483     52.7524
    0.4484     52.7332
    0.4485     52.7140
    0.4486     52.6948
    0.4487     52.6756
    0.4488     52.6564
    0.4489     52.6372
    0.4490     52.6180
    0.4491     52.5988
    0.4492     52.5796
    0.4493     52.5604
    0.4494     52.5412
    0.4495     52.5220
    0.4496     52.5028
    0.4497     52.4836
    0.4498     52.4644
    0.4499     52.4452
    0.4500     52.4260
    0.4501     52.4068
    0.4502     52.3876
    0.4503     52.3684
    0.4504     52.3492
    0.4505     52.3300
    0.4507     52.2923
    0.4508     52.2735
    0.4509     52.2547
    0.4510     52.2358
    0.4511     52.2170
    0.4512     52.1982
    0.4513     52.1793
    0.4514     52.1605
    0.4515     52.1417
    0.4516     52.1228
    0.4517     52.1040
    0.4518     52.0852
    0.4519     52.0663
    0.4520     52.0475
    0.4521     52.0287
    0.4522     52.0098
    0.4523     51.9910
    0.4524     51.9722
    0.4525     51.9533
    0.4526     51.9345
    0.4527     51.9157
    0.4528     51.8968
    0.4529     51.8780
    0.4530     51.8592
    0.4531     51.8403
    0.4532     51.8215
    0.4533     51.8027
    0.4534     51.7838
    0.4535     51.7650
    0.4536     51.7462
    0.4537     51.7273
    0.4538     51.7085
    0.4539     51.6897
    0.4540     51.6708
    0.4541     51.6520
    0.4542     51.6332
    0.4543     51.6143
    0.4544     51.5955
    0.4545     51.5767
    0.4546     51.5578
    0.4547     51.5390
    0.4548     51.5202
    0.4549     51.5013
    0.4550     51.4825
    0.4551     51.4637
    0.4552     51.4448
    0.4553     51.4260
    0.4554     51.4072
    0.4555     51.3883
    0.4556     51.3695
    0.4557     51.3507
    0.4558     51.3318
    0.4559     51.3130
    0.4560     51.2942
    0.4561     51.2753
    0.4562     51.2565
    0.4563     51.2377
    0.4564     51.2188
    0.4565     51.2000
    0.4567     51.1652
    0.4568     51.1478
    0.4569     51.1304
    0.4570     51.1130
    0.4571     51.0956
    0.4572     51.0782
    0.4573     51.0608
    0.4574     51.0434
    0.4575     51.0260
    0.4576     51.0086
    0.4577     50.9912
    0.4578     50.9738
    0.4579     50.9564
    0.4580     50.9390
    0.4581     50.9216
    0.4582     50.9042
    0.4583     50.8868
    0.4584     50.8694
    0.4585     50.8520
    0.4586     50.8346
    0.4587     50.8172
    0.4588     50.7998
    0.4589     50.7824
    0.4590     50.7650
    0.4591     50.7476
    0.4592     50.7302
    0.4593     50.7128
    0.4594     50.6954
    0.4595     50.6780
    0.4596     50.6606
    0.4597     50.6432
    0.4598     50.6258
    0.4599     50.6084
    0.4600     50.5910
    0.4601     50.5736
    0.4602     50.5562
    0.4603     50.5388
    0.4604     50.5214
    0.4605     50.5040
    0.4606     50.4866
    0.4607     50.4692
    0.4608     50.4518
    0.4609     50.4344
    0.4610     50.4170
    0.4611     50.3996
    0.4612     50.3822
    0.4613     50.3648
    0.4614     50.3474
    0.4615     50.3300
    0.4617     50.2937
    0.4618     50.2756
    0.4619     50.2574
    0.4620     50.2393
    0.4621     50.2212
    0.4622     50.2030
    0.4623     50.1849
    0.4624     50.1667
    0.4625     50.1486
    0.4626     50.1305
    0.4627     50.1123
    0.4628     50.0942
    0.4629     50.0760
    0.4630     50.0579
    0.4631     50.0398
    0.4632     50.0216
    0.4633     50.0035
    0.4634     49.9853
    0.4635     49.9672
    0.4636     49.9491
    0.4637     49.9309
    0.4638     49.9128
    0.4639     49.8947
    0.4640     49.8765
    0.4641     49.8584
    0.4642     49.8402
    0.4643     49.8221
    0.4644     49.8040
    0.4645     49.7858
    0.4646     49.7677
    0.4647     49.7495
    0.4648     49.7314
    0.4649     49.7133
    0.4650     49.6951
    0.4651     49.6770
    0.4652     49.6588
    0.4653     49.6407
    0.4654     49.6226
    0.4655     49.6044
    0.4656     49.5863
    0.4657     49.5681
    0.4658     49.5500
    0.4660     49.5147
    0.4661     49.4971
    0.4662     49.4795
    0.4663     49.4618
    0.4664     49.4442
    0.4665     49.4266
    0.4666     49.4089
    0.4667     49.3913
    0.4668     49.3737
    0.4669     49.3561
    0.4670     49.3384
    0.4671     49.3208
    0.4672     49.3032
    0.4673     49.2855
    0.4674     49.2679
    0.4675     49.2503
    0.4676     49.2326
    0.4677     49.2150
    0.4678     49.1974
    0.4679     49.1797
    0.4680     49.1621
    0.4681     49.1445
    0.4682     49.1268
    0.4683     49.1092
    0.4684     49.0916
    0.4685     49.0739
    0.4686     49.0563
    0.4687     49.0387
    0.4688     49.0211
    0.4689     49.0034
    0.4690     48.9858
    0.4691     48.9682
    0.4692     48.9505
    0.4693     48.9329
    0.4694     48.9153
    0.4695     48.8976
    0.4696     48.8800
    0.4698     48.8426
    0.4699     48.8239
    0.4700     48.8052
    0.4701     48.7865
    0.4702     48.7678
    0.4703     48.7491
    0.4704     48.7304
    0.4705     48.7117
    0.4706     48.6930
    0.4707     48.6743
    0.4708     48.6557
    0.4709     48.6370
    0.4710     48.6183
    0.4711     48.5996
    0.4712     48.5809
    0.4713     48.5622
    0.4714     48.5435
    0.4715     48.5248
    0.4716     48.5061
    0.4717     48.4874
    0.4718     48.4687
    0.4719     48.4500
    0.4720     48.4313
    0.4721     48.4126
    0.4722     48.3939
    0.4723     48.3752
    0.4724     48.3565
    0.4725     48.3378
    0.4726     48.3191
    0.4727     48.3004
    0.4728     48.2817
    0.4729     48.2630
    0.4730     48.2443
    0.4731     48.2257
    0.4732     48.2070
    0.4733     48.1883
    0.4734     48.1696
    0.4735     48.1509
    0.4736     48.1322
    0.4737     48.1135
    0.4738     48.0948
    0.4739     48.0761
    0.4740     48.0574
    0.4741     48.0387
    0.4742     48.0200
    0.4744     47.9843
    0.4745     47.9665
    0.4746     47.9487
    0.4747     47.9309
    0.4748     47.9130
    0.4749     47.8952
    0.4750     47.8774
    0.4751     47.8596
    0.4752     47.8417
    0.4753     47.8239
    0.4754     47.8061
    0.4755     47.7883
    0.4756     47.7704
    0.4757     47.7526
    0.4758     47.7348
    0.4759     47.7170
    0.4760     47.6991
    0.4761     47.6813
    0.4762     47.6635
    0.4763     47.6457
    0.4764     47.6278
    0.4765     47.6100
    0.4766     47.5922
    0.4767     47.5743
    0.4768     47.5565
    0.4769     47.5387
    0.4770     47.5209
    0.4771     47.5030
    0.4772     47.4852
    0.4773     47.4674
    0.4774     47.4496
    0.4775     47.4317
    0.4776     47.4139
    0.4777     47.3961
    0.4778     47.3783
    0.4779     47.3604
    0.4780     47.3426
    0.4781     47.3248
    0.4782     47.3070
    0.4783     47.2891
    0.4784     47.2713
    0.4785     47.2535
    0.4786     47.2357
    0.4787     47.2178
    0.4788     47.2000
    0.4790     47.1654
    0.4791     47.1481
    0.4792     47.1309
    0.4793     47.1136
    0.4794     47.0963
    0.4795     47.0790
    0.4796     47.0617
    0.4797     47.0444
    0.4798     47.0271
    0.4799     47.0099
    0.4800     46.9926
    0.4801     46.9753
    0.4802     46.9580
    0.4803     46.9407
    0.4804     46.9234
    0.4805     46.9061
    0.4806     46.8889
    0.4807     46.8716
    0.4808     46.8543
    0.4809     46.8370
    0.4810     46.8197
    0.4811     46.8024
    0.4812     46.7851
    0.4813     46.7679
    0.4814     46.7506
    0.4815     46.7333
    0.4816     46.7160
    0.4817     46.6987
    0.4818     46.6814
    0.4819     46.6641
    0.4820     46.6469
    0.4821     46.6296
    0.4822     46.6123
    0.4823     46.5950
    0.4824     46.5777
    0.4825     46.5604
    0.4826     46.5431
    0.4827     46.5259
    0.4828     46.5086
    0.4829     46.4913
    0.4830     46.4740
    0.4831     46.4567
    0.4832     46.4394
    0.4833     46.4221
    0.4834     46.4049
    0.4835     46.3876
    0.4836     46.3703
    0.4837     46.3530
    0.4838     46.3357
    0.4839     46.3184
    0.4840     46.3011
    0.4841     46.2839
    0.4842     46.2666
    0.4843     46.2493
    0.4844     46.2320
    0.4845     46.2147
    0.4846     46.1974
    0.4847     46.1801
    0.4848     46.1629
    0.4849     46.1456
    0.4850     46.1283
    0.4851     46.1110
    0.4852     46.0937
    0.4853     46.0764
    0.4854     46.0591
    0.4855     46.0419
    0.4856     46.0246
    0.4857     46.0073
    0.4858     45.9900
    0.4860     45.9545
    0.4861     45.9367
    0.4862     45.9190
    0.4863     45.9012
    0.4864     45.8835
    0.4865     45.8657
    0.4866     45.8480
    0.4867     45.8302
    0.4868     45.8124
    0.4869     45.7947
    0.4870     45.7769
    0.4871     45.7592
    0.4872     45.7414
    0.4873     45.7237
    0.4874     45.7059
    0.4875     45.6882
    0.4876     45.6704
    0.4877     45.6527
    0.4878     45.6349
    0.4879     45.6171
    0.4880     45.5994
    0.4881     45.5816
    0.4882     45.5639
    0.4883     45.5461
    0.4884     45.5284
    0.4885     45.5106
    0.4886     45.4929
    0.4887     45.4751
    0.4888     45.4573
    0.4889     45.4396
    0.4890     45.4218
    0.4891     45.4041
    0.4892     45.3863
    0.4893     45.3686
    0.4894     45.3508
    0.4895     45.3331
    0.4896     45.3153
    0.4897     45.2976
    0.4898     45.2798
    0.4899     45.2620
    0.4900     45.2443
    0.4901     45.2265
    0.4902     45.2088
    0.4903     45.1910
    0.4904     45.1733
    0.4905     45.1555
    0.4906     45.1378
    0.4907     45.1200
    0.4909     45.0822
    0.4910     45.0633
    0.4911     45.0443
    0.4912     45.0254
    0.4913     45.0065
    0.4914     44.9876
    0.4915     44.9687
    0.4916     44.9498
    0.4917     44.9309
    0.4918     44.9120
    0.4919     44.8930
    0.4920     44.8741
    0.4921     44.8552
    0.4922     44.8363
    0.4923     44.8174
    0.4924     44.7985
    0.4925     44.7796
    0.4926     44.7607
    0.4927     44.7417
    0.4928     44.7228
    0.4929     44.7039
    0.4930     44.6850
    0.4931     44.6661
    0.4932     44.6472
    0.4933     44.6283
    0.4934     44.6093
    0.4935     44.5904
    0.4936     44.5715
    0.4937     44.5526
    0.4938     44.5337
    0.4939     44.5148
    0.4940     44.4959
    0.4941     44.4770
    0.4942     44.4580
    0.4943     44.4391
    0.4944     44.4202
    0.4945     44.4013
    0.4946     44.3824
    0.4947     44.3635
    0.4948     44.3446
    0.4949     44.3257
    0.4950     44.3067
    0.4951     44.2878
    0.4952     44.2689
    0.4953     44.2500
    0.4955     44.2132
    0.4956     44.1947
    0.4957     44.1763
    0.4958     44.1579
    0.4959     44.1395
    0.4960     44.1211
    0.4961     44.1026
    0.4962     44.0842
    0.4963     44.0658
    0.4964     44.0474
    0.4965     44.0289
    0.4966     44.0105
    0.4967     43.9921
    0.4968     43.9737
    0.4969     43.9553
    0.4970     43.9368
    0.4971     43.9184
    0.4972     43.9000
    0.4973     43.8816
    0.4974     43.8632
    0.4975     43.8447
    0.4976     43.8263
    0.4977     43.8079
    0.4978     43.7895
    0.4979     43.7711
    0.4980     43.7526
    0.4981     43.7342
    0.4982     43.7158
    0.4983     43.6974
    0.4984     43.6789
    0.4985     43.6605
    0.4986     43.6421
    0.4987     43.6237
    0.4988     43.6053
    0.4989     43.5868
    0.4990     43.5684
    0.4991     43.5500
    0.4993     43.5161
    0.4994     43.4991
    0.4995     43.4822
    0.4996     43.4652
    0.4997     43.4483
    0.4998     43.4313
    0.4999     43.4143
    0.5000     43.3974
    0.5001     43.3804
    0.5002     43.3635
    0.5003     43.3465
    0.5004     43.3296
    0.5005     43.3126
    0.5006     43.2957
    0.5007     43.2787
    0.5008     43.2617
    0.5009     43.2448
    0.5010     43.2278
    0.5011     43.2109
    0.5012     43.1939
    0.5013     43.1770
    0.5014     43.1600
    0.5015     43.1430
    0.5016     43.1261
    0.5017     43.1091
    0.5018     43.0922
    0.5019     43.0752
    0.5020     43.0583
    0.5021     43.0413
    0.5022     43.0243
    0.5023     43.0074
    0.5024     42.9904
    0.5025     42.9735
    0.5026     42.9565
    0.5027     42.9396
    0.5028     42.9226
    0.5029     42.9057
    0.5030     42.8887
    0.5031     42.8717
    0.5032     42.8548
    0.5033     42.8378
    0.5034     42.8209
    0.5035     42.8039
    0.5036     42.7870
    0.5037     42.7700
    0.5039     42.7365
    0.5040     42.7198
    0.5041     42.7031
    0.5042     42.6863
    0.5043     42.6696
    0.5044     42.6529
    0.5045     42.6362
    0.5046     42.6194
    0.5047     42.6027
    0.5048     42.5860
    0.5049     42.5692
    0.5050     42.5525
    0.5051     42.5358
    0.5052     42.5190
    0.5053     42.5023
    0.5054     42.4856
    0.5055     42.4688
    0.5056     42.4521
    0.5057     42.4354
    0.5058     42.4187
    0.5059     42.4019
    0.5060     42.3852
    0.5061     42.3685
    0.5062     42.3517
    0.5063     42.3350
    0.5064     42.3183
    0.5065     42.3015
    0.5066     42.2848
    0.5067     42.2681
    0.5068     42.2513
    0.5069     42.2346
    0.5070     42.2179
    0.5071     42.2012
    0.5072     42.1844
    0.5073     42.1677
    0.5074     42.1510
    0.5075     42.1342
    0.5076     42.1175
    0.5077     42.1008
    0.5078     42.0840
    0.5079     42.0673
    0.5080     42.0506
    0.5081     42.0338
    0.5082     42.0171
    0.5083     42.0004
    0.5084     41.9837
    0.5085     41.9669
    0.5086     41.9502
    0.5087     41.9335
    0.5088     41.9167
    0.5089     41.9000
    0.5091     41.8665
    0.5092     41.8498
    0.5093     41.8331
    0.5094     41.8163
    0.5095     41.7996
    0.5096     41.7829
    0.5097     41.7662
    0.5098     41.7494
    0.5099     41.7327
    0.5100     41.7160
    0.5101     41.6992
    0.5102     41.6825
    0.5103     41.6658
    0.5104     41.6490
    0.5105     41.6323
    0.5106     41.6156
    0.5107     41.5988
    0.5108     41.5821
    0.5109     41.5654
    0.5110     41.5487
    0.5111     41.5319
    0.5112     41.5152
    0.5113     41.4985
    0.5114     41.4817
    0.5115     41.4650
    0.5116     41.4483
    0.5117     41.4315
    0.5118     41.4148
    0.5119     41.3981
    0.5120     41.3813
    0.5121     41.3646
    0.5122     41.3479
    0.5123     41.3312
    0.5124     41.3144
    0.5125     41.2977
    0.5126     41.2810
    0.5127     41.2642
    0.5128     41.2475
    0.5129     41.2308
    0.5130     41.2140
    0.5131     41.1973
    0.5132     41.1806
    0.5133     41.1638
    0.5134     41.1471
    0.5135     41.1304
    0.5136     41.1137
    0.5137     41.0969
    0.5138     41.0802
    0.5139     41.0635
    0.5140     41.0467
    0.5141     41.0300
    0.5143     40.9947
    0.5144     40.9770
    0.5145     40.9594
    0.5146     40.9417
    0.5147     40.9241
    0.5148     40.9064
    0.5149     40.8888
    0.5150     40.8711
    0.5151     40.8534
    0.5152     40.8358
    0.5153     40.8181
    0.5154     40.8005
    0.5155     40.7828
    0.5156     40.7652
    0.5157     40.7475
    0.5158     40.7298
    0.5159     40.7122
    0.5160     40.6945
    0.5161     40.6769
    0.5162     40.6592
    0.5163     40.6416
    0.5164     40.6239
    0.5165     40.6063
    0.5166     40.5886
    0.5167     40.5709
    0.5168     40.5533
    0.5169     40.5356
    0.5170     40.5180
    0.5171     40.5003
    0.5172     40.4827
    0.5173     40.4650
    0.5174     40.4473
    0.5175     40.4297
    0.5176     40.4120
    0.5177     40.3944
    0.5178     40.3767
    0.5179     40.3591
    0.5180     40.3414
    0.5181     40.3238
    0.5182     40.3061
    0.5183     40.2884
    0.5184     40.2708
    0.5185     40.2531
    0.5186     40.2355
    0.5187     40.2178
    0.5188     40.2002
    0.5189     40.1825
    0.5190     40.1648
    0.5191     40.1472
    0.5192     40.1295
    0.5193     40.1119
    0.5194     40.0942
    0.5195     40.0766
    0.5196     40.0589
    0.5197     40.0413
    0.5198     40.0236
    0.5199     40.0059
    0.5200     39.9883
    0.5201     39.9706
    0.5202     39.9530
    0.5203     39.9353
    0.5204     39.9177
    0.5205     39.9000
    0.5207     39.8600
    0.5208     39.8400
    0.5209     39.8200
    0.5210     39.8000
    0.5211     39.7800
    0.5212     39.7600
    0.5213     39.7400
    0.5214     39.7200
    0.5215     39.7000
    0.5216     39.6800
    0.5217     39.6600
    0.5218     39.6400
    0.5219     39.6200
    0.5220     39.6000
    0.5221     39.5800
    0.5222     39.5600
    0.5223     39.5400
    0.5224     39.5200
    0.5225     39.5000
    0.5226     39.4800
    0.5227     39.4600
    0.5228     39.4400
    0.5229     39.4200
    0.5230     39.4000
    0.5231     39.3800
    0.5232     39.3600
    0.5233     39.3400
    0.5234     39.3200
    0.5236     39.2834
    0.5237     39.2651
    0.5238     39.2468
    0.5239     39.2285
    0.5240     39.2102
    0.5241     39.1920
    0.5242     39.1737
    0.5243     39.1554
    0.5244     39.1371
    0.5245     39.1188
    0.5246     39.1005
    0.5247     39.0822
    0.5248     39.0639
    0.5249     39.0456
    0.5250     39.0273
    0.5251     39.0090
    0.5252     38.9907
    0.5253     38.9724
    0.5254     38.9541
    0.5255     38.9359
    0.5256     38.9176
    0.5257     38.8993
    0.5258     38.8810
    0.5259     38.8627
    0.5260     38.8444
    0.5261     38.8261
    0.5262     38.8078
    0.5263     38.7895
    0.5264     38.7712
    0.5265     38.7529
    0.5266     38.7346
    0.5267     38.7163
    0.5268     38.6980
    0.5269     38.6798
    0.5270     38.6615
    0.5271     38.6432
    0.5272     38.6249
    0.5273     38.6066
    0.5274     38.5883
    0.5275     38.5700
    0.5277     38.5325
    0.5278     38.5138
    0.5279     38.4950
    0.5280     38.4763
    0.5281     38.4575
    0.5282     38.4388
    0.5283     38.4200
    0.5284     38.4013
    0.5285     38.3825
    0.5286     38.3638
    0.5287     38.3450
    0.5288     38.3263
    0.5289     38.3075
    0.5290     38.2888
    0.5291     38.2700
    0.5292     38.2513
    0.5293     38.2325
    0.5294     38.2138
    0.5295     38.1950
    0.5296     38.1763
    0.5297     38.1575
    0.5298     38.1388
    0.5299     38.1200
    0.5300     38.1013
    0.5301     38.0825
    0.5302     38.0638
    0.5303     38.0450
    0.5304     38.0263
    0.5305     38.0075
    0.5306     37.9888
    0.5307     37.9700
    0.5308     37.9513
    0.5309     37.9325
    0.5310     37.9138
    0.5311     37.8950
    0.5312     37.8763
    0.5313     37.8575
    0.5314     37.8388
    0.5315     37.8200
    0.5317     37.7822
    0.5318     37.7633
    0.5319     37.7443
    0.5320     37.7254
    0.5321     37.7065
    0.5322     37.6876
    0.5323     37.6687
    0.5324     37.6498
    0.5325     37.6309
    0.5326     37.6120
    0.5327     37.5930
    0.5328     37.5741
    0.5329     37.5552
    0.5330     37.5363
    0.5331     37.5174
    0.5332     37.4985
    0.5333     37.4796
    0.5334     37.4607
    0.5335     37.4417
    0.5336     37.4228
    0.5337     37.4039
    0.5338     37.3850
    0.5339     37.3661
    0.5340     37.3472
    0.5341     37.3283
    0.5342     37.3093
    0.5343     37.2904
    0.5344     37.2715
    0.5345     37.2526
    0.5346     37.2337
    0.5347     37.2148
    0.5348     37.1959
    0.5349     37.1770
    0.5350     37.1580
    0.5351     37.1391
    0.5352     37.1202
    0.5353     37.1013
    0.5354     37.0824
    0.5355     37.0635
    0.5356     37.0446
    0.5357     37.0257
    0.5358     37.0067
    0.5359     36.9878
    0.5360     36.9689
    0.5361     36.9500
    0.5363     36.9128
    0.5364     36.8942
    0.5365     36.8756
    0.5366     36.8570
    0.5367     36.8384
    0.5368     36.8198
    0.5369     36.8012
    0.5370     36.7826
    0.5371     36.7640
    0.5372     36.7454
    0.5373     36.7268
    0.5374     36.7082
    0.5375     36.6896
    0.5376     36.6710
    0.5377     36.6524
    0.5378     36.6338
    0.5379     36.6152
    0.5380     36.5966
    0.5381     36.5780
    0.5382     36.5594
    0.5383     36.5408
    0.5384     36.5222
    0.5385     36.5036
    0.5386     36.4850
    0.5387     36.4664
    0.5388     36.4478
    0.5389     36.4292
    0.5390     36.4106
    0.5391     36.3920
    0.5392     36.3734
    0.5393     36.3548
    0.5394     36.3362
    0.5395     36.3176
    0.5396     36.2990
    0.5397     36.2804
    0.5398     36.2618
    0.5399     36.2432
    0.5400     36.2246
    0.5401     36.2060
    0.5402     36.1874
    0.5403     36.1688
    0.5404     36.1502
    0.5405     36.1316
    0.5406     36.1130
    0.5407     36.0944
    0.5408     36.0758
    0.5409     36.0572
    0.5410     36.0386
    0.5411     36.0200
    0.5413     35.9843
    0.5414     35.9665
    0.5415     35.9486
    0.5416     35.9308
    0.5417     35.9130
    0.5418     35.8951
    0.5419     35.8773
    0.5420     35.8595
    0.5421     35.8416
    0.5422     35.8238
    0.5423     35.8059
    0.5424     35.7881
    0.5425     35.7703
    0.5426     35.7524
    0.5427     35.7346
    0.5428     35.7168
    0.5429     35.6989
    0.5430     35.6811
    0.5431     35.6632
    0.5432     35.6454
    0.5433     35.6276
    0.5434     35.6097
    0.5435     35.5919
    0.5436     35.5741
    0.5437     35.5562
    0.5438     35.5384
    0.5439     35.5205
    0.5440     35.5027
    0.5441     35.4849
    0.5442     35.4670
    0.5443     35.4492
    0.5444     35.4314
    0.5445     35.4135
    0.5446     35.3957
    0.5447     35.3778
    0.5448     35.3600
    0.5450     35.3228
    0.5451     35.3041
    0.5452     35.2855
    0.5453     35.2669
    0.5454     35.2483
    0.5455     35.2297
    0.5456     35.2110
    0.5457     35.1924
    0.5458     35.1738
    0.5459     35.1552
    0.5460     35.1366
    0.5461     35.1179
    0.5462     35.0993
    0.5463     35.0807
    0.5464     35.0621
    0.5465     35.0434
    0.5466     35.0248
    0.5467     35.0062
    0.5468     34.9876
    0.5469     34.9690
    0.5470     34.9503
    0.5471     34.9317
    0.5472     34.9131
    0.5473     34.8945
    0.5474     34.8759
    0.5475     34.8572
    0.5476     34.8386
    0.5477     34.8200
    0.5478     34.8014
    0.5479     34.7828
    0.5480     34.7641
    0.5481     34.7455
    0.5482     34.7269
    0.5483     34.7083
    0.5484     34.6897
    0.5485     34.6710
    0.5486     34.6524
    0.5487     34.6338
    0.5488     34.6152
    0.5489     34.5966
    0.5490     34.5779
    0.5491     34.5593
    0.5492     34.5407
    0.5493     34.5221
    0.5494     34.5034
    0.5495     34.4848
    0.5496     34.4662
    0.5497     34.4476
    0.5498     34.4290
    0.5499     34.4103
    0.5500     34.3917
    0.5501     34.3731
    0.5502     34.3545
    0.5503     34.3359
    0.5504     34.3172
    0.5505     34.2986
    0.5506     34.2800
    0.5508     34.2469
    0.5509     34.2304
    0.5510     34.2139
    0.5511     34.1973
    0.5512     34.1808
    0.5513     34.1643
    0.5514     34.1478
    0.5515     34.1312
    0.5516     34.1147
    0.5517     34.0982
    0.5518     34.0816
    0.5519     34.0651
    0.5520     34.0486
    0.5521     34.0320
    0.5522     34.0155
    0.5523     33.9990
    0.5524     33.9824
    0.5525     33.9659
    0.5526     33.9494
    0.5527     33.9329
    0.5528     33.9163
    0.5529     33.8998
    0.5530     33.8833
    0.5531     33.8667
    0.5532     33.8502
    0.5533     33.8337
    0.5534     33.8171
    0.5535     33.8006
    0.5536     33.7841
    0.5537     33.7676
    0.5538     33.7510
    0.5539     33.7345
    0.5540     33.7180
    0.5541     33.7014
    0.5542     33.6849
    0.5543     33.6684
    0.5544     33.6518
    0.5545     33.6353
    0.5546     33.6188
    0.5547     33.6022
    0.5548     33.5857
    0.5549     33.5692
    0.5550     33.5527
    0.5551     33.5361
    0.5552     33.5196
    0.5553     33.5031
    0.5554     33.4865
    0.5555     33.4700
    0.5557     33.4369
    0.5558     33.4203
    0.5559     33.4037
    0.5560     33.3871
    0.5561     33.3706
    0.5562     33.3540
    0.5563     33.3374
    0.5564     33.3209
    0.5565     33.3043
    0.5566     33.2877
    0.5567     33.2711
    0.5568     33.2546
    0.5569     33.2380
    0.5570     33.2214
    0.5571     33.2049
    0.5572     33.1883
    0.5573     33.1717
    0.5574     33.1551
    0.5575     33.1386
    0.5576     33.1220
    0.5577     33.1054
    0.5578     33.0889
    0.5579     33.0723
    0.5580     33.0557
    0.5581     33.0391
    0.5582     33.0226
    0.5583     33.0060
    0.5584     32.9894
    0.5585     32.9729
    0.5586     32.9563
    0.5587     32.9397
    0.5588     32.9231
    0.5589     32.9066
    0.5590     32.8900
    0.5592     32.8522
    0.5593     32.8333
    0.5594     32.8143
    0.5595     32.7954
    0.5596     32.7765
    0.5597     32.7576
    0.5598     32.7387
    0.5599     32.7198
    0.5600     32.7009
    0.5601     32.6820
    0.5602     32.6630
    0.5603     32.6441
    0.5604     32.6252
    0.5605     32.6063
    0.5606     32.5874
    0.5607     32.5685
    0.5608     32.5496
    0.5609     32.5307
    0.5610     32.5117
    0.5611     32.4928
    0.5612     32.4739
    0.5613     32.4550
    0.5614     32.4361
    0.5615     32.4172
    0.5616     32.3983
    0.5617     32.3793
    0.5618     32.3604
    0.5619     32.3415
    0.5620     32.3226
    0.5621     32.3037
    0.5622     32.2848
    0.5623     32.2659
    0.5624     32.2470
    0.5625     32.2280
    0.5626     32.2091
    0.5627     32.1902
    0.5628     32.1713
    0.5629     32.1524
    0.5630     32.1335
    0.5631     32.1146
    0.5632     32.0957
    0.5633     32.0767
    0.5634     32.0578
    0.5635     32.0389
    0.5636     32.0200
    0.5638     31.9846
    0.5639     31.9670
    0.5640     31.9493
    0.5641     31.9316
    0.5642     31.9139
    0.5643     31.8962
    0.5644     31.8785
    0.5645     31.8609
    0.5646     31.8432
    0.5647     31.8255
    0.5648     31.8078
    0.5649     31.7901
    0.5650     31.7724
    0.5651     31.7548
    0.5652     31.7371
    0.5653     31.7194
    0.5654     31.7017
    0.5655     31.6840
    0.5656     31.6663
    0.5657     31.6487
    0.5658     31.6310
    0.5659     31.6133
    0.5660     31.5956
    0.5661     31.5779
    0.5662     31.5602
    0.5663     31.5426
    0.5664     31.5249
    0.5665     31.5072
    0.5666     31.4895
    0.5667     31.4718
    0.5668     31.4541
    0.5669     31.4365
    0.5670     31.4188
    0.5671     31.4011
    0.5672     31.3834
    0.5673     31.3657
    0.5674     31.3480
    0.5675     31.3304
    0.5676     31.3127
    0.5677     31.2950
    0.5678     31.2773
    0.5679     31.2596
    0.5680     31.2420
    0.5681     31.2243
    0.5682     31.2066
    0.5683     31.1889
    0.5684     31.1712
    0.5685     31.1535
    0.5686     31.1359
    0.5687     31.1182
    0.5688     31.1005
    0.5689     31.0828
    0.5690     31.0651
    0.5691     31.0474
    0.5692     31.0298
    0.5693     31.0121
    0.5694     30.9944
    0.5695     30.9767
    0.5696     30.9590
    0.5697     30.9413
    0.5698     30.9237
    0.5699     30.9060
    0.5700     30.8883
    0.5701     30.8706
    0.5702     30.8529
    0.5703     30.8352
    0.5704     30.8176
    0.5705     30.7999
    0.5706     30.7822
    0.5707     30.7645
    0.5708     30.7468
    0.5709     30.7291
    0.5710     30.7115
    0.5711     30.6938
    0.5712     30.6761
    0.5713     30.6584
    0.5714     30.6407
    0.5715     30.6230
    0.5716     30.6054
    0.5717     30.5877
    0.5718     30.5700
    0.5720     30.5288
    0.5721     30.5082
    0.5722     30.4876
    0.5723     30.4669
    0.5724     30.4463
    0.5725     30.4257
    0.5726     30.4051
    0.5727     30.3845
    0.5728     30.3639
    0.5729     30.3433
    0.5730     30.3227
    0.5731     30.3020
    0.5732     30.2814
    0.5733     30.2608
    0.5734     30.2402
    0.5735     30.2196
    0.5736     30.1990
    0.5737     30.1784
    0.5738     30.1578
    0.5739     30.1371
    0.5740     30.1165
    0.5741     30.0959
    0.5742     30.0753
    0.5743     30.0547
    0.5744     30.0341
    0.5745     30.0135
    0.5746     29.9929
    0.5747     29.9722
    0.5748     29.9516
    0.5749     29.9310
    0.5750     29.9104
    0.5751     29.8898
    0.5752     29.8692
    0.5753     29.8486
    0.5754     29.8280
    0.5755     29.8073
    0.5756     29.7867
    0.5757     29.7661
    0.5758     29.7455
    0.5759     29.7249
    0.5760     29.7043
    0.5761     29.6837
    0.5762     29.6631
    0.5763     29.6425
    0.5764     29.6218
    0.5765     29.6012
    0.5766     29.5806
    0.5767     29.5600
    0.5769     29.5174
    0.5770     29.4961
    0.5771     29.4748
    0.5772     29.4535
    0.5773     29.4322
    0.5774     29.4109
    0.5775     29.3896
    0.5776     29.3683
    0.5777     29.3470
    0.5778     29.3257
    0.5779     29.3043
    0.5780     29.2830
    0.5781     29.2617
    0.5782     29.2404
    0.5783     29.2191
    0.5784     29.1978
    0.5785     29.1765
    0.5786     29.1552
    0.5787     29.1339
    0.5788     29.1126
    0.5789     29.0913
    0.5790     29.0700
    0.5791     29.0487
    0.5792     29.0274
    0.5793     29.0061
    0.5794     28.9848
    0.5795     28.9635
    0.5796     28.9422
    0.5797     28.9209
    0.5798     28.8996
    0.5799     28.8783
    0.5800     28.8570
    0.5801     28.8357
    0.5802     28.8143
    0.5803     28.7930
    0.5804     28.7717
    0.5805     28.7504
    0.5806     28.7291
    0.5807     28.7078
    0.5808     28.6865
    0.5809     28.6652
    0.5810     28.6439
    0.5811     28.6226
    0.5812     28.6013
    0.5813     28.5800
    0.5815     28.5384
    0.5816     28.5176
    0.5817     28.4967
    0.5818     28.4759
    0.5819     28.4551
    0.5820     28.4343
    0.5821     28.4135
    0.5822     28.3927
    0.5823     28.3718
    0.5824     28.3510
    0.5825     28.3302
    0.5826     28.3094
    0.5827     28.2886
    0.5828     28.2678
    0.5829     28.2469
    0.5830     28.2261
    0.5831     28.2053
    0.5832     28.1845
    0.5833     28.1637
    0.5834     28.1429
    0.5835     28.1220
    0.5836     28.1012
    0.5837     28.0804
    0.5838     28.0596
    0.5839     28.0388
    0.5840     28.0180
    0.5841     27.9971
    0.5842     27.9763
    0.5843     27.9555
    0.5844     27.9347
    0.5845     27.9139
    0.5846     27.8931
    0.5847     27.8722
    0.5848     27.8514
    0.5849     27.8306
    0.5850     27.8098
    0.5851     27.7890
    0.5852     27.7682
    0.5853     27.7473
    0.5854     27.7265
    0.5855     27.7057
    0.5856     27.6849
    0.5857     27.6641
    0.5858     27.6433
    0.5859     27.6225
    0.5860     27.6016
    0.5861     27.5808
    0.5862     27.5600
    0.5864     27.5114
    0.5865     27.4870
    0.5866     27.4627
    0.5867     27.4384
    0.5868     27.4141
    0.5869     27.3898
    0.5870     27.3655
    0.5871     27.3411
    0.5872     27.3168
    0.5873     27.2925
    0.5874     27.2682
    0.5875     27.2439
    0.5876     27.2195
    0.5877     27.1952
    0.5878     27.1709
    0.5879     27.1466
    0.5880     27.1223
    0.5881     27.0980
    0.5882     27.0736
    0.5883     27.0493
    0.5884     27.0250
    0.5885     27.0007
    0.5886     26.9764
    0.5887     26.9520
    0.5888     26.9277
    0.5889     26.9034
    0.5890     26.8791
    0.5891     26.8548
    0.5892     26.8305
    0.5893     26.8061
    0.5894     26.7818
    0.5895     26.7575
    0.5896     26.7332
    0.5897     26.7089
    0.5898     26.6845
    0.5899     26.6602
    0.5900     26.6359
    0.5901     26.6116
    0.5902     26.5873
    0.5903     26.5630
    0.5904     26.5386
    0.5905     26.5143
    0.5906     26.4900
    0.5908     26.4374
    0.5909     26.4111
    0.5910     26.3849
    0.5911     26.3586
    0.5912     26.3323
    0.5913     26.3060
    0.5914     26.2797
    0.5915     26.2534
    0.5916     26.2271
    0.5917     26.2009
    0.5918     26.1746
    0.5919     26.1483
    0.5920     26.1220
    0.5921     26.0957
    0.5922     26.0694
    0.5923     26.0431
    0.5924     26.0169
    0.5925     25.9906
    0.5926     25.9643
    0.5927     25.9380
    0.5928     25.9117
    0.5929     25.8854
    0.5930     25.8591
    0.5931     25.8329
    0.5932     25.8066
    0.5933     25.7803
    0.5934     25.7540
    0.5935     25.7277
    0.5936     25.7014
    0.5937     25.6751
    0.5938     25.6489
    0.5939     25.6226
    0.5940     25.5963
    0.5941     25.5700
    0.5943     25.5218
    0.5944     25.4976
    0.5945     25.4735
    0.5946     25.4494
    0.5947     25.4253
    0.5948     25.4012
    0.5949     25.3771
    0.5950     25.3529
    0.5951     25.3288
    0.5952     25.3047
    0.5953     25.2806
    0.5954     25.2565
    0.5955     25.2324
    0.5956     25.2082
    0.5957     25.1841
    0.5958     25.1600
    0.5960     25.1057
    0.5961     25.0786
    0.5962     25.0514
    0.5963     25.0243
    0.5964     24.9971
    0.5965     24.9700
    0.5966     24.9429
    0.5967     24.9157
    0.5968     24.8886
    0.5969     24.8614
    0.5970     24.8343
    0.5971     24.8071
    0.5972     24.7800
    0.5973     24.7529
    0.5974     24.7257
    0.5975     24.6986
    0.5976     24.6714
    0.5977     24.6443
    0.5978     24.6171
    0.5979     24.5900
    0.5980     24.5629
    0.5981     24.5357
    0.5982     24.5086
    0.5983     24.4814
    0.5984     24.4543
    0.5985     24.4271
    0.5986     24.4000
    0.5987     24.3729
    0.5988     24.3457
    0.5989     24.3186
    0.5990     24.2914
    0.5991     24.2643
    0.5992     24.2371
    0.5993     24.2100
    0.5995     24.1417
    0.5996     24.1076
    0.5997     24.0735
    0.5998     24.0393
    0.5999     24.0052
    0.6000     23.9710
    0.6001     23.9369
    0.6002     23.9028
    0.6003     23.8686
    0.6004     23.8345
    0.6005     23.8003
    0.6006     23.7662
    0.6007     23.7321
    0.6008     23.6979
    0.6009     23.6638
    0.6010     23.6297
    0.6011     23.5955
    0.6012     23.5614
    0.6013     23.5272
    0.6014     23.4931
    0.6015     23.4590
    0.6016     23.4248
    0.6017     23.3907
    0.6018     23.3566
    0.6019     23.3224
    0.6020     23.2883
    0.6021     23.2541
    0.6022     23.2200
    0.6024     23.1600
    0.6025     23.1300
    0.6026     23.1000
    0.6027     23.0700
    0.6028     23.0400
    0.6029     23.0100
    0.6030     22.9800
    0.6031     22.9500
    0.6032     22.9200
    0.6033     22.8900
    0.6034     22.8600
    0.6035     22.8300
    0.6036     22.8000
    0.6037     22.7700
    0.6038     22.7400
    0.6039     22.7100
    0.6040     22.6800
    0.6041     22.6500
    0.6042     22.6200
    0.6043     22.5900
    0.6045     22.5213
    0.6046     22.4870
    0.6047     22.4526
    0.6048     22.4183
    0.6049     22.3839
    0.6050     22.3496
    0.6051     22.3152
    0.6052     22.2809
    0.6053     22.2465
    0.6054     22.2122
    0.6055     22.1778
    0.6056     22.1435
    0.6057     22.1091
    0.6058     22.0748
    0.6059     22.0404
    0.6060     22.0061
    0.6061     21.9717
    0.6062     21.9374
    0.6063     21.9030
    0.6064     21.8687
    0.6065     21.8344
    0.6066     21.8000
    0.6068     21.7220
    0.6069     21.6830
    0.6070     21.6440
    0.6071     21.6050
    0.6072     21.5660
    0.6073     21.5270
    0.6074     21.4880
    0.6075     21.4490
    0.6076     21.4100
    0.6077     21.3710
    0.6078     21.3320
    0.6079     21.2930
    0.6080     21.2540
    0.6081     21.2150
    0.6082     21.1760
    0.6083     21.1370
    0.6084     21.0980
    0.6085     21.0590
    0.6086     21.0200
    0.6088     20.9267
    0.6089     20.8800
    0.6090     20.8333
    0.6091     20.7867
    0.6092     20.7400
    0.6093     20.6933
    0.6094     20.6467
    0.6095     20.6000
    0.6096     20.5533
    0.6097     20.5067
    0.6098     20.4600
    0.6099     20.4133
    0.6100     20.3667
    0.6101     20.3200
    0.6102     20.2733
    0.6103     20.2267
    0.6104     20.1800
    0.6105     20.1333
    0.6106     20.0867
    0.6107     20.0400
    0.6109     19.9590
    0.6110     19.9185
    0.6111     19.8780
    0.6112     19.8375
    0.6113     19.7970
    0.6114     19.7565
    0.6115     19.7160
    0.6116     19.6755
    0.6117     19.6350
    0.6118     19.5945
    0.6119     19.5540
    0.6120     19.5135
    0.6121     19.4730
    0.6122     19.4325
    0.6123     19.3920
    0.6124     19.3515
    0.6125     19.3110
    0.6126     19.2705
    0.6127     19.2300
    0.6129     19.1433
    0.6130     19.1000
    0.6131     19.0567
    0.6132     19.0133
    0.6133     18.9700
    0.6134     18.9267
    0.6135     18.8833
    0.6136     18.8400
    0.6137     18.7967
    0.6138     18.7533
    0.6139     18.7100
    0.6141     18.5367
    0.6142     18.4500
    0.6143     18.3633
    0.6144     18.2767
    0.6145     18.1900
    0.6146     18.1033
    0.6147     18.0167
    0.6148     17.9300
    0.6149     17.8433
    0.6150     17.7567
    0.6151     17.6700
    0.6152     17.5833
    0.6153     17.4967
    0.6154     17.4100
    0.6155     17.3233
    0.6156     17.2367
    0.6157     17.1500
    0.6158     17.0633
    0.6159     16.9767
    0.6160     16.8900
    0.6161     16.8033
    0.6162     16.7167
    0.6163     16.6300
    0.6164     16.5433
    0.6165     16.4567
    0.6166     16.3700
    0.6167     16.2833
    0.6168     16.1967
    0.6169     16.1100
    0.6170     16.0233
    0.6171     15.9367
    0.6172     15.8500
    0.6173     15.7633
    0.6174     15.6767
    0.6175     15.5900
    0.6176     15.5033
    0.6177     15.4167
    0.6178     15.3300
    0.6179     15.2433
    0.6180     15.1567
    0.6181     15.0700
    0.6182     14.9833
    0.6183     14.8967
    0.6184     14.8100
    0.6185     14.7233
    0.6186     14.6367
    0.6187     14.5500
    0.6188     14.4633
    0.6189     14.3767
    0.6190     14.2900
    0.6191     14.2033
    0.6192     14.1167
    0.6193     14.0300
    0.6194     13.9433
    0.6195     13.8567
    0.6196     13.7700
    0.6197     13.6833
    0.6198     13.5967
    0.6199     13.5100
    0.6200     13.4233
    0.6201     13.3367
    0.6202     13.2500
    0.6203     13.1633
    0.6204     13.0767
    0.6205     12.9900
    0.6206     12.9033
    0.6207     12.8167
    0.6208     12.7300
    0.6209     12.6433
    0.6210     12.5567
    0.6211     12.4700
    0.6212     12.3833
    0.6213     12.2967
    0.6214     12.2100
    0.6215     12.1233
    0.6216     12.0367
    0.6217     11.9500
    0.6218     11.8633
    0.6219     11.7767
    0.6220     11.6900
    0.6221     11.6033
    0.6222     11.5167
    0.6223     11.4300
    0.6224     11.3433
    0.6225     11.2567
    0.6226     11.1700
    0.6227     11.0833
    0.6228     10.9967
    0.6229     10.9100
    0.6230     10.8233
    0.6231     10.7367
    0.6232     10.6500
    0.6233     10.5633
    0.6234     10.4767
    0.6235     10.3900
    0.6236     10.3033
    0.6237     10.2167
    0.6238     10.1300
    0.6239     10.0433
    0.6240      9.9567
    0.6241      9.8700
    0.6242      9.7833
    0.6243      9.6967
    0.6244      9.6100
    0.6245      9.5233
    0.6246      9.4367
    0.6247      9.3500
    0.6248      9.2633
    0.6249      9.1767
    0.6250      9.0900
    0.6251      9.0033
    0.6252      8.9167
    0.6253      8.8300
    0.6254      8.7433
    0.6255      8.6567
    0.6256      8.5700
    0.6257      8.4833
    0.6258      8.3967
    0.6259      8.3100
    0.6260      8.2233
    0.6261      8.1367
    0.6262      8.0500
    0.6263      7.9633
    0.6264      7.8767
    0.6265      7.7900
    0.6266      7.7033
    0.6267      7.6167
    0.6268      7.5300
    0.6269      7.4433
    0.6270      7.3567
    0.6271      7.2700
    0.6272      7.1833
    0.6273      7.0967
    0.6274      7.0100
    0.6275      6.9233
    0.6276      6.8367
    0.6277      6.7500
    0.6278      6.6633
    0.6279      6.5767
    0.6280      6.4900
    0.6281      6.4033
    0.6282      6.3167
    0.6283      6.2300
    0.6284      6.1433
    0.6285      6.0567
    0.6286      5.9700
    0.6287      5.8833
    0.6288      5.7967
    0.6289      5.7100
    0.6290      5.6233
    0.6291      5.5367
    0.6292      5.4500
    0.6293      5.3633
    0.6294      5.2767
    0.6295      5.1900
    0.6296      5.1033
    0.6297      5.0167
    0.6298      4.9300
    0.6299      4.8433
    0.6300      4.7567
    0.6301      4.6700
    0.6302      4.5833
    0.6303      4.4967
    0.6304      4.4100
    0.6305      4.3233
    0.6306      4.2367
    0.6307      4.1500
    0.6308      4.0633
    0.6309      3.9767
    0.6310      3.8900
    0.6311      3.8033
    0.6312      3.7167
    0.6313      3.6300
    0.6314      3.5433
    0.6315      3.4567
    0.6316      3.3700
    0.6317      3.2833
    0.6318      3.1967
    0.6319      3.1100
    0.6320      3.0233
    0.6321      2.9367
    0.6322      2.8500
    0.6323      2.7633
    0.6324      2.6767
    0.6325      2.5900
    0.6326      2.5033
    0.6327      2.4167
    0.6328      2.3300
    0.6329      2.2433
    0.6330      2.1567
    0.6331      2.0700
    0.6332      1.9833
    0.6333      1.8967
    0.6334      1.8100
    0.6335      1.7233
    0.6336      1.6367
    0.6337      1.5500
    0.6338      1.4633
    0.6339      1.3767
    0.6340      1.2900
    0.6341      1.2033
    0.6342      1.1167
    0.6343      1.0300
    0.6344      0.9433
    0.6345      0.8567
    0.6346      0.7700
    0.6347      0.6833
    0.6348      0.5967
    0.6349      0.5100
    0.6350      0.4233
    0.6351      0.3367
    0.6352      0.2500
    0.6353      0.1633
    0.6354      0.0767
    0.6355     -0.0100
    0.6356     -0.0967
    0.6357     -0.1833
    0.6358     -0.2700
    0.6359     -0.3567
    0.6360     -0.4433
    0.6361     -0.5300
    0.6362     -0.6167
    0.6363     -0.7033
    0.6364     -0.7900
    0.6365     -0.8767
    0.6366     -0.9633
    0.6367     -1.0500
    0.6368     -1.1367
    0.6369     -1.2233
    0.6370     -1.3100
    0.6371     -1.3967
    0.6372     -1.4833
    0.6373     -1.5700
    0.6374     -1.6567
    0.6375     -1.7433
    0.6376     -1.8300
    0.6377     -1.9167
    0.6378     -2.0033
    0.6379     -2.0900
    0.6380     -2.1767
    0.6381     -2.2633
    0.6382     -2.3500
    0.6383     -2.4367
    0.6384     -2.5233
    0.6385     -2.6100
    0.6386     -2.6967
    0.6387     -2.7833
    0.6388     -2.8700
    0.6389     -2.9567
    0.6390     -3.0433
    0.6391     -3.1300
    0.6392     -3.2167
    0.6393     -3.3033
    0.6394     -3.3900
    0.6395     -3.4767
    0.6396     -3.5633
    0.6397     -3.6500
    0.6398     -3.7367
    0.6399     -3.8233
    0.6400     -3.9100
    0.6401     -3.9967
    0.6402     -4.0833
    0.6403     -4.1700
    0.6404     -4.2567
    0.6405     -4.3433
    0.6406     -4.4300
    0.6407     -4.5167
    0.6408     -4.6033
    0.6409     -4.6900
    0.6410     -4.7767
    0.6411     -4.8633
    0.6412     -4.9500
    0.6413     -5.0367
    0.6414     -5.1233
    0.6415     -5.2100
    0.6416     -5.2967
    0.6417     -5.3833
    0.6418     -5.4700
    0.6419     -5.5567
    0.6420     -5.6433
    0.6421     -5.7300
    0.6422     -5.8167
    0.6423     -5.9033
    0.6424     -5.9900
    0.6425     -6.0767
    0.6426     -6.1633
    0.6427     -6.2500
    0.6428     -6.3367
    0.6429     -6.4233
    0.6430     -6.5100
    0.6431     -6.5967
    0.6432     -6.6833
    0.6433     -6.7700
    0.6434     -6.8567
    0.6435     -6.9433
    0.6436     -7.0300
    0.6437     -7.1167
    0.6438     -7.2033
    0.6439     -7.2900
    0.6440     -7.3767
    0.6441     -7.4633
    0.6442     -7.5500
    0.6443     -7.6367
    0.6444     -7.7233
    0.6445     -7.8100
    0.6446     -7.8967
    0.6447     -7.9833
    0.6448     -8.0700
    0.6449     -8.1567
    0.6450     -8.2433
    0.6451     -8.3300
    0.6452     -8.4167
    0.6453     -8.5033
    0.6454     -8.5900
    0.6455     -8.6767
    0.6456     -8.7633
    0.6457     -8.8500
    0.6458     -8.9367
    0.6459     -9.0233
    0.6460     -9.1100
    0.6461     -9.1967
    0.6462     -9.2833
    0.6463     -9.3700
    0.6464     -9.4567
    0.6465     -9.5433
    0.6466     -9.6300
    0.6467     -9.7167
    0.6468     -9.8033
    0.6469     -9.8900
    0.6470     -9.9767
    0.6471    -10.0633
