#      D       Lambda1    TE = G0
    0.0281     85.0429
    0.0282     84.9952
    0.0283     84.9476
    0.0284     84.9000
    0.0285     84.8524
    0.0286     84.8048
    0.0287     84.7571
    0.0288     84.7095
    0.0289     84.6619
    0.0290     84.6143
    0.0291     84.5667
    0.0292     84.5190
    0.0293     84.4714
    0.0294     84.4238
    0.0295     84.3762
    0.0296     84.3286
    0.0297     84.2810
    0.0298     84.2333
    0.0299     84.1857
    0.0300     84.1381
    0.0301     84.0905
    0.0302     84.0429
    0.0303     83.9952
    0.0304     83.9476
    0.0305     83.9000
    0.0306     83.8524
    0.0307     83.8048
    0.0308     83.7571
    0.0309     83.7095
    0.0310     83.6619
    0.0311     83.6143
    0.0312     83.5667
    0.0313     83.5190
    0.0314     83.4714
    0.0315     83.4238
    0.0316     83.3762
    0.0317     83.3286
    0.0318     83.2810
    0.0319     83.2333
    0.0320     83.1857
    0.0321     83.1381
    0.0322     83.0905
    0.0323     83.0429
    0.0324     82.9952
    0.0325     82.9476
    0.0326     82.9000
    0.0327     82.8524
    0.0328     82.8048
    0.0329     82.7571
    0.0330     82.7095
    0.0331     82.6619
    0.0332     82.6143
    0.0333     82.5667
    0.0334     82.5190
    0.0335     82.4714
    0.0336     82.4238
    0.0337     82.3762
    0.0338     82.3286
    0.0339     82.2810
    0.0340     82.2333
    0.0341     82.1857
    0.0342     82.1381
    0.0343     82.0905
    0.0344     82.0429
    0.0345     81.9952
    0.0346     81.9476
    0.0347     81.9000
    0.0348     81.8524
    0.0349     81.8048
    0.0350     81.7571
    0.0351     81.7095
    0.0352     81.6619
    0.0353     81.6143
    0.0354     81.5667
    0.0355     81.5190
    0.0356     81.4714
    0.0357     81.4238
    0.0358     81.3762
    0.0359     81.3286
    0.0360     81.2810
    0.0361     81.2333
    0.0362     81.1857
    0.0363     81.1381
    0.0364     81.0905
    0.0365     81.0429
    0.0366     80.9952
    0.0367     80.9476
    0.0368     80.9000
    0.0369     80.8524
    0.0370     80.8048
    0.0371     80.7571
    0.0372     80.7095
    0.0373     80.6619
    0.0374     80.6143
    0.0375     80.5667
    0.0376     80.5190
    0.0377     80.4714
    0.0378     80.4238
    0.0379     80.3762
    0.0380     80.3286
    0.0381     80.2810
    0.0382     80.2333
    0.0383     80.1857
    0.0384     80.1381
    0.0385     80.0905
    0.0386     80.0429
    0.0387     79.9952
    0.0388     79.9476
    0.0389     79.9000
    0.0390     79.8524
    0.0391     79.8048
    0.0392     79.7571
    0.0393     79.7095
    0.0394     79.6619
    0.0395     79.6143
    0.0396     79.5667
    0.0397     79.5190
    0.0398     79.4714
    0.0399     79.4238
    0.0400     79.3762
    0.0401     79.3286
    0.0402     79.2810
    0.0403     79.2333
    0.0404     79.1857
    0.0405     79.1381
    0.0406     79.0905
    0.0407     79.0429
    0.0408     78.9952
    0.0409     78.9476
    0.0410     78.9000
    0.0411     78.8524
    0.0412     78.8048
    0.0413     78.7571
    0.0414     78.7095
    0.0415     78.6619
    0.0416     78.6143
    0.0417     78.5667
    0.0418     78.5190
    0.0419     78.4714
    0.0420     78.4238
    0.0421     78.3762
    0.0422     78.3286
    0.0423     78.2810
    0.0424     78.2333
    0.0425     78.1857
    0.0426     78.1381
    0.0427     78.0905
    0.0428     78.0429
    0.0429     77.9952
    0.0430     77.9476
    0.0431     77.9000
    0.0432     77.8524
    0.0433     77.8048
    0.0434     77.7571
    0.0435     77.7095
    0.0436     77.6619
    0.0437     77.6143
    0.0438     77.5667
    0.0439     77.5190
    0.0440     77.4714
    0.0441     77.4238
    0.0442     77.3762
    0.0443     77.3286
    0.0444     77.2810
    0.0445     77.2333
    0.0446     77.1857
    0.0447     77.1381
    0.0448     77.0905
    0.0449     77.0429
    0.0450     76.9952
    0.0451     76.9476
    0.0452     76.9000
    0.0453     76.8524
    0.0454     76.8048
    0.0455     76.7571
    0.0456     76.7095
    0.0457     76.6619
    0.0458     76.6143
    0.0459     76.5667
    0.0460     76.5190
    0.0461     76.4714
    0.0462     76.4238
    0.0463     76.3762
    0.0464     76.3286
    0.0465     76.2810
    0.0466     76.2333
    0.0467     76.1857
    0.0468     76.1381
    0.0469     76.0905
    0.0470     76.0429
    0.0471     75.9952
    0.0472     75.9476
    0.0473     75.9000
    0.0474     75.8524
    0.0475     75.8048
    0.0476     75.7571
    0.0477     75.7095
    0.0478     75.6619
    0.0479     75.6143
    0.0480     75.5667
    0.0481     75.5190
    0.0482     75.4714
    0.0483     75.4238
    0.0484     75.3762
    0.0485     75.3286
    0.0486     75.2810
    0.0487     75.2333
    0.0489     75.1517
    0.0490     75.1145
    0.0491     75.0773
    0.0492     75.0401
    0.0493     75.0029
    0.0494     74.9658
    0.0495     74.9286
    0.0496     74.8914
    0.0497     74.8542
    0.0498     74.8171
    0.0499     74.7799
    0.0500     74.7427
    0.0501     74.7055
    0.0502     74.6683
    0.0503     74.6312
    0.0504     74.5940
    0.0505     74.5568
    0.0506     74.5196
    0.0507     74.4824
    0.0508     74.4453
    0.0509     74.4081
    0.0510     74.3709
    0.0511     74.3337
    0.0513     74.2431
    0.0514     74.1974
    0.0515     74.1517
    0.0516     74.1059
    0.0517     74.0602
    0.0518     74.0145
    0.0519     73.9688
    0.0520     73.9230
    0.0521     73.8773
    0.0522     73.8316
    0.0523     73.7859
    0.0524     73.7401
    0.0525     73.6944
    0.0526     73.6487
    0.0527     73.6029
    0.0528     73.5572
    0.0529     73.5115
    0.0530     73.4658
    0.0531     73.4200
    0.0532     73.3743
    0.0533     73.3286
    0.0534     73.2829
    0.0536     73.1971
    0.0537     73.1552
    0.0538     73.1133
    0.0539     73.0713
    0.0540     73.0294
    0.0541     72.9875
    0.0542     72.9456
    0.0543     72.9036
    0.0544     72.8617
    0.0545     72.8198
    0.0546     72.7779
    0.0547     72.7359
    0.0548     72.6940
    0.0549     72.6521
    0.0550     72.6102
    0.0551     72.5682
    0.0552     72.5263
    0.0553     72.4844
    0.0554     72.4425
    0.0555     72.4005
    0.0556     72.3586
    0.0557     72.3167
    0.0558     72.2748
    0.0559     72.2328
    0.0560     72.1909
    0.0561     72.1490
    0.0562     72.1070
    0.0563     72.0651
    0.0564     72.0232
    0.0565     71.9813
    0.0566     71.9393
    0.0568     71.8658
    0.0569     71.8318
    0.0570     71.7977
    0.0571     71.7637
    0.0572     71.7297
    0.0573     71.6957
    0.0574     71.6616
    0.0575     71.6276
    0.0576     71.5936
    0.0577     71.5596
    0.0578     71.5256
    0.0579     71.4915
    0.0580     71.4575
    0.0581     71.4235
    0.0582     71.3895
    0.0583     71.3555
    0.0584     71.3214
    0.0585     71.2874
    0.0586     71.2534
    0.0587     71.2194
    0.0588     71.1854
    0.0589     71.1513
    0.0590     71.1173
    0.0591     71.0833
    0.0592     71.0493
    0.0593     71.0153
    0.0594     70.9812
    0.0595     70.9472
    0.0597     70.8697
    0.0598     70.8279
    0.0599     70.7860
    0.0600     70.7441
    0.0601     70.7022
    0.0602     70.6603
    0.0603     70.6185
    0.0604     70.5766
    0.0605     70.5347
    0.0606     70.4928
    0.0607     70.4509
    0.0608     70.4091
    0.0609     70.3672
    0.0610     70.3253
    0.0611     70.2834
    0.0612     70.2415
    0.0613     70.1997
    0.0614     70.1578
    0.0615     70.1159
    0.0616     70.0740
    0.0617     70.0321
    0.0618     69.9903
    0.0619     69.9484
    0.0621     69.8623
    0.0622     69.8191
    0.0623     69.7760
    0.0624     69.7328
    0.0625     69.6897
    0.0626     69.6465
    0.0627     69.6033
    0.0628     69.5602
    0.0629     69.5170
    0.0630     69.4738
    0.0631     69.4307
    0.0632     69.3875
    0.0633     69.3444
    0.0634     69.3012
    0.0635     69.2580
    0.0636     69.2149
    0.0637     69.1717
    0.0638     69.1285
    0.0639     69.0854
    0.0640     69.0422
    0.0641     68.9991
    0.0642     68.9559
    0.0644     68.8703
    0.0645     68.8276
    0.0646     68.7849
    0.0647     68.7423
    0.0648     68.6996
    0.0649     68.6570
    0.0650     68.6143
    0.0651     68.5716
    0.0652     68.5290
    0.0653     68.4863
    0.0654     68.4437
    0.0655     68.4010
    0.0656     68.3583
    0.0657     68.3157
    0.0658     68.2730
    0.0659     68.2303
    0.0660     68.1877
    0.0661     68.1450
    0.0662     68.1024
    0.0663     68.0597
    0.0664     68.0170
    0.0665     67.9744
    0.0666     67.9317
    0.0667     67.8890
    0.0668     67.8464
    0.0669     67.8037
    0.0670     67.7611
    0.0671     67.7184
    0.0673     67.6438
    0.0674     67.6108
    0.0675     67.5778
    0.0676     67.5449
    0.0677     67.5119
    0.0678     67.4790
    0.0679     67.4460
    0.0680     67.4131
    0.0681     67.3801
    0.0682     67.3472
    0.0683     67.3142
    0.0684     67.2813
    0.0685     67.2483
    0.0686     67.2154
    0.0687     67.1824
    0.0688     67.1495
    0.0689     67.1165
    0.0690     67.0836
    0.0691     67.0506
    0.0692     67.0177
    0.0693     66.9847
    0.0694     66.9518
    0.0695     66.9188
    0.0696     66.8859
    0.0697     66.8529
    0.0698     66.8200
    0.0699     66.7870
    0.0700     66.7541
    0.0701     66.7211
    0.0702     66.6881
    0.0703     66.6552
    0.0704     66.6222
    0.0705     66.5893
    0.0706     66.5563
    0.0707     66.5234
    0.0708     66.4904
    0.0709     66.4575
    0.0710     66.4245
    0.0711     66.3916
    0.0712     66.3586
    0.0713     66.3257
    0.0714     66.2927
    0.0715     66.2598
    0.0717     66.1936
    0.0718     66.1605
    0.0719     66.1273
    0.0720     66.0942
    0.0721     66.0610
    0.0722     66.0279
    0.0723     65.9947
    0.0724     65.9616
    0.0725     65.9285
    0.0726     65.8953
    0.0727     65.8622
    0.0728     65.8290
    0.0729     65.7959
    0.0730     65.7627
    0.0731     65.7296
    0.0732     65.6965
    0.0733     65.6633
    0.0734     65.6302
    0.0735     65.5970
    0.0736     65.5639
    0.0737     65.5307
    0.0738     65.4976
    0.0739     65.4645
    0.0740     65.4313
    0.0741     65.3982
    0.0742     65.3650
    0.0743     65.3319
    0.0744     65.2987
    0.0745     65.2656
    0.0746     65.2325
    0.0747     65.1993
    0.0748     65.1662
    0.0749     65.1330
    0.0750     65.0999
    0.0752     65.0150
    0.0753     64.9686
    0.0754     64.9222
    0.0755     64.8758
    0.0756     64.8294
    0.0757     64.7829
    0.0758     64.7365
    0.0759     64.6901
    0.0760     64.6437
    0.0761     64.5973
    0.0762     64.5509
    0.0763     64.5044
    0.0764     64.4580
    0.0765     64.4116
    0.0766     64.3652
    0.0767     64.3188
    0.0768     64.2724
    0.0769     64.2259
    0.0770     64.1795
    0.0771     64.1331
    0.0772     64.0867
    0.0773     64.0403
    0.0774     63.9939
    0.0775     63.9474
    0.0776     63.9010
    0.0777     63.8546
    0.0778     63.8082
    0.0779     63.7618
    0.0781     63.6792
    0.0782     63.6421
    0.0783     63.6051
    0.0784     63.5680
    0.0785     63.5309
    0.0786     63.4939
    0.0787     63.4568
    0.0788     63.4197
    0.0789     63.3826
    0.0790     63.3456
    0.0791     63.3085
    0.0792     63.2714
    0.0793     63.2344
    0.0794     63.1973
    0.0795     63.1602
    0.0796     63.1231
    0.0797     63.0861
    0.0798     63.0490
    0.0799     63.0119
    0.0800     62.9749
    0.0801     62.9378
    0.0802     62.9007
    0.0803     62.8636
    0.0804     62.8266
    0.0805     62.7895
    0.0806     62.7524
    0.0807     62.7154
    0.0808     62.6783
    0.0809     62.6412
    0.0810     62.6041
    0.0811     62.5671
    0.0812     62.5300
    0.0814     62.4536
    0.0815     62.4154
    0.0816     62.3772
    0.0817     62.3390
    0.0818     62.3008
    0.0819     62.2626
    0.0820     62.2244
    0.0821     62.1862
    0.0822     62.1480
    0.0823     62.1098
    0.0824     62.0716
    0.0825     62.0334
    0.0826     61.9952
    0.0827     61.9570
    0.0828     61.9188
    0.0829     61.8806
    0.0830     61.8424
    0.0831     61.8042
    0.0832     61.7661
    0.0833     61.7279
    0.0834     61.6897
    0.0835     61.6515
    0.0837     61.5799
    0.0838     61.5445
    0.0839     61.5092
    0.0840     61.4738
    0.0841     61.4384
    0.0842     61.4031
    0.0843     61.3677
    0.0844     61.3324
    0.0845     61.2970
    0.0846     61.2616
    0.0847     61.2263
    0.0848     61.1909
    0.0849     61.1556
    0.0850     61.1202
    0.0851     61.0848
    0.0852     61.0495
    0.0853     61.0141
    0.0854     60.9787
    0.0855     60.9434
    0.0856     60.9080
    0.0857     60.8727
    0.0858     60.8373
    0.0859     60.8019
    0.0860     60.7666
    0.0861     60.7312
    0.0863     60.6657
    0.0864     60.6341
    0.0865     60.6025
    0.0866     60.5709
    0.0867     60.5393
    0.0868     60.5077
    0.0869     60.4760
    0.0870     60.4444
    0.0871     60.4128
    0.0872     60.3812
    0.0873     60.3496
    0.0874     60.3180
    0.0875     60.2864
    0.0876     60.2547
    0.0877     60.2231
    0.0878     60.1915
    0.0879     60.1599
    0.0880     60.1283
    0.0881     60.0967
    0.0882     60.0651
    0.0883     60.0334
    0.0884     60.0018
    0.0885     59.9702
    0.0886     59.9386
    0.0887     59.9070
    0.0888     59.8754
    0.0889     59.8437
    0.0890     59.8121
    0.0892     59.7408
    0.0893     59.7029
    0.0894     59.6651
    0.0895     59.6272
    0.0896     59.5894
    0.0897     59.5515
    0.0898     59.5137
    0.0899     59.4758
    0.0900     59.4380
    0.0901     59.4001
    0.0902     59.3623
    0.0903     59.3244
    0.0904     59.2866
    0.0905     59.2487
    0.0906     59.2109
    0.0907     59.1730
    0.0908     59.1352
    0.0909     59.0973
    0.0910     59.0595
    0.0911     59.0216
    0.0912     58.9838
    0.0913     58.9459
    0.0914     58.9081
    0.0915     58.8702
    0.0916     58.8324
    0.0917     58.7945
    0.0918     58.7567
    0.0919     58.7188
    0.0920     58.6810
    0.0921     58.6431
    0.0922     58.6053
    0.0923     58.5674
    0.0924     58.5296
    0.0925     58.4917
    0.0926     58.4539
    0.0927     58.4160
    0.0928     58.3782
    0.0929     58.3403
    0.0930     58.3025
    0.0931     58.2646
    0.0932     58.2268
    0.0933     58.1889
    0.0934     58.1511
    0.0935     58.1132
    0.0936     58.0754
    0.0937     58.0375
    0.0938     57.9997
    0.0939     57.9618
    0.0940     57.9240
    0.0941     57.8861
    0.0942     57.8483
    0.0943     57.8104
    0.0944     57.7726
    0.0945     57.7347
    0.0946     57.6969
    0.0947     57.6590
    0.0948     57.6212
    0.0949     57.5833
    0.0950     57.5455
    0.0951     57.5076
    0.0952     57.4698
    0.0953     57.4319
    0.0954     57.3941
    0.0956     57.3305
    0.0957     57.3037
    0.0958     57.2769
    0.0959     57.2501
    0.0960     57.2233
    0.0961     57.1965
    0.0962     57.1697
    0.0963     57.1429
    0.0964     57.1161
    0.0965     57.0893
    0.0966     57.0625
    0.0967     57.0357
    0.0968     57.0089
    0.0969     56.9821
    0.0970     56.9553
    0.0971     56.9285
    0.0972     56.9016
    0.0973     56.8748
    0.0974     56.8480
    0.0975     56.8212
    0.0976     56.7944
    0.0977     56.7676
    0.0978     56.7408
    0.0979     56.7140
    0.0980     56.6872
    0.0981     56.6604
    0.0982     56.6336
    0.0983     56.6068
    0.0984     56.5800
    0.0986     56.5067
    0.0987     56.4701
    0.0988     56.4334
    0.0989     56.3968
    0.0990     56.3601
    0.0991     56.3235
    0.0992     56.2868
    0.0993     56.2502
    0.0994     56.2136
    0.0995     56.1769
    0.0996     56.1403
    0.0997     56.1036
    0.0998     56.0670
    0.0999     56.0303
    0.1000     55.9937
    0.1001     55.9571
    0.1002     55.9204
    0.1003     55.8838
    0.1004     55.8471
    0.1005     55.8105
    0.1006     55.7738
    0.1007     55.7372
    0.1008     55.7005
    0.1009     55.6639
    0.1010     55.6273
    0.1011     55.5906
    0.1012     55.5540
    0.1013     55.5173
    0.1015     55.4508
    0.1016     55.4179
    0.1017     55.3850
    0.1018     55.3522
    0.1019     55.3193
    0.1020     55.2864
    0.1021     55.2535
    0.1022     55.2206
    0.1023     55.1877
    0.1024     55.1548
    0.1025     55.1220
    0.1026     55.0891
    0.1027     55.0562
    0.1028     55.0233
    0.1029     54.9904
    0.1030     54.9575
    0.1031     54.9247
    0.1032     54.8918
    0.1033     54.8589
    0.1034     54.8260
    0.1035     54.7931
    0.1036     54.7602
    0.1037     54.7273
    0.1038     54.6945
    0.1039     54.6616
    0.1040     54.6287
    0.1041     54.5958
    0.1042     54.5629
    0.1043     54.5300
    0.1044     54.4972
    0.1045     54.4643
    0.1046     54.4314
    0.1047     54.3985
    0.1048     54.3656
    0.1049     54.3327
    0.1050     54.2998
    0.1051     54.2670
    0.1052     54.2341
    0.1053     54.2012
    0.1054     54.1683
    0.1055     54.1354
    0.1056     54.1025
    0.1057     54.0697
    0.1058     54.0368
    0.1059     54.0039
    0.1060     53.9710
    0.1061     53.9381
    0.1062     53.9052
    0.1063     53.8723
    0.1064     53.8395
    0.1065     53.8066
    0.1067     53.7296
    0.1068     53.6904
    0.1069     53.6513
    0.1070     53.6122
    0.1071     53.5730
    0.1072     53.5339
    0.1073     53.4948
    0.1074     53.4557
    0.1075     53.4165
    0.1076     53.3774
    0.1077     53.3383
    0.1078     53.2991
    0.1079     53.2600
    0.1080     53.2209
    0.1081     53.1817
    0.1082     53.1426
    0.1083     53.1035
    0.1084     53.0643
    0.1085     53.0252
    0.1086     52.9861
    0.1087     52.9470
    0.1088     52.9078
    0.1090     52.8415
    0.1091     52.8090
    0.1092     52.7765
    0.1093     52.7440
    0.1094     52.7115
    0.1095     52.6790
    0.1096     52.6465
    0.1097     52.6140
    0.1098     52.5815
    0.1099     52.5490
    0.1100     52.5165
    0.1101     52.4840
    0.1102     52.4515
    0.1103     52.4190
    0.1104     52.3865
    0.1105     52.3540
    0.1106     52.3215
    0.1107     52.2890
    0.1108     52.2565
    0.1109     52.2240
    0.1110     52.1915
    0.1111     52.1590
    0.1112     52.1265
    0.1113     52.0940
    0.1114     52.0615
    0.1115     52.0290
    0.1116     51.9965
    0.1117     51.9640
    0.1118     51.9315
    0.1119     51.8990
    0.1120     51.8665
    0.1122     51.7925
    0.1123     51.7550
    0.1124     51.7175
    0.1125     51.6800
    0.1126     51.6425
    0.1127     51.6050
    0.1128     51.5675
    0.1129     51.5300
    0.1130     51.4925
    0.1131     51.4550
    0.1132     51.4175
    0.1133     51.3800
    0.1134     51.3425
    0.1135     51.3050
    0.1136     51.2675
    0.1137     51.2300
    0.1138     51.1925
    0.1139     51.1550
    0.1140     51.1175
    0.1141     51.0800
    0.1142     51.0425
    0.1143     51.0050
    0.1144     50.9675
    0.1146     50.8927
    0.1147     50.8553
    0.1148     50.8179
    0.1149     50.7805
    0.1150     50.7431
    0.1151     50.7057
    0.1152     50.6683
    0.1153     50.6310
    0.1154     50.5936
    0.1155     50.5562
    0.1156     50.5188
    0.1157     50.4814
    0.1158     50.4440
    0.1159     50.4066
    0.1160     50.3692
    0.1161     50.3318
    0.1162     50.2944
    0.1163     50.2570
    0.1164     50.2197
    0.1165     50.1823
    0.1166     50.1449
    0.1167     50.1075
    0.1169     50.0382
    0.1170     50.0038
    0.1171     49.9695
    0.1172     49.9351
    0.1173     49.9008
    0.1174     49.8664
    0.1175     49.8321
    0.1176     49.7977
    0.1177     49.7634
    0.1178     49.7290
    0.1179     49.6947
    0.1180     49.6603
    0.1181     49.6260
    0.1182     49.5917
    0.1183     49.5573
    0.1184     49.5230
    0.1185     49.4886
    0.1186     49.4543
    0.1187     49.4199
    0.1188     49.3856
    0.1189     49.3512
    0.1190     49.3169
    0.1192     49.2527
    0.1193     49.2208
    0.1194     49.1890
    0.1195     49.1571
    0.1196     49.1253
    0.1197     49.0934
    0.1198     49.0616
    0.1199     49.0297
    0.1200     48.9979
    0.1201     48.9660
    0.1202     48.9341
    0.1203     48.9023
    0.1204     48.8704
    0.1205     48.8386
    0.1206     48.8067
    0.1207     48.7749
    0.1208     48.7430
    0.1209     48.7112
    0.1210     48.6793
    0.1211     48.6475
    0.1212     48.6156
    0.1213     48.5838
    0.1214     48.5519
    0.1215     48.5201
    0.1216     48.4882
    0.1217     48.4564
    0.1219     48.3903
    0.1220     48.3572
    0.1221     48.3241
    0.1222     48.2909
    0.1223     48.2578
    0.1224     48.2246
    0.1225     48.1915
    0.1226     48.1583
    0.1227     48.1252
    0.1228     48.0921
    0.1229     48.0589
    0.1230     48.0258
    0.1231     47.9926
    0.1232     47.9595
    0.1233     47.9263
    0.1234     47.8932
    0.1235     47.8601
    0.1236     47.8269
    0.1237     47.7938
    0.1238     47.7606
    0.1239     47.7275
    0.1240     47.6943
    0.1241     47.6612
    0.1242     47.6281
    0.1243     47.5949
    0.1244     47.5618
    0.1245     47.5286
    0.1246     47.4955
    0.1247     47.4623
    0.1248     47.4292
    0.1249     47.3961
    0.1250     47.3629
    0.1251     47.3298
    0.1252     47.2966
    0.1254     47.2315
    0.1255     47.1990
    0.1256     47.1665
    0.1257     47.1340
    0.1258     47.1015
    0.1259     47.0690
    0.1260     47.0365
    0.1261     47.0040
    0.1262     46.9715
    0.1263     46.9390
    0.1264     46.9065
    0.1265     46.8740
    0.1266     46.8415
    0.1267     46.8090
    0.1268     46.7765
    0.1269     46.7440
    0.1270     46.7115
    0.1271     46.6790
    0.1272     46.6465
    0.1273     46.6140
    0.1274     46.5815
    0.1275     46.5490
    0.1276     46.5165
    0.1277     46.4840
    0.1278     46.4515
    0.1279     46.4190
    0.1280     46.3865
    0.1281     46.3540
    0.1282     46.3215
    0.1283     46.2890
    0.1284     46.2565
    0.1286     46.1913
    0.1287     46.1587
    0.1288     46.1261
    0.1289     46.0935
    0.1290     46.0609
    0.1291     46.0283
    0.1292     45.9957
    0.1293     45.9630
    0.1294     45.9304
    0.1295     45.8978
    0.1296     45.8652
    0.1297     45.8326
    0.1298     45.8000
    0.1299     45.7674
    0.1300     45.7348
    0.1301     45.7022
    0.1302     45.6696
    0.1303     45.6370
    0.1304     45.6043
    0.1305     45.5717
    0.1306     45.5391
    0.1307     45.5065
    0.1309     45.4425
    0.1310     45.4105
    0.1311     45.3786
    0.1312     45.3466
    0.1313     45.3147
    0.1314     45.2827
    0.1315     45.2508
    0.1316     45.2188
    0.1317     45.1869
    0.1318     45.1549
    0.1319     45.1230
    0.1320     45.0910
    0.1321     45.0591
    0.1322     45.0271
    0.1323     44.9952
    0.1324     44.9632
    0.1325     44.9313
    0.1326     44.8993
    0.1327     44.8674
    0.1328     44.8354
    0.1329     44.8035
    0.1330     44.7715
    0.1331     44.7396
    0.1332     44.7076
    0.1333     44.6757
    0.1334     44.6437
    0.1335     44.6118
    0.1336     44.5798
    0.1337     44.5479
    0.1338     44.5159
    0.1339     44.4840
    0.1340     44.4520
    0.1341     44.4200
    0.1342     44.3881
    0.1343     44.3561
    0.1344     44.3242
    0.1345     44.2922
    0.1346     44.2603
    0.1347     44.2283
    0.1348     44.1964
    0.1350     44.1310
    0.1351     44.0983
    0.1352     44.0655
    0.1353     44.0328
    0.1354     44.0000
    0.1355     43.9672
    0.1356     43.9345
    0.1357     43.9017
    0.1358     43.8690
    0.1359     43.8362
    0.1360     43.8034
    0.1361     43.7707
    0.1362     43.7379
    0.1363     43.7052
    0.1364     43.6724
    0.1365     43.6397
    0.1366     43.6069
    0.1367     43.5741
    0.1368     43.5414
    0.1369     43.5086
    0.1370     43.4759
    0.1371     43.4431
    0.1372     43.4103
    0.1373     43.3776
    0.1374     43.3448
    0.1375     43.3121
    0.1376     43.2793
    0.1377     43.2466
    0.1379     43.1998
    0.1380     43.1775
    0.1381     43.1552
    0.1382     43.1329
    0.1383     43.1106
    0.1384     43.0883
    0.1385     43.0660
    0.1386     43.0437
    0.1387     43.0214
    0.1388     42.9991
    0.1389     42.9768
    0.1390     42.9545
    0.1391     42.9322
    0.1392     42.9098
    0.1393     42.8875
    0.1394     42.8652
    0.1395     42.8429
    0.1396     42.8206
    0.1397     42.7983
    0.1398     42.7760
    0.1399     42.7537
    0.1400     42.7314
    0.1401     42.7091
    0.1402     42.6868
    0.1403     42.6645
    0.1405     42.6039
    0.1406     42.5728
    0.1407     42.5416
    0.1408     42.5105
    0.1409     42.4793
    0.1410     42.4482
    0.1411     42.4170
    0.1412     42.3858
    0.1413     42.3547
    0.1414     42.3235
    0.1415     42.2924
    0.1416     42.2612
    0.1417     42.2301
    0.1418     42.1989
    0.1419     42.1678
    0.1420     42.1366
    0.1421     42.1055
    0.1422     42.0743
    0.1423     42.0432
    0.1424     42.0120
    0.1425     41.9808
    0.1426     41.9497
    0.1427     41.9185
    0.1428     41.8874
    0.1429     41.8562
    0.1431     41.7883
    0.1432     41.7540
    0.1433     41.7197
    0.1434     41.6854
    0.1435     41.6511
    0.1436     41.6169
    0.1437     41.5826
    0.1438     41.5483
    0.1439     41.5140
    0.1440     41.4797
    0.1441     41.4454
    0.1442     41.4111
    0.1443     41.3769
    0.1444     41.3426
    0.1445     41.3083
    0.1446     41.2740
    0.1447     41.2397
    0.1448     41.2054
    0.1449     41.1711
    0.1450     41.1369
    0.1452     41.0670
    0.1453     41.0320
    0.1454     40.9970
    0.1455     40.9620
    0.1456     40.9270
    0.1457     40.8920
    0.1458     40.8570
    0.1459     40.8220
    0.1460     40.7870
    0.1461     40.7520
    0.1462     40.7170
    0.1463     40.6820
    0.1464     40.6470
    0.1465     40.6120
    0.1466     40.5770
    0.1467     40.5420
    0.1468     40.5070
    0.1469     40.4720
    0.1470     40.4370
    0.1472     40.3748
    0.1473     40.3441
    0.1474     40.3134
    0.1475     40.2827
    0.1476     40.2520
    0.1477     40.2213
    0.1478     40.1906
    0.1479     40.1599
    0.1480     40.1292
    0.1481     40.0986
    0.1482     40.0679
    0.1483     40.0372
    0.1484     40.0065
    0.1485     39.9758
    0.1486     39.9451
    0.1487     39.9144
    0.1488     39.8837
    0.1489     39.8530
    0.1490     39.8223
    0.1491     39.7917
    0.1492     39.7610
    0.1493     39.7303
    0.1494     39.6996
    0.1495     39.6689
    0.1496     39.6382
    0.1497     39.6075
    0.1498     39.5768
    0.1499     39.5461
    0.1501     39.4809
    0.1502     39.4481
    0.1503     39.4153
    0.1504     39.3825
    0.1505     39.3497
    0.1506     39.3169
    0.1507     39.2841
    0.1508     39.2513
    0.1509     39.2184
    0.1510     39.1856
    0.1511     39.1528
    0.1512     39.1200
    0.1513     39.0872
    0.1514     39.0544
    0.1515     39.0216
    0.1516     38.9888
    0.1517     38.9559
    0.1518     38.9231
    0.1519     38.8903
    0.1520     38.8575
    0.1521     38.8247
    0.1522     38.7919
    0.1523     38.7591
    0.1524     38.7263
    0.1525     38.6934
    0.1526     38.6606
    0.1527     38.6278
    0.1528     38.5950
    0.1529     38.5622
    0.1530     38.5294
    0.1531     38.4966
    0.1533     38.4313
    0.1534     38.3987
    0.1535     38.3661
    0.1536     38.3335
    0.1537     38.3009
    0.1538     38.2683
    0.1539     38.2357
    0.1540     38.2030
    0.1541     38.1704
    0.1542     38.1378
    0.1543     38.1052
    0.1544     38.0726
    0.1545     38.0400
    0.1546     38.0074
    0.1547     37.9748
    0.1548     37.9422
    0.1549     37.9096
    0.1550     37.8770
    0.1551     37.8443
    0.1552     37.8117
    0.1553     37.7791
    0.1554     37.7465
    0.1556     37.6832
    0.1557     37.6516
    0.1558     37.6201
    0.1559     37.5885
    0.1560     37.5569
    0.1561     37.5254
    0.1562     37.4938
    0.1563     37.4623
    0.1564     37.4307
    0.1565     37.3991
    0.1566     37.3676
    0.1567     37.3360
    0.1568     37.3044
    0.1569     37.2729
    0.1570     37.2413
    0.1571     37.2098
    0.1572     37.1782
    0.1573     37.1466
    0.1574     37.1151
    0.1575     37.0835
    0.1576     37.0519
    0.1577     37.0204
    0.1578     36.9888
    0.1579     36.9573
    0.1580     36.9257
    0.1581     36.8941
    0.1582     36.8626
    0.1583     36.8310
    0.1584     36.7994
    0.1585     36.7679
    0.1586     36.7363
    0.1588     36.6733
    0.1589     36.6418
    0.1590     36.6102
    0.1591     36.5787
    0.1592     36.5472
    0.1593     36.5157
    0.1594     36.4842
    0.1595     36.4527
    0.1596     36.4212
    0.1597     36.3896
    0.1598     36.3581
    0.1599     36.3266
    0.1600     36.2951
    0.1601     36.2636
    0.1602     36.2321
    0.1603     36.2005
    0.1604     36.1690
    0.1605     36.1375
    0.1606     36.1060
    0.1607     36.0745
    0.1608     36.0430
    0.1609     36.0115
    0.1610     35.9799
    0.1611     35.9484
    0.1612     35.9169
    0.1613     35.8854
    0.1614     35.8539
    0.1615     35.8224
    0.1616     35.7908
    0.1617     35.7593
    0.1618     35.7278
    0.1619     35.6963
    0.1621     35.6332
    0.1622     35.6016
    0.1623     35.5701
    0.1624     35.5385
    0.1625     35.5069
    0.1626     35.4754
    0.1627     35.4438
    0.1628     35.4123
    0.1629     35.3807
    0.1630     35.3491
    0.1631     35.3176
    0.1632     35.2860
    0.1633     35.2544
    0.1634     35.2229
    0.1635     35.1913
    0.1636     35.1598
    0.1637     35.1282
    0.1638     35.0966
    0.1639     35.0651
    0.1640     35.0335
    0.1641     35.0019
    0.1642     34.9704
    0.1643     34.9388
    0.1644     34.9073
    0.1645     34.8757
    0.1646     34.8441
    0.1647     34.8126
    0.1648     34.7810
    0.1649     34.7494
    0.1650     34.7179
    0.1651     34.6863
    0.1653     34.6238
    0.1654     34.5925
    0.1655     34.5613
    0.1656     34.5300
    0.1657     34.4988
    0.1658     34.4675
    0.1659     34.4363
    0.1660     34.4050
    0.1661     34.3738
    0.1662     34.3425
    0.1663     34.3113
    0.1664     34.2800
    0.1665     34.2488
    0.1666     34.2175
    0.1667     34.1863
    0.1668     34.1550
    0.1669     34.1238
    0.1670     34.0925
    0.1671     34.0613
    0.1672     34.0300
    0.1673     33.9988
    0.1674     33.9675
    0.1675     33.9363
    0.1676     33.9050
    0.1677     33.8738
    0.1678     33.8425
    0.1679     33.8113
    0.1680     33.7800
    0.1681     33.7488
    0.1682     33.7175
    0.1683     33.6863
    0.1684     33.6550
    0.1685     33.6238
    0.1686     33.5925
    0.1687     33.5613
    0.1688     33.5300
    0.1689     33.4988
    0.1690     33.4675
    0.1691     33.4363
    0.1693     33.3783
    0.1694     33.3495
    0.1695     33.3208
    0.1696     33.2920
    0.1697     33.2633
    0.1698     33.2345
    0.1699     33.2058
    0.1700     33.1770
    0.1701     33.1483
    0.1702     33.1195
    0.1703     33.0908
    0.1704     33.0620
    0.1705     33.0333
    0.1706     33.0045
    0.1707     32.9758
    0.1708     32.9470
    0.1709     32.9183
    0.1710     32.8895
    0.1711     32.8608
    0.1712     32.8320
    0.1713     32.8033
    0.1714     32.7745
    0.1715     32.7458
    0.1716     32.7170
    0.1717     32.6883
    0.1718     32.6595
    0.1719     32.6308
    0.1720     32.6020
    0.1721     32.5733
    0.1722     32.5445
    0.1723     32.5158
    0.1725     32.4578
    0.1726     32.4288
    0.1727     32.3998
    0.1728     32.3708
    0.1729     32.3418
    0.1730     32.3128
    0.1731     32.2838
    0.1732     32.2548
    0.1733     32.2258
    0.1734     32.1968
    0.1735     32.1678
    0.1736     32.1388
    0.1737     32.1098
    0.1738     32.0808
    0.1739     32.0518
    0.1740     32.0228
    0.1741     31.9938
    0.1742     31.9648
    0.1743     31.9358
    0.1744     31.9068
    0.1745     31.8778
    0.1746     31.8488
    0.1747     31.8198
    0.1748     31.7908
    0.1749     31.7618
    0.1750     31.7328
    0.1751     31.7038
    0.1752     31.6748
    0.1753     31.6458
    0.1754     31.6168
    0.1755     31.5878
    0.1756     31.5588
    0.1757     31.5298
    0.1758     31.5008
    0.1759     31.4718
    0.1760     31.4428
    0.1761     31.4138
    0.1762     31.3848
    0.1763     31.3558
    0.1764     31.3268
    0.1765     31.2978
    0.1766     31.2688
    0.1767     31.2398
    0.1768     31.2108
    0.1769     31.1818
    0.1770     31.1528
    0.1771     31.1238
    0.1772     31.0948
    0.1773     31.0658
    0.1775     31.0122
    0.1776     30.9856
    0.1777     30.9590
    0.1778     30.9325
    0.1779     30.9059
    0.1780     30.8793
    0.1781     30.8527
    0.1782     30.8262
    0.1783     30.7996
    0.1784     30.7730
    0.1785     30.7465
    0.1786     30.7199
    0.1787     30.6933
    0.1788     30.6667
    0.1789     30.6402
    0.1790     30.6136
    0.1791     30.5870
    0.1792     30.5605
    0.1793     30.5339
    0.1794     30.5073
    0.1795     30.4807
    0.1796     30.4542
    0.1797     30.4276
    0.1798     30.4010
    0.1799     30.3745
    0.1800     30.3479
    0.1801     30.3213
    0.1802     30.2947
    0.1803     30.2682
    0.1804     30.2416
    0.1805     30.2150
    0.1806     30.1885
    0.1807     30.1619
    0.1808     30.1353
    0.1810     30.0811
    0.1811     30.0540
    0.1812     30.0269
    0.1813     29.9997
    0.1814     29.9726
    0.1815     29.9454
    0.1816     29.9183
    0.1817     29.8911
    0.1818     29.8640
    0.1819     29.8369
    0.1820     29.8097
    0.1821     29.7826
    0.1822     29.7554
    0.1823     29.7283
    0.1824     29.7011
    0.1825     29.6740
    0.1826     29.6469
    0.1827     29.6197
    0.1828     29.5926
    0.1829     29.5654
    0.1830     29.5383
    0.1831     29.5111
    0.1832     29.4840
    0.1833     29.4569
    0.1834     29.4297
    0.1835     29.4026
    0.1836     29.3754
    0.1837     29.3483
    0.1838     29.3211
    0.1839     29.2940
    0.1840     29.2669
    0.1841     29.2397
    0.1842     29.2126
    0.1843     29.1854
    0.1844     29.1583
    0.1845     29.1311
    0.1846     29.1040
    0.1847     29.0769
    0.1848     29.0497
    0.1849     29.0226
    0.1850     28.9954
    0.1851     28.9683
    0.1852     28.9411
    0.1853     28.9140
    0.1854     28.8869
    0.1855     28.8597
    0.1856     28.8326
    0.1857     28.8054
    0.1859     28.7511
    0.1860     28.7240
    0.1861     28.6969
    0.1862     28.6697
    0.1863     28.6426
    0.1864     28.6154
    0.1865     28.5883
    0.1866     28.5611
    0.1867     28.5340
    0.1868     28.5069
    0.1869     28.4797
    0.1870     28.4526
    0.1871     28.4254
    0.1872     28.3983
    0.1873     28.3711
    0.1874     28.3440
    0.1875     28.3169
    0.1876     28.2897
    0.1877     28.2626
    0.1878     28.2354
    0.1879     28.2083
    0.1880     28.1811
    0.1881     28.1540
    0.1882     28.1269
    0.1883     28.0997
    0.1884     28.0726
    0.1885     28.0454
    0.1886     28.0183
    0.1887     27.9911
    0.1888     27.9640
    0.1889     27.9369
    0.1890     27.9097
    0.1891     27.8826
    0.1892     27.8554
    0.1894     27.7922
    0.1895     27.7601
    0.1896     27.7280
    0.1897     27.6959
    0.1898     27.6638
    0.1899     27.6317
    0.1900     27.5996
    0.1901     27.5675
    0.1902     27.5354
    0.1903     27.5033
    0.1904     27.4712
    0.1905     27.4391
    0.1906     27.4069
    0.1907     27.3748
    0.1908     27.3427
    0.1909     27.3106
    0.1910     27.2785
    0.1911     27.2464
    0.1912     27.2143
    0.1913     27.1822
    0.1914     27.1501
    0.1915     27.1180
    0.1916     27.0859
    0.1917     27.0538
    0.1918     27.0217
    0.1919     26.9896
    0.1920     26.9575
    0.1921     26.9254
    0.1922     26.8933
    0.1923     26.8612
    0.1924     26.8291
    0.1925     26.7969
    0.1926     26.7648
    0.1927     26.7327
    0.1928     26.7006
    0.1929     26.6685
    0.1930     26.6364
    0.1932     26.5834
    0.1933     26.5576
    0.1934     26.5317
    0.1935     26.5059
    0.1936     26.4800
    0.1937     26.4541
    0.1938     26.4283
    0.1939     26.4024
    0.1940     26.3766
    0.1941     26.3507
    0.1942     26.3248
    0.1943     26.2990
    0.1944     26.2731
    0.1945     26.2472
    0.1946     26.2214
    0.1947     26.1955
    0.1948     26.1697
    0.1949     26.1438
    0.1950     26.1179
    0.1951     26.0921
    0.1952     26.0662
    0.1953     26.0403
    0.1954     26.0145
    0.1955     25.9886
    0.1956     25.9628
    0.1957     25.9369
    0.1958     25.9110
    0.1959     25.8852
    0.1961     25.8315
    0.1962     25.8046
    0.1963     25.7777
    0.1964     25.7508
    0.1965     25.7238
    0.1966     25.6969
    0.1967     25.6700
    0.1968     25.6431
    0.1969     25.6162
    0.1970     25.5892
    0.1971     25.5623
    0.1972     25.5354
    0.1973     25.5085
    0.1974     25.4815
    0.1975     25.4546
    0.1976     25.4277
    0.1977     25.4008
    0.1978     25.3738
    0.1979     25.3469
    0.1980     25.3200
    0.1981     25.2931
    0.1982     25.2662
    0.1983     25.2392
    0.1984     25.2123
    0.1985     25.1854
    0.1987     25.1370
    0.1988     25.1130
    0.1989     25.0891
    0.1990     25.0652
    0.1991     25.0413
    0.1992     25.0174
    0.1993     24.9935
    0.1994     24.9696
    0.1995     24.9457
    0.1996     24.9217
    0.1997     24.8978
    0.1998     24.8739
    0.1999     24.8500
    0.2000     24.8261
    0.2001     24.8022
    0.2002     24.7783
    0.2003     24.7543
    0.2004     24.7304
    0.2005     24.7065
    0.2006     24.6826
    0.2007     24.6587
    0.2008     24.6348
    0.2010     24.5843
    0.2011     24.5589
    0.2012     24.5335
    0.2013     24.5082
    0.2014     24.4828
    0.2015     24.4574
    0.2016     24.4320
    0.2017     24.4066
    0.2018     24.3812
    0.2019     24.3558
    0.2020     24.3305
    0.2021     24.3051
    0.2022     24.2797
    0.2023     24.2543
    0.2024     24.2289
    0.2025     24.2035
    0.2026     24.1782
    0.2027     24.1528
    0.2028     24.1274
    0.2029     24.1020
    0.2030     24.0766
    0.2031     24.0512
    0.2032     24.0258
    0.2033     24.0005
    0.2034     23.9751
    0.2036     23.9299
    0.2037     23.9076
    0.2038     23.8853
    0.2039     23.8630
    0.2040     23.8407
    0.2041     23.8185
    0.2042     23.7962
    0.2043     23.7739
    0.2044     23.7516
    0.2045     23.7293
    0.2046     23.7070
    0.2047     23.6847
    0.2048     23.6625
    0.2049     23.6402
    0.2050     23.6179
    0.2051     23.5956
    0.2052     23.5733
    0.2053     23.5510
    0.2054     23.5287
    0.2055     23.5065
    0.2056     23.4842
    0.2057     23.4619
    0.2058     23.4396
    0.2059     23.4173
    0.2060     23.3950
    0.2061     23.3727
    0.2062     23.3505
    0.2063     23.3282
    0.2064     23.3059
    0.2065     23.2836
    0.2066     23.2613
    0.2067     23.2390
    0.2068     23.2167
    0.2069     23.1945
    0.2071     23.1430
    0.2072     23.1169
    0.2073     23.0908
    0.2074     23.0647
    0.2075     23.0386
    0.2076     23.0125
    0.2077     22.9864
    0.2078     22.9603
    0.2079     22.9342
    0.2080     22.9081
    0.2081     22.8820
    0.2082     22.8560
    0.2083     22.8299
    0.2084     22.8038
    0.2085     22.7777
    0.2086     22.7516
    0.2087     22.7255
    0.2088     22.6994
    0.2089     22.6733
    0.2090     22.6472
    0.2091     22.6211
    0.2092     22.5950
    0.2093     22.5689
    0.2094     22.5428
    0.2095     22.5167
    0.2096     22.4906
    0.2097     22.4645
    0.2098     22.4384
    0.2099     22.4123
    0.2100     22.3862
    0.2101     22.3601
    0.2102     22.3340
    0.2103     22.3079
    0.2104     22.2818
    0.2105     22.2557
    0.2106     22.2296
    0.2107     22.2035
    0.2108     22.1774
    0.2109     22.1513
    0.2110     22.1252
    0.2112     22.0852
    0.2113     22.0659
    0.2114     22.0466
    0.2115     22.0273
    0.2116     22.0080
    0.2117     21.9887
    0.2118     21.9694
    0.2119     21.9501
    0.2120     21.9308
    0.2121     21.9114
    0.2122     21.8921
    0.2123     21.8728
    0.2124     21.8535
    0.2125     21.8342
    0.2126     21.8149
    0.2127     21.7956
    0.2128     21.7763
    0.2129     21.7570
    0.2130     21.7377
    0.2131     21.7183
    0.2132     21.6990
    0.2133     21.6797
    0.2134     21.6604
    0.2135     21.6411
    0.2136     21.6218
    0.2137     21.6025
    0.2138     21.5832
    0.2139     21.5639
    0.2141     21.5087
    0.2142     21.4802
    0.2143     21.4517
    0.2144     21.4232
    0.2145     21.3947
    0.2146     21.3662
    0.2147     21.3377
    0.2148     21.3092
    0.2149     21.2807
    0.2150     21.2522
    0.2151     21.2237
    0.2152     21.1952
    0.2153     21.1667
    0.2154     21.1382
    0.2155     21.1097
    0.2156     21.0812
    0.2157     21.0527
    0.2158     21.0242
    0.2159     20.9957
    0.2161     20.9514
    0.2162     20.9300
    0.2163     20.9086
    0.2164     20.8871
    0.2165     20.8657
    0.2166     20.8443
    0.2167     20.8229
    0.2168     20.8014
    0.2169     20.7800
    0.2170     20.7586
    0.2171     20.7371
    0.2172     20.7157
    0.2173     20.6943
    0.2174     20.6729
    0.2175     20.6514
    0.2176     20.6300
    0.2177     20.6086
    0.2178     20.5871
    0.2179     20.5657
    0.2180     20.5443
    0.2181     20.5229
    0.2182     20.5014
    0.2183     20.4800
    0.2184     20.4586
    0.2185     20.4371
    0.2186     20.4157
    0.2187     20.3943
    0.2188     20.3729
    0.2189     20.3514
    0.2190     20.3300
    0.2191     20.3086
    0.2192     20.2871
    0.2193     20.2657
    0.2194     20.2443
    0.2195     20.2229
    0.2196     20.2014
    0.2197     20.1800
    0.2198     20.1586
    0.2199     20.1371
    0.2200     20.1157
    0.2201     20.0943
    0.2202     20.0729
    0.2203     20.0514
    0.2204     20.0300
    0.2205     20.0086
    0.2206     19.9871
    0.2207     19.9657
    0.2208     19.9443
    0.2210     19.9002
    0.2211     19.8781
    0.2212     19.8560
    0.2213     19.8339
    0.2214     19.8118
    0.2215     19.7897
    0.2216     19.7676
    0.2217     19.7455
    0.2218     19.7234
    0.2219     19.7013
    0.2220     19.6792
    0.2221     19.6571
    0.2222     19.6349
    0.2223     19.6128
    0.2224     19.5907
    0.2225     19.5686
    0.2226     19.5465
    0.2227     19.5244
    0.2228     19.5023
    0.2229     19.4802
    0.2230     19.4581
    0.2231     19.4360
    0.2232     19.4139
    0.2233     19.3918
    0.2234     19.3697
    0.2235     19.3476
    0.2236     19.3255
    0.2237     19.3034
    0.2238     19.2813
    0.2239     19.2592
    0.2240     19.2371
    0.2241     19.2149
    0.2242     19.1928
    0.2243     19.1707
    0.2244     19.1486
    0.2245     19.1265
    0.2246     19.1044
    0.2248     19.0568
    0.2249     19.0328
    0.2250     19.0088
    0.2251     18.9848
    0.2252     18.9608
    0.2253     18.9368
    0.2254     18.9128
    0.2255     18.8888
    0.2256     18.8648
    0.2257     18.8408
    0.2258     18.8168
    0.2259     18.7928
    0.2260     18.7688
    0.2261     18.7448
    0.2262     18.7208
    0.2263     18.6968
    0.2264     18.6728
    0.2265     18.6488
    0.2266     18.6248
    0.2267     18.6008
    0.2268     18.5768
    0.2269     18.5528
    0.2270     18.5288
    0.2271     18.5048
    0.2272     18.4808
    0.2273     18.4568
    0.2274     18.4328
    0.2275     18.4088
    0.2276     18.3848
    0.2277     18.3608
    0.2278     18.3368
    0.2279     18.3128
    0.2280     18.2888
    0.2281     18.2648
    0.2283     18.2142
    0.2284     18.1888
    0.2285     18.1634
    0.2286     18.1379
    0.2287     18.1125
    0.2288     18.0871
    0.2289     18.0617
    0.2290     18.0362
    0.2291     18.0108
    0.2292     17.9854
    0.2293     17.9599
    0.2294     17.9345
    0.2295     17.9091
    0.2296     17.8837
    0.2297     17.8582
    0.2298     17.8328
    0.2299     17.8074
    0.2300     17.7819
    0.2301     17.7565
    0.2302     17.7311
    0.2303     17.7057
    0.2304     17.6802
    0.2305     17.6548
    0.2306     17.6294
    0.2307     17.6039
    0.2308     17.5785
    0.2309     17.5531
    0.2310     17.5277
    0.2311     17.5022
    0.2312     17.4768
    0.2313     17.4514
    0.2314     17.4259
    0.2315     17.4005
    0.2316     17.3751
    0.2318     17.3228
    0.2319     17.2966
    0.2320     17.2704
    0.2321     17.2442
    0.2322     17.2180
    0.2323     17.1918
    0.2324     17.1656
    0.2325     17.1394
    0.2326     17.1132
    0.2327     17.0870
    0.2328     17.0608
    0.2329     17.0346
    0.2330     17.0083
    0.2331     16.9821
    0.2332     16.9559
    0.2333     16.9297
    0.2334     16.9035
    0.2335     16.8773
    0.2336     16.8511
    0.2337     16.8249
    0.2338     16.7987
    0.2339     16.7725
    0.2340     16.7463
    0.2341     16.7201
    0.2342     16.6939
    0.2343     16.6677
    0.2344     16.6414
    0.2345     16.6152
    0.2347     16.5613
    0.2348     16.5342
    0.2349     16.5072
    0.2350     16.4801
    0.2351     16.4531
    0.2352     16.4260
    0.2353     16.3989
    0.2354     16.3719
    0.2355     16.3448
    0.2356     16.3178
    0.2357     16.2907
    0.2358     16.2636
    0.2359     16.2366
    0.2360     16.2095
    0.2361     16.1825
    0.2362     16.1554
    0.2364     16.0983
    0.2365     16.0695
    0.2366     16.0408
    0.2367     16.0120
    0.2368     15.9833
    0.2369     15.9545
    0.2370     15.9258
    0.2371     15.8970
    0.2372     15.8683
    0.2373     15.8395
    0.2374     15.8108
    0.2375     15.7820
    0.2376     15.7533
    0.2377     15.7245
    0.2378     15.6958
    0.2379     15.6670
    0.2380     15.6383
    0.2381     15.6095
    0.2382     15.5808
    0.2383     15.5520
    0.2384     15.5233
    0.2385     15.4945
    0.2386     15.4658
    0.2387     15.4370
    0.2388     15.4083
    0.2389     15.3795
    0.2390     15.3508
    0.2391     15.3220
    0.2392     15.2933
    0.2393     15.2645
    0.2394     15.2358
    0.2396     15.1843
    0.2397     15.1588
    0.2398     15.1334
    0.2399     15.1080
    0.2400     15.0826
    0.2401     15.0572
    0.2402     15.0318
    0.2403     15.0063
    0.2404     14.9809
    0.2405     14.9555
    0.2406     14.9301
    0.2407     14.9047
    0.2408     14.8793
    0.2409     14.8538
    0.2410     14.8284
    0.2411     14.8030
    0.2412     14.7776
    0.2413     14.7522
    0.2414     14.7268
    0.2415     14.7013
    0.2416     14.6759
    0.2417     14.6505
    0.2418     14.6251
    0.2420     14.5715
    0.2421     14.5446
    0.2422     14.5177
    0.2423     14.4908
    0.2424     14.4638
    0.2425     14.4369
    0.2426     14.4100
    0.2427     14.3831
    0.2428     14.3562
    0.2429     14.3292
    0.2430     14.3023
    0.2431     14.2754
    0.2432     14.2485
    0.2433     14.2215
    0.2434     14.1946
    0.2435     14.1677
    0.2436     14.1408
    0.2437     14.1138
    0.2438     14.0869
    0.2439     14.0600
    0.2440     14.0331
    0.2441     14.0062
    0.2442     13.9792
    0.2443     13.9523
    0.2444     13.9254
    0.2446     13.8665
    0.2447     13.8368
    0.2448     13.8071
    0.2449     13.7774
    0.2450     13.7477
    0.2451     13.7179
    0.2452     13.6882
    0.2453     13.6585
    0.2454     13.6288
    0.2455     13.5991
    0.2456     13.5694
    0.2457     13.5397
    0.2458     13.5099
    0.2459     13.4802
    0.2460     13.4505
    0.2461     13.4208
    0.2462     13.3911
    0.2463     13.3614
    0.2464     13.3317
    0.2465     13.3019
    0.2466     13.2722
    0.2467     13.2425
    0.2468     13.2128
    0.2469     13.1831
    0.2470     13.1534
    0.2471     13.1237
    0.2472     13.0939
    0.2473     13.0642
    0.2474     13.0345
    0.2475     13.0048
    0.2476     12.9751
    0.2477     12.9454
    0.2478     12.9157
    0.2479     12.8859
    0.2481     12.8054
    0.2482     12.7640
    0.2483     12.7226
    0.2484     12.6811
    0.2485     12.6397
    0.2486     12.5983
    0.2487     12.5569
    0.2488     12.5154
    0.2489     12.4740
    0.2490     12.4326
    0.2491     12.3911
    0.2492     12.3497
    0.2493     12.3083
    0.2495     12.2331
    0.2496     12.1960
    0.2497     12.1589
    0.2498     12.1217
    0.2499     12.0846
    0.2500     12.0474
    0.2501     12.0103
    0.2502     11.9731
    0.2503     11.9360
    0.2504     11.8989
    0.2505     11.8617
    0.2506     11.8246
    0.2507     11.7874
    0.2508     11.7503
    0.2509     11.7131
    0.2510     11.6760
    0.2511     11.6389
    0.2512     11.6017
    0.2513     11.5646
    0.2514     11.5274
    0.2516     11.4552
    0.2517     11.4192
    0.2518     11.3832
    0.2519     11.3472
    0.2520     11.3112
    0.2521     11.2752
    0.2522     11.2392
    0.2523     11.2032
    0.2524     11.1672
    0.2525     11.1312
    0.2526     11.0952
    0.2527     11.0592
    0.2528     11.0232
    0.2529     10.9872
    0.2530     10.9512
    0.2531     10.9152
    0.2532     10.8792
    0.2533     10.8432
    0.2534     10.8072
    0.2536     10.7322
    0.2537     10.6945
    0.2538     10.6568
    0.2539     10.6191
    0.2540     10.5814
    0.2541     10.5437
    0.2542     10.5060
    0.2543     10.4683
    0.2544     10.4306
    0.2545     10.3929
    0.2546     10.3552
    0.2547     10.3175
    0.2548     10.2798
    0.2549     10.2422
    0.2550     10.2045
    0.2551     10.1668
    0.2552     10.1291
    0.2553     10.0914
    0.2554     10.0537
    0.2555     10.0160
    0.2556      9.9783
    0.2557      9.9406
    0.2558      9.9029
    0.2559      9.8652
    0.2560      9.8275
    0.2562      9.4173
    0.2563      9.1935
    0.2564      8.9698
    0.2566      8.7632
    0.2567      8.6733
    0.2568      8.5834
    0.2569      8.4935
    0.2570      8.4036
    0.2571      8.3138
    0.2572      8.2239
    0.2573      8.1340
    0.2574      8.0441
    0.2575      7.9542
    0.2576      7.8643
    0.2577      7.7744
    0.2578      7.6845
    0.2579      7.5946
    0.2580      7.5048
    0.2581      7.4149
    0.2582      7.3250
    0.2583      7.2351
    0.2584      7.1452
    0.2585      7.0553
    0.2586      6.9654
    0.2587      6.8755
    0.2588      6.7856
    0.2589      6.6958
    0.2590      6.6059
    0.2591      6.5160
    0.2592      6.4261
    0.2593      6.3362
    0.2594      6.2463
    0.2595      6.1564
    0.2596      6.0665
    0.2597      5.9766
    0.2598      5.8868
    0.2599      5.7969
    0.2600      5.7070
    0.2601      5.6171
    0.2602      5.5272
    0.2603      5.4373
    0.2604      5.3474
    0.2605      5.2575
    0.2606      5.1676
    0.2607      5.0778
    0.2608      4.9879
    0.2609      4.8980
    0.2610      4.8081
    0.2611      4.7182
    0.2612      4.6283
    0.2613      4.5384
    0.2614      4.4485
    0.2615      4.3586
    0.2616      4.2688
    0.2617      4.1789
    0.2618      4.0890
    0.2619      3.9991
    0.2620      3.9092
    0.2621      3.8193
    0.2622      3.7294
    0.2623      3.6395
    0.2624      3.5496
    0.2625      3.4598
    0.2626      3.3699
    0.2627      3.2800
    0.2628      3.1901
    0.2629      3.1002
    0.2630      3.0103
    0.2631      2.9204
    0.2632      2.8305
    0.2633      2.7406
    0.2634      2.6508
    0.2635      2.5609
    0.2636      2.4710
    0.2637      2.3811
    0.2638      2.2912
    0.2639      2.2013
    0.2640      2.1114
    0.2641      2.0215
    0.2642      1.9316
    0.2643      1.8418
    0.2644      1.7519
    0.2645      1.6620
    0.2646      1.5721
    0.2647      1.4822
    0.2648      1.3923
    0.2649      1.3024
    0.2650      1.2125
    0.2651      1.1226
    0.2652      1.0328
    0.2653      0.9429
    0.2654      0.8530
    0.2655      0.7631
    0.2656      0.6732
    0.2657      0.5833
    0.2658      0.4934
    0.2659      0.4035
    0.2660      0.3136
    0.2661      0.2238
    0.2662      0.1339
    0.2663      0.0440
    0.2664     -0.0459
    0.2665     -0.1358
    0.2666     -0.2257
    0.2667     -0.3156
    0.2668     -0.4055
    0.2669     -0.4954
    0.2670     -0.5852
    0.2671     -0.6751
    0.2672     -0.7650
    0.2673     -0.8549
    0.2674     -0.9448
    0.2675     -1.0347
    0.2676     -1.1246
    0.2677     -1.2145
    0.2678     -1.3044
    0.2679     -1.3942
    0.2680     -1.4841
    0.2681     -1.5740
    0.2682     -1.6639
    0.2683     -1.7538
    0.2684     -1.8437
    0.2685     -1.9336
    0.2686     -2.0235
    0.2687     -2.1134
    0.2688     -2.2032
    0.2689     -2.2931
    0.2690     -2.3830
    0.2691     -2.4729
    0.2692     -2.5628
    0.2693     -2.6527
    0.2694     -2.7426
    0.2695     -2.8325
    0.2696     -2.9224
    0.2697     -3.0122
    0.2698     -3.1021
    0.2699     -3.1920
    0.2700     -3.2819
    0.2701     -3.3718
    0.2702     -3.4617
    0.2703     -3.5516
    0.2704     -3.6415
    0.2705     -3.7314
    0.2706     -3.8212
    0.2707     -3.9111
    0.2708     -4.0010
    0.2709     -4.0909
    0.2710     -4.1808
    0.2711     -4.2707
    0.2712     -4.3606
    0.2713     -4.4505
    0.2714     -4.5404
    0.2715     -4.6302
    0.2716     -4.7201
    0.2717     -4.8100
    0.2718     -4.8999
    0.2719     -4.9898
    0.2720     -5.0797
    0.2721     -5.1696
    0.2722     -5.2595
    0.2723     -5.3494
    0.2724     -5.4392
    0.2725     -5.5291
    0.2726     -5.6190
    0.2727     -5.7089
    0.2728     -5.7988
    0.2729     -5.8887
    0.2730     -5.9786
    0.2731     -6.0685
    0.2732     -6.1584
    0.2733     -6.2482
    0.2734     -6.3381
    0.2735     -6.4280
    0.2736     -6.5179
    0.2737     -6.6078
    0.2738     -6.6977
    0.2739     -6.7876
    0.2740     -6.8775
    0.2741     -6.9674
    0.2742     -7.0572
    0.2743     -7.1471
    0.2744     -7.2370
    0.2745     -7.3269
    0.2746     -7.4168
    0.2747     -7.5067
    0.2748     -7.5966
    0.2749     -7.6865
    0.2750     -7.7764
    0.2751     -7.8662
    0.2752     -7.9561
    0.2753     -8.0460
    0.2754     -8.1359
    0.2755     -8.2258
    0.2756     -8.3157
    0.2757     -8.4056
    0.2758     -8.4955
    0.2759     -8.5854
    0.2760     -8.6752
    0.2761     -8.7651
    0.2762     -8.8550
    0.2763     -8.9449
    0.2764     -9.0348
    0.2765     -9.1247
    0.2766     -9.2146
    0.2767     -9.3045
    0.2768     -9.3944
    0.2769     -9.4842
    0.2770     -9.5741
    0.2771     -9.6640
    0.2772     -9.7539
    0.2773     -9.8438
    0.2774     -9.9337
    0.2775    -10.0236
