#     D        Lambda1     TE = A3
    0.1868    -10.0078
    0.1869     -9.9995
    0.1870     -9.9912
    0.1871     -9.9829
    0.1872     -9.9746
    0.1873     -9.9663
    0.1874     -9.9580
    0.1875     -9.9496
    0.1876     -9.9413
    0.1877     -9.9330
    0.1878     -9.9247
    0.1879     -9.9164
    0.1880     -9.9081
    0.1881     -9.8998
    0.1882     -9.8915
    0.1883     -9.8832
    0.1884     -9.8749
    0.1885     -9.8666
    0.1886     -9.8583
    0.1887     -9.8500
    0.1888     -9.8417
    0.1889     -9.8334
    0.1890     -9.8250
    0.1891     -9.8167
    0.1892     -9.8084
    0.1893     -9.8001
    0.1894     -9.7918
    0.1895     -9.7835
    0.1896     -9.7752
    0.1897     -9.7669
    0.1898     -9.7586
    0.1899     -9.7503
    0.1900     -9.7420
    0.1901     -9.7337
    0.1902     -9.7254
    0.1903     -9.7171
    0.1904     -9.7088
    0.1905     -9.7005
    0.1906     -9.6921
    0.1907     -9.6838
    0.1908     -9.6755
    0.1909     -9.6672
    0.1910     -9.6589
    0.1911     -9.6506
    0.1912     -9.6423
    0.1913     -9.6340
    0.1914     -9.6257
    0.1915     -9.6174
    0.1916     -9.6091
    0.1917     -9.6008
    0.1918     -9.5925
    0.1919     -9.5842
    0.1920     -9.5759
    0.1921     -9.5675
    0.1922     -9.5592
    0.1923     -9.5509
    0.1924     -9.5426
    0.1925     -9.5343
    0.1926     -9.5260
    0.1927     -9.5177
    0.1928     -9.5094
    0.1929     -9.5011
    0.1930     -9.4928
    0.1931     -9.4845
    0.1932     -9.4762
    0.1933     -9.4679
    0.1934     -9.4596
    0.1935     -9.4513
    0.1936     -9.4430
    0.1937     -9.4346
    0.1938     -9.4263
    0.1939     -9.4180
    0.1940     -9.4097
    0.1941     -9.4014
    0.1942     -9.3931
    0.1943     -9.3848
    0.1944     -9.3765
    0.1945     -9.3682
    0.1946     -9.3599
    0.1947     -9.3516
    0.1948     -9.3433
    0.1949     -9.3350
    0.1950     -9.3267
    0.1951     -9.3184
    0.1952     -9.3100
    0.1953     -9.3017
    0.1954     -9.2934
    0.1955     -9.2851
    0.1956     -9.2768
    0.1957     -9.2685
    0.1958     -9.2602
    0.1959     -9.2519
    0.1960     -9.2436
    0.1961     -9.2353
    0.1962     -9.2270
    0.1963     -9.2187
    0.1964     -9.2104
    0.1965     -9.2021
    0.1966     -9.1938
    0.1967     -9.1855
    0.1968     -9.1771
    0.1969     -9.1688
    0.1970     -9.1605
    0.1971     -9.1522
    0.1972     -9.1439
    0.1973     -9.1356
    0.1974     -9.1273
    0.1975     -9.1190
    0.1976     -9.1107
    0.1977     -9.1024
    0.1978     -9.0941
    0.1979     -9.0858
    0.1980     -9.0775
    0.1981     -9.0692
    0.1982     -9.0609
    0.1983     -9.0525
    0.1984     -9.0442
    0.1985     -9.0359
    0.1986     -9.0276
    0.1987     -9.0193
    0.1988     -9.0110
    0.1989     -9.0027
    0.1990     -8.9944
    0.1991     -8.9861
    0.1992     -8.9778
    0.1993     -8.9695
    0.1994     -8.9612
    0.1995     -8.9529
    0.1996     -8.9446
    0.1997     -8.9363
    0.1998     -8.9280
    0.1999     -8.9196
    0.2000     -8.9113
    0.2001     -8.9030
    0.2002     -8.8947
    0.2003     -8.8864
    0.2004     -8.8781
    0.2005     -8.8698
    0.2006     -8.8615
    0.2007     -8.8532
    0.2008     -8.8449
    0.2009     -8.8366
    0.2010     -8.8283
    0.2011     -8.8200
    0.2012     -8.8117
    0.2013     -8.8034
    0.2014     -8.7950
    0.2015     -8.7867
    0.2016     -8.7784
    0.2017     -8.7701
    0.2018     -8.7618
    0.2019     -8.7535
    0.2020     -8.7452
    0.2021     -8.7369
    0.2022     -8.7286
    0.2023     -8.7203
    0.2024     -8.7120
    0.2025     -8.7037
    0.2026     -8.6954
    0.2027     -8.6871
    0.2028     -8.6788
    0.2029     -8.6705
    0.2030     -8.6621
    0.2031     -8.6538
    0.2032     -8.6455
    0.2033     -8.6372
    0.2034     -8.6289
    0.2035     -8.6206
    0.2036     -8.6123
    0.2037     -8.6040
    0.2038     -8.5957
    0.2039     -8.5874
    0.2040     -8.5791
    0.2041     -8.5708
    0.2042     -8.5625
    0.2043     -8.5542
    0.2044     -8.5459
    0.2045     -8.5375
    0.2046     -8.5292
    0.2047     -8.5209
    0.2048     -8.5126
    0.2049     -8.5043
    0.2050     -8.4960
    0.2051     -8.4877
    0.2052     -8.4794
    0.2053     -8.4711
    0.2054     -8.4628
    0.2055     -8.4545
    0.2056     -8.4462
    0.2057     -8.4379
    0.2058     -8.4296
    0.2059     -8.4213
    0.2060     -8.4130
    0.2061     -8.4046
    0.2062     -8.3963
    0.2063     -8.3880
    0.2064     -8.3797
    0.2065     -8.3714
    0.2066     -8.3631
    0.2067     -8.3548
    0.2068     -8.3465
    0.2069     -8.3382
    0.2070     -8.3299
    0.2071     -8.3216
    0.2072     -8.3133
    0.2073     -8.3050
    0.2074     -8.2967
    0.2075     -8.2884
    0.2076     -8.2800
    0.2077     -8.2717
    0.2078     -8.2634
    0.2079     -8.2551
    0.2080     -8.2468
    0.2081     -8.2385
    0.2082     -8.2302
    0.2083     -8.2219
    0.2084     -8.2136
    0.2085     -8.2053
    0.2086     -8.1970
    0.2087     -8.1887
    0.2088     -8.1804
    0.2089     -8.1721
    0.2090     -8.1638
    0.2091     -8.1555
    0.2092     -8.1471
    0.2093     -8.1388
    0.2094     -8.1305
    0.2095     -8.1222
    0.2096     -8.1139
    0.2097     -8.1056
    0.2098     -8.0973
    0.2099     -8.0890
    0.2100     -8.0807
    0.2101     -8.0724
    0.2102     -8.0641
    0.2103     -8.0558
    0.2104     -8.0475
    0.2105     -8.0392
    0.2106     -8.0309
    0.2107     -8.0225
    0.2108     -8.0142
    0.2109     -8.0059
    0.2110     -7.9976
    0.2111     -7.9893
    0.2112     -7.9810
    0.2113     -7.9727
    0.2114     -7.9644
    0.2115     -7.9561
    0.2116     -7.9478
    0.2117     -7.9395
    0.2118     -7.9312
    0.2119     -7.9229
    0.2120     -7.9146
    0.2121     -7.9063
    0.2122     -7.8980
    0.2123     -7.8896
    0.2124     -7.8813
    0.2125     -7.8730
    0.2126     -7.8647
    0.2127     -7.8564
    0.2128     -7.8481
    0.2129     -7.8398
    0.2130     -7.8315
    0.2131     -7.8232
    0.2132     -7.8149
    0.2133     -7.8066
    0.2134     -7.7983
    0.2135     -7.7900
    0.2136     -7.7817
    0.2137     -7.7734
    0.2138     -7.7650
    0.2139     -7.7567
    0.2140     -7.7484
    0.2141     -7.7401
    0.2142     -7.7318
    0.2143     -7.7235
    0.2144     -7.7152
    0.2145     -7.7069
    0.2146     -7.6986
    0.2147     -7.6903
    0.2148     -7.6820
    0.2149     -7.6737
    0.2150     -7.6654
    0.2151     -7.6571
    0.2152     -7.6488
    0.2153     -7.6405
    0.2154     -7.6321
    0.2155     -7.6238
    0.2156     -7.6155
    0.2157     -7.6072
    0.2158     -7.5989
    0.2159     -7.5906
    0.2160     -7.5823
    0.2161     -7.5740
    0.2162     -7.5657
    0.2163     -7.5574
    0.2164     -7.5491
    0.2165     -7.5408
    0.2166     -7.5325
    0.2167     -7.5242
    0.2168     -7.5159
    0.2169     -7.5075
    0.2170     -7.4992
    0.2171     -7.4909
    0.2172     -7.4826
    0.2173     -7.4743
    0.2174     -7.4660
    0.2175     -7.4577
    0.2176     -7.4494
    0.2177     -7.4411
    0.2178     -7.4328
    0.2179     -7.4245
    0.2180     -7.4162
    0.2181     -7.4079
    0.2182     -7.3996
    0.2183     -7.3913
    0.2184     -7.3830
    0.2185     -7.3746
    0.2186     -7.3663
    0.2187     -7.3580
    0.2188     -7.3497
    0.2189     -7.3414
    0.2190     -7.3331
    0.2191     -7.3248
    0.2192     -7.3165
    0.2193     -7.3082
    0.2194     -7.2999
    0.2195     -7.2916
    0.2196     -7.2833
    0.2197     -7.2750
    0.2198     -7.2667
    0.2199     -7.2584
    0.2200     -7.2500
    0.2201     -7.2417
    0.2202     -7.2334
    0.2203     -7.2251
    0.2204     -7.2168
    0.2205     -7.2085
    0.2206     -7.2002
    0.2207     -7.1919
    0.2208     -7.1836
    0.2209     -7.1753
    0.2210     -7.1670
    0.2211     -7.1587
    0.2212     -7.1504
    0.2213     -7.1421
    0.2214     -7.1338
    0.2215     -7.1255
    0.2216     -7.1171
    0.2217     -7.1088
    0.2218     -7.1005
    0.2219     -7.0922
    0.2220     -7.0839
    0.2221     -7.0756
    0.2222     -7.0673
    0.2223     -7.0590
    0.2224     -7.0507
    0.2225     -7.0424
    0.2226     -7.0341
    0.2227     -7.0258
    0.2228     -7.0175
    0.2229     -7.0092
    0.2230     -7.0009
    0.2231     -6.9925
    0.2232     -6.9842
    0.2233     -6.9759
    0.2234     -6.9676
    0.2235     -6.9593
    0.2236     -6.9510
    0.2237     -6.9427
    0.2238     -6.9344
    0.2239     -6.9261
    0.2240     -6.9178
    0.2241     -6.9095
    0.2242     -6.9012
    0.2243     -6.8929
    0.2244     -6.8846
    0.2245     -6.8763
    0.2246     -6.8680
    0.2247     -6.8596
    0.2248     -6.8513
    0.2249     -6.8430
    0.2250     -6.8347
    0.2251     -6.8264
    0.2252     -6.8181
    0.2253     -6.8098
    0.2254     -6.8015
    0.2255     -6.7932
    0.2256     -6.7849
    0.2257     -6.7766
    0.2258     -6.7683
    0.2259     -6.7600
    0.2260     -6.7517
    0.2261     -6.7434
    0.2262     -6.7350
    0.2263     -6.7267
    0.2264     -6.7184
    0.2265     -6.7101
    0.2266     -6.7018
    0.2267     -6.6935
    0.2268     -6.6852
    0.2269     -6.6769
    0.2270     -6.6686
    0.2271     -6.6603
    0.2272     -6.6520
    0.2273     -6.6437
    0.2274     -6.6354
    0.2275     -6.6271
    0.2276     -6.6188
    0.2277     -6.6105
    0.2278     -6.6021
    0.2279     -6.5938
    0.2280     -6.5855
    0.2281     -6.5772
    0.2282     -6.5689
    0.2283     -6.5606
    0.2284     -6.5523
    0.2285     -6.5440
    0.2286     -6.5357
    0.2287     -6.5274
    0.2288     -6.5191
    0.2289     -6.5108
    0.2290     -6.5025
    0.2291     -6.4942
    0.2292     -6.4859
    0.2293     -6.4775
    0.2294     -6.4692
    0.2295     -6.4609
    0.2296     -6.4526
    0.2297     -6.4443
    0.2298     -6.4360
    0.2299     -6.4277
    0.2300     -6.4194
    0.2301     -6.4111
    0.2302     -6.4028
    0.2303     -6.3945
    0.2304     -6.3862
    0.2305     -6.3779
    0.2306     -6.3696
    0.2307     -6.3613
    0.2308     -6.3530
    0.2309     -6.3446
    0.2310     -6.3363
    0.2311     -6.3280
    0.2312     -6.3197
    0.2313     -6.3114
    0.2314     -6.3031
    0.2315     -6.2948
    0.2316     -6.2865
    0.2317     -6.2782
    0.2318     -6.2699
    0.2319     -6.2616
    0.2320     -6.2533
    0.2321     -6.2450
    0.2322     -6.2367
    0.2323     -6.2284
    0.2324     -6.2200
    0.2325     -6.2117
    0.2326     -6.2034
    0.2327     -6.1951
    0.2328     -6.1868
    0.2329     -6.1785
    0.2330     -6.1702
    0.2331     -6.1619
    0.2332     -6.1536
    0.2333     -6.1453
    0.2334     -6.1370
    0.2335     -6.1287
    0.2336     -6.1204
    0.2337     -6.1121
    0.2338     -6.1038
    0.2339     -6.0955
    0.2340     -6.0871
    0.2341     -6.0788
    0.2342     -6.0705
    0.2343     -6.0622
    0.2344     -6.0539
    0.2345     -6.0456
    0.2346     -6.0373
    0.2347     -6.0290
    0.2348     -6.0207
    0.2349     -6.0124
    0.2350     -6.0041
    0.2351     -5.9958
    0.2352     -5.9875
    0.2353     -5.9792
    0.2354     -5.9709
    0.2355     -5.9625
    0.2356     -5.9542
    0.2357     -5.9459
    0.2358     -5.9376
    0.2359     -5.9293
    0.2360     -5.9210
    0.2361     -5.9127
    0.2362     -5.9044
    0.2363     -5.8961
    0.2364     -5.8878
    0.2365     -5.8795
    0.2366     -5.8712
    0.2367     -5.8629
    0.2368     -5.8546
    0.2369     -5.8463
    0.2370     -5.8380
    0.2371     -5.8296
    0.2372     -5.8213
    0.2373     -5.8130
    0.2374     -5.8047
    0.2375     -5.7964
    0.2376     -5.7881
    0.2377     -5.7798
    0.2378     -5.7715
    0.2379     -5.7632
    0.2380     -5.7549
    0.2381     -5.7466
    0.2382     -5.7383
    0.2383     -5.7300
    0.2384     -5.7217
    0.2385     -5.7134
    0.2386     -5.7050
    0.2387     -5.6967
    0.2388     -5.6884
    0.2389     -5.6801
    0.2390     -5.6718
    0.2391     -5.6635
    0.2392     -5.6552
    0.2393     -5.6469
    0.2394     -5.6386
    0.2395     -5.6303
    0.2396     -5.6220
    0.2397     -5.6137
    0.2398     -5.6054
    0.2399     -5.5971
    0.2400     -5.5888
    0.2401     -5.5805
    0.2402     -5.5721
    0.2403     -5.5638
    0.2404     -5.5555
    0.2405     -5.5472
    0.2406     -5.5389
    0.2407     -5.5306
    0.2408     -5.5223
    0.2409     -5.5140
    0.2410     -5.5057
    0.2411     -5.4974
    0.2412     -5.4891
    0.2413     -5.4808
    0.2414     -5.4725
    0.2415     -5.4642
    0.2416     -5.4559
    0.2417     -5.4475
    0.2418     -5.4392
    0.2419     -5.4309
    0.2420     -5.4226
    0.2421     -5.4143
    0.2422     -5.4060
    0.2423     -5.3977
    0.2424     -5.3894
    0.2425     -5.3811
    0.2426     -5.3728
    0.2427     -5.3645
    0.2428     -5.3562
    0.2429     -5.3479
    0.2430     -5.3396
    0.2431     -5.3313
    0.2432     -5.3230
    0.2433     -5.3146
    0.2434     -5.3063
    0.2435     -5.2980
    0.2436     -5.2897
    0.2437     -5.2814
    0.2438     -5.2731
    0.2439     -5.2648
    0.2440     -5.2565
    0.2441     -5.2482
    0.2442     -5.2399
    0.2443     -5.2316
    0.2444     -5.2233
    0.2445     -5.2150
    0.2446     -5.2067
    0.2447     -5.1984
    0.2448     -5.1900
    0.2449     -5.1817
    0.2450     -5.1734
    0.2451     -5.1651
    0.2452     -5.1568
    0.2453     -5.1485
    0.2454     -5.1402
    0.2455     -5.1319
    0.2456     -5.1236
    0.2457     -5.1153
    0.2458     -5.1070
    0.2459     -5.0987
    0.2460     -5.0904
    0.2461     -5.0821
    0.2462     -5.0738
    0.2463     -5.0655
    0.2464     -5.0571
    0.2465     -5.0488
    0.2466     -5.0405
    0.2467     -5.0322
    0.2468     -5.0239
    0.2469     -5.0156
    0.2470     -5.0073
    0.2471     -4.9990
    0.2472     -4.9907
    0.2473     -4.9824
    0.2474     -4.9741
    0.2475     -4.9658
    0.2476     -4.9575
    0.2477     -4.9492
    0.2478     -4.9409
    0.2479     -4.9325
    0.2480     -4.9242
    0.2481     -4.9159
    0.2482     -4.9076
    0.2483     -4.8993
    0.2484     -4.8910
    0.2485     -4.8827
    0.2486     -4.8744
    0.2487     -4.8661
    0.2488     -4.8578
    0.2489     -4.8495
    0.2490     -4.8412
    0.2491     -4.8329
    0.2492     -4.8246
    0.2493     -4.8163
    0.2494     -4.8080
    0.2495     -4.7996
    0.2496     -4.7913
    0.2497     -4.7830
    0.2498     -4.7747
    0.2499     -4.7664
    0.2500     -4.7581
    0.2501     -4.7498
    0.2502     -4.7415
    0.2503     -4.7332
    0.2504     -4.7249
    0.2505     -4.7166
    0.2506     -4.7083
    0.2507     -4.7000
    0.2508     -4.6917
    0.2509     -4.6834
    0.2510     -4.6750
    0.2511     -4.6667
    0.2512     -4.6584
    0.2513     -4.6501
    0.2514     -4.6418
    0.2515     -4.6335
    0.2516     -4.6252
    0.2517     -4.6169
    0.2518     -4.6086
    0.2519     -4.6003
    0.2520     -4.5920
    0.2521     -4.5837
    0.2522     -4.5754
    0.2523     -4.5671
    0.2524     -4.5588
    0.2525     -4.5505
    0.2526     -4.5421
    0.2527     -4.5338
    0.2528     -4.5255
    0.2529     -4.5172
    0.2530     -4.5089
    0.2531     -4.5006
    0.2532     -4.4923
    0.2533     -4.4840
    0.2534     -4.4757
    0.2535     -4.4674
    0.2536     -4.4591
    0.2537     -4.4508
    0.2538     -4.4425
    0.2539     -4.4342
    0.2540     -4.4259
    0.2541     -4.4175
    0.2542     -4.4092
    0.2543     -4.4009
    0.2544     -4.3926
    0.2545     -4.3843
    0.2546     -4.3760
    0.2547     -4.3677
    0.2548     -4.3594
    0.2549     -4.3511
    0.2550     -4.3428
    0.2551     -4.3345
    0.2552     -4.3262
    0.2553     -4.3179
    0.2554     -4.3096
    0.2555     -4.3013
    0.2556     -4.2930
    0.2557     -4.2846
    0.2558     -4.2763
    0.2559     -4.2680
    0.2560     -4.2597
    0.2561     -4.2514
    0.2562     -4.2431
    0.2563     -4.2348
    0.2564     -4.2265
    0.2565     -4.2182
    0.2566     -4.2099
    0.2567     -4.2016
    0.2568     -4.1933
    0.2569     -4.1850
    0.2570     -4.1767
    0.2571     -4.1684
    0.2572     -4.1600
    0.2573     -4.1517
    0.2574     -4.1434
    0.2575     -4.1351
    0.2576     -4.1268
    0.2577     -4.1185
    0.2578     -4.1102
    0.2579     -4.1019
    0.2580     -4.0936
    0.2581     -4.0853
    0.2582     -4.0770
    0.2583     -4.0687
    0.2584     -4.0604
    0.2585     -4.0521
    0.2586     -4.0438
    0.2587     -4.0355
    0.2588     -4.0271
    0.2589     -4.0188
    0.2590     -4.0105
    0.2591     -4.0022
    0.2592     -3.9939
    0.2593     -3.9856
    0.2594     -3.9773
    0.2595     -3.9690
    0.2596     -3.9607
    0.2597     -3.9524
    0.2598     -3.9441
    0.2599     -3.9358
    0.2600     -3.9275
    0.2601     -3.9192
    0.2602     -3.9109
    0.2603     -3.9025
    0.2604     -3.8942
    0.2605     -3.8859
    0.2606     -3.8776
    0.2607     -3.8693
    0.2608     -3.8610
    0.2609     -3.8527
    0.2610     -3.8444
    0.2611     -3.8361
    0.2612     -3.8278
    0.2613     -3.8195
    0.2614     -3.8112
    0.2615     -3.8029
    0.2616     -3.7946
    0.2617     -3.7863
    0.2618     -3.7780
    0.2619     -3.7696
    0.2620     -3.7613
    0.2621     -3.7530
    0.2622     -3.7447
    0.2623     -3.7364
    0.2624     -3.7281
    0.2625     -3.7198
    0.2626     -3.7115
    0.2627     -3.7032
    0.2628     -3.6949
    0.2629     -3.6866
    0.2630     -3.6783
    0.2631     -3.6700
    0.2632     -3.6617
    0.2633     -3.6534
    0.2634     -3.6450
    0.2635     -3.6367
    0.2636     -3.6284
    0.2637     -3.6201
    0.2638     -3.6118
    0.2639     -3.6035
    0.2640     -3.5952
    0.2641     -3.5869
    0.2642     -3.5786
    0.2643     -3.5703
    0.2644     -3.5620
    0.2645     -3.5537
    0.2646     -3.5454
    0.2647     -3.5371
    0.2648     -3.5288
    0.2649     -3.5205
    0.2650     -3.5121
    0.2651     -3.5038
    0.2652     -3.4955
    0.2653     -3.4872
    0.2654     -3.4789
    0.2655     -3.4706
    0.2656     -3.4623
    0.2657     -3.4540
    0.2658     -3.4457
    0.2659     -3.4374
    0.2660     -3.4291
    0.2661     -3.4208
    0.2662     -3.4125
    0.2663     -3.4042
    0.2664     -3.3959
    0.2665     -3.3875
    0.2666     -3.3792
    0.2667     -3.3709
    0.2668     -3.3626
    0.2669     -3.3543
    0.2670     -3.3460
    0.2671     -3.3377
    0.2672     -3.3294
    0.2673     -3.3211
    0.2674     -3.3128
    0.2675     -3.3045
    0.2676     -3.2962
    0.2677     -3.2879
    0.2678     -3.2796
    0.2679     -3.2713
    0.2680     -3.2630
    0.2681     -3.2546
    0.2682     -3.2463
    0.2683     -3.2380
    0.2684     -3.2297
    0.2685     -3.2214
    0.2686     -3.2131
    0.2687     -3.2048
    0.2688     -3.1965
    0.2689     -3.1882
    0.2690     -3.1799
    0.2691     -3.1716
    0.2692     -3.1633
    0.2693     -3.1550
    0.2694     -3.1467
    0.2695     -3.1384
    0.2696     -3.1300
    0.2697     -3.1217
    0.2698     -3.1134
    0.2699     -3.1051
    0.2700     -3.0968
    0.2701     -3.0885
    0.2702     -3.0802
    0.2703     -3.0719
    0.2704     -3.0636
    0.2705     -3.0553
    0.2706     -3.0470
    0.2707     -3.0387
    0.2708     -3.0304
    0.2709     -3.0221
    0.2710     -3.0138
    0.2711     -3.0055
    0.2712     -2.9971
    0.2713     -2.9888
    0.2714     -2.9805
    0.2715     -2.9722
    0.2716     -2.9639
    0.2717     -2.9556
    0.2718     -2.9473
    0.2719     -2.9390
    0.2721     -2.9283
    0.2722     -2.9229
    0.2723     -2.9175
    0.2724     -2.9122
    0.2725     -2.9068
    0.2726     -2.9014
    0.2727     -2.8961
    0.2728     -2.8907
    0.2729     -2.8854
    0.2730     -2.8800
    0.2731     -2.8746
    0.2732     -2.8693
    0.2733     -2.8639
    0.2734     -2.8585
    0.2735     -2.8532
    0.2736     -2.8478
    0.2737     -2.8424
    0.2738     -2.8371
    0.2739     -2.8317
    0.2740     -2.8263
    0.2741     -2.8210
    0.2742     -2.8156
    0.2743     -2.8103
    0.2744     -2.8049
    0.2745     -2.7995
    0.2746     -2.7942
    0.2747     -2.7888
    0.2748     -2.7834
    0.2749     -2.7781
    0.2750     -2.7727
    0.2751     -2.7673
    0.2752     -2.7620
    0.2753     -2.7566
    0.2754     -2.7512
    0.2755     -2.7459
    0.2756     -2.7405
    0.2757     -2.7351
    0.2758     -2.7298
    0.2759     -2.7244
    0.2760     -2.7191
    0.2761     -2.7137
    0.2762     -2.7083
    0.2763     -2.7030
    0.2764     -2.6976
    0.2765     -2.6922
    0.2766     -2.6869
    0.2767     -2.6815
    0.2768     -2.6761
    0.2769     -2.6708
    0.2770     -2.6654
    0.2771     -2.6600
    0.2772     -2.6547
    0.2773     -2.6493
    0.2774     -2.6439
    0.2775     -2.6386
    0.2776     -2.6332
    0.2777     -2.6279
    0.2778     -2.6225
    0.2779     -2.6171
    0.2780     -2.6118
    0.2781     -2.6064
    0.2782     -2.6010
    0.2783     -2.5957
    0.2784     -2.5903
    0.2785     -2.5849
    0.2786     -2.5796
    0.2787     -2.5742
    0.2788     -2.5688
    0.2789     -2.5635
    0.2790     -2.5581
    0.2791     -2.5528
    0.2792     -2.5474
    0.2793     -2.5420
    0.2794     -2.5367
    0.2795     -2.5313
    0.2796     -2.5259
    0.2797     -2.5206
    0.2798     -2.5152
    0.2799     -2.5098
    0.2800     -2.5045
    0.2801     -2.4991
    0.2802     -2.4937
    0.2803     -2.4884
    0.2804     -2.4830
    0.2805     -2.4776
    0.2806     -2.4723
    0.2807     -2.4669
    0.2808     -2.4616
    0.2809     -2.4562
    0.2810     -2.4508
    0.2811     -2.4455
    0.2812     -2.4401
    0.2813     -2.4347
    0.2814     -2.4294
    0.2815     -2.4240
    0.2817     -2.4123
    0.2818     -2.4064
    0.2819     -2.4006
    0.2820     -2.3947
    0.2821     -2.3889
    0.2822     -2.3830
    0.2823     -2.3772
    0.2824     -2.3713
    0.2825     -2.3655
    0.2826     -2.3596
    0.2827     -2.3538
    0.2828     -2.3479
    0.2829     -2.3421
    0.2830     -2.3362
    0.2831     -2.3304
    0.2832     -2.3245
    0.2833     -2.3187
    0.2834     -2.3128
    0.2835     -2.3070
    0.2836     -2.3011
    0.2837     -2.2953
    0.2838     -2.2894
    0.2839     -2.2835
    0.2840     -2.2777
    0.2841     -2.2718
    0.2842     -2.2660
    0.2843     -2.2601
    0.2844     -2.2543
    0.2845     -2.2484
    0.2846     -2.2426
    0.2847     -2.2367
    0.2848     -2.2309
    0.2849     -2.2250
    0.2850     -2.2192
    0.2851     -2.2133
    0.2852     -2.2075
    0.2853     -2.2016
    0.2854     -2.1958
    0.2855     -2.1899
    0.2856     -2.1841
    0.2857     -2.1782
    0.2858     -2.1724
    0.2859     -2.1665
    0.2860     -2.1606
    0.2861     -2.1548
    0.2862     -2.1489
    0.2863     -2.1431
    0.2864     -2.1372
    0.2865     -2.1314
    0.2866     -2.1255
    0.2867     -2.1197
    0.2868     -2.1138
    0.2869     -2.1080
    0.2870     -2.1021
    0.2871     -2.0963
    0.2872     -2.0904
    0.2873     -2.0846
    0.2874     -2.0787
    0.2875     -2.0729
    0.2876     -2.0670
    0.2877     -2.0612
    0.2878     -2.0553
    0.2879     -2.0495
    0.2880     -2.0436
    0.2881     -2.0378
    0.2882     -2.0319
    0.2883     -2.0260
    0.2884     -2.0202
    0.2885     -2.0143
    0.2886     -2.0085
    0.2887     -2.0026
    0.2888     -1.9968
    0.2889     -1.9909
    0.2890     -1.9851
    0.2891     -1.9792
    0.2892     -1.9734
    0.2893     -1.9675
    0.2894     -1.9617
    0.2895     -1.9558
    0.2896     -1.9500
    0.2897     -1.9441
    0.2898     -1.9383
    0.2899     -1.9324
    0.2900     -1.9266
    0.2901     -1.9207
    0.2902     -1.9149
    0.2903     -1.9090
    0.2905     -1.8955
    0.2906     -1.8887
    0.2907     -1.8819
    0.2908     -1.8751
    0.2909     -1.8684
    0.2910     -1.8616
    0.2911     -1.8548
    0.2912     -1.8481
    0.2913     -1.8413
    0.2914     -1.8345
    0.2915     -1.8278
    0.2916     -1.8210
    0.2917     -1.8142
    0.2918     -1.8074
    0.2919     -1.8007
    0.2920     -1.7939
    0.2921     -1.7871
    0.2922     -1.7804
    0.2923     -1.7736
    0.2924     -1.7668
    0.2925     -1.7600
    0.2926     -1.7533
    0.2927     -1.7465
    0.2928     -1.7397
    0.2929     -1.7330
    0.2930     -1.7262
    0.2931     -1.7194
    0.2932     -1.7127
    0.2933     -1.7059
    0.2934     -1.6991
    0.2935     -1.6923
    0.2936     -1.6856
    0.2937     -1.6788
    0.2938     -1.6720
    0.2939     -1.6653
    0.2940     -1.6585
    0.2941     -1.6517
    0.2942     -1.6450
    0.2943     -1.6382
    0.2944     -1.6314
    0.2945     -1.6246
    0.2946     -1.6179
    0.2947     -1.6111
    0.2948     -1.6043
    0.2949     -1.5976
    0.2950     -1.5908
    0.2951     -1.5840
    0.2952     -1.5772
    0.2953     -1.5705
    0.2954     -1.5637
    0.2955     -1.5569
    0.2956     -1.5502
    0.2957     -1.5434
    0.2958     -1.5366
    0.2959     -1.5299
    0.2960     -1.5231
    0.2961     -1.5163
    0.2962     -1.5095
    0.2963     -1.5028
    0.2964     -1.4960
    0.2966     -1.4843
    0.2967     -1.4784
    0.2968     -1.4726
    0.2969     -1.4667
    0.2970     -1.4609
    0.2971     -1.4550
    0.2972     -1.4492
    0.2973     -1.4433
    0.2974     -1.4374
    0.2975     -1.4316
    0.2976     -1.4257
    0.2977     -1.4199
    0.2978     -1.4140
    0.2979     -1.4082
    0.2980     -1.4023
    0.2981     -1.3964
    0.2982     -1.3906
    0.2983     -1.3847
    0.2984     -1.3789
    0.2985     -1.3730
    0.2986     -1.3672
    0.2987     -1.3613
    0.2988     -1.3555
    0.2989     -1.3496
    0.2990     -1.3437
    0.2991     -1.3379
    0.2992     -1.3320
    0.2993     -1.3262
    0.2994     -1.3203
    0.2995     -1.3145
    0.2996     -1.3086
    0.2997     -1.3027
    0.2998     -1.2969
    0.2999     -1.2910
    0.3000     -1.2852
    0.3001     -1.2793
    0.3002     -1.2735
    0.3003     -1.2676
    0.3004     -1.2618
    0.3005     -1.2559
    0.3006     -1.2500
    0.3007     -1.2442
    0.3008     -1.2383
    0.3009     -1.2325
    0.3010     -1.2266
    0.3011     -1.2208
    0.3012     -1.2149
    0.3013     -1.2091
    0.3014     -1.2032
    0.3015     -1.1973
    0.3016     -1.1915
    0.3017     -1.1856
    0.3018     -1.1798
    0.3019     -1.1739
    0.3020     -1.1681
    0.3021     -1.1622
    0.3022     -1.1563
    0.3023     -1.1505
    0.3024     -1.1446
    0.3025     -1.1388
    0.3026     -1.1329
    0.3027     -1.1271
    0.3028     -1.1212
    0.3029     -1.1154
    0.3030     -1.1095
    0.3031     -1.1036
    0.3032     -1.0978
    0.3033     -1.0919
    0.3034     -1.0861
    0.3035     -1.0802
    0.3036     -1.0744
    0.3037     -1.0685
    0.3038     -1.0626
    0.3039     -1.0568
    0.3040     -1.0509
    0.3041     -1.0451
    0.3042     -1.0392
    0.3043     -1.0334
    0.3044     -1.0275
    0.3045     -1.0217
    0.3046     -1.0158
    0.3047     -1.0099
    0.3048     -1.0041
    0.3049     -0.9982
    0.3050     -0.9924
    0.3051     -0.9865
    0.3052     -0.9807
    0.3053     -0.9748
    0.3054     -0.9690
    0.3055     -0.9631
    0.3056     -0.9572
    0.3057     -0.9514
    0.3058     -0.9455
    0.3059     -0.9397
    0.3060     -0.9338
    0.3061     -0.9280
    0.3062     -0.9221
    0.3063     -0.9162
    0.3064     -0.9104
    0.3065     -0.9045
    0.3066     -0.8987
    0.3067     -0.8928
    0.3068     -0.8870
    0.3069     -0.8811
    0.3070     -0.8753
    0.3071     -0.8694
    0.3072     -0.8635
    0.3073     -0.8577
    0.3074     -0.8518
    0.3075     -0.8460
    0.3076     -0.8401
    0.3077     -0.8343
    0.3078     -0.8284
    0.3079     -0.8225
    0.3080     -0.8167
    0.3081     -0.8108
    0.3082     -0.8050
    0.3083     -0.7991
    0.3084     -0.7933
    0.3085     -0.7874
    0.3086     -0.7816
    0.3087     -0.7757
    0.3089     -0.7612
    0.3090     -0.7540
    0.3091     -0.7468
    0.3092     -0.7396
    0.3093     -0.7323
    0.3094     -0.7251
    0.3095     -0.7179
    0.3096     -0.7106
    0.3097     -0.7034
    0.3098     -0.6962
    0.3099     -0.6889
    0.3100     -0.6817
    0.3101     -0.6745
    0.3102     -0.6673
    0.3103     -0.6600
    0.3104     -0.6528
    0.3105     -0.6456
    0.3106     -0.6383
    0.3107     -0.6311
    0.3108     -0.6239
    0.3109     -0.6166
    0.3110     -0.6094
    0.3111     -0.6022
    0.3112     -0.5950
    0.3113     -0.5877
    0.3114     -0.5805
    0.3115     -0.5733
    0.3116     -0.5660
    0.3117     -0.5588
    0.3118     -0.5516
    0.3119     -0.5444
    0.3120     -0.5371
    0.3121     -0.5299
    0.3122     -0.5227
    0.3123     -0.5154
    0.3124     -0.5082
    0.3125     -0.5010
    0.3126     -0.4937
    0.3127     -0.4865
    0.3128     -0.4793
    0.3129     -0.4721
    0.3130     -0.4648
    0.3131     -0.4576
    0.3132     -0.4504
    0.3133     -0.4431
    0.3134     -0.4359
    0.3135     -0.4287
    0.3136     -0.4214
    0.3137     -0.4142
    0.3138     -0.4070
    0.3139     -0.3998
    0.3140     -0.3925
    0.3141     -0.3853
    0.3142     -0.3781
    0.3143     -0.3708
    0.3144     -0.3636
    0.3145     -0.3564
    0.3146     -0.3492
    0.3147     -0.3419
    0.3148     -0.3347
    0.3149     -0.3275
    0.3150     -0.3202
    0.3151     -0.3130
    0.3152     -0.3058
    0.3153     -0.2985
    0.3154     -0.2913
    0.3155     -0.2841
    0.3156     -0.2769
    0.3157     -0.2696
    0.3158     -0.2624
    0.3159     -0.2552
    0.3160     -0.2479
    0.3161     -0.2407
    0.3162     -0.2335
    0.3163     -0.2262
    0.3164     -0.2190
    0.3165     -0.2118
    0.3166     -0.2046
    0.3167     -0.1973
    0.3168     -0.1901
    0.3169     -0.1829
    0.3170     -0.1756
    0.3171     -0.1684
    0.3172     -0.1612
    0.3173     -0.1540
    0.3174     -0.1467
    0.3175     -0.1395
    0.3176     -0.1323
    0.3177     -0.1250
    0.3178     -0.1178
    0.3179     -0.1106
    0.3180     -0.1033
    0.3181     -0.0961
    0.3182     -0.0889
    0.3183     -0.0817
    0.3184     -0.0744
    0.3185     -0.0672
    0.3186     -0.0600
    0.3187     -0.0527
    0.3188     -0.0455
    0.3189     -0.0383
    0.3190     -0.0310
    0.3191     -0.0238
    0.3192     -0.0166
    0.3193     -0.0094
    0.3194     -0.0021
    0.3195      0.0051
    0.3196      0.0123
    0.3197      0.0196
    0.3198      0.0268
    0.3199      0.0340
    0.3200      0.0413
    0.3201      0.0485
    0.3203      0.0585
    0.3204      0.0636
    0.3205      0.0686
    0.3206      0.0736
    0.3207      0.0786
    0.3208      0.0837
    0.3209      0.0887
    0.3210      0.0937
    0.3211      0.0987
    0.3212      0.1038
    0.3213      0.1088
    0.3214      0.1138
    0.3215      0.1188
    0.3216      0.1239
    0.3217      0.1289
    0.3218      0.1339
    0.3219      0.1389
    0.3220      0.1440
    0.3221      0.1490
    0.3222      0.1540
    0.3223      0.1590
    0.3224      0.1641
    0.3225      0.1691
    0.3226      0.1741
    0.3227      0.1791
    0.3228      0.1842
    0.3229      0.1892
    0.3230      0.1942
    0.3231      0.1992
    0.3232      0.2043
    0.3233      0.2093
    0.3234      0.2143
    0.3235      0.2193
    0.3236      0.2244
    0.3237      0.2294
    0.3238      0.2344
    0.3239      0.2394
    0.3240      0.2445
    0.3241      0.2495
    0.3242      0.2545
    0.3243      0.2595
    0.3244      0.2646
    0.3245      0.2696
    0.3246      0.2746
    0.3247      0.2796
    0.3248      0.2847
    0.3249      0.2897
    0.3250      0.2947
    0.3251      0.2997
    0.3252      0.3048
    0.3253      0.3098
    0.3254      0.3148
    0.3255      0.3198
    0.3256      0.3249
    0.3257      0.3299
    0.3258      0.3349
    0.3259      0.3400
    0.3260      0.3450
    0.3261      0.3500
    0.3262      0.3550
    0.3263      0.3601
    0.3264      0.3651
    0.3265      0.3701
    0.3266      0.3751
    0.3267      0.3802
    0.3268      0.3852
    0.3269      0.3902
    0.3270      0.3952
    0.3271      0.4003
    0.3272      0.4053
    0.3273      0.4103
    0.3274      0.4153
    0.3275      0.4204
    0.3276      0.4254
    0.3277      0.4304
    0.3278      0.4354
    0.3279      0.4405
    0.3280      0.4455
    0.3281      0.4505
    0.3282      0.4555
    0.3283      0.4606
    0.3284      0.4656
    0.3285      0.4706
    0.3286      0.4756
    0.3287      0.4807
    0.3288      0.4857
    0.3289      0.4907
    0.3290      0.4957
    0.3291      0.5008
    0.3292      0.5058
    0.3293      0.5108
    0.3294      0.5158
    0.3295      0.5209
    0.3296      0.5259
    0.3297      0.5309
    0.3298      0.5359
    0.3299      0.5410
    0.3300      0.5460
    0.3301      0.5510
    0.3302      0.5560
    0.3303      0.5611
    0.3304      0.5661
    0.3305      0.5711
    0.3306      0.5761
    0.3307      0.5812
    0.3308      0.5862
    0.3309      0.5912
    0.3310      0.5962
    0.3311      0.6013
    0.3312      0.6063
    0.3313      0.6113
    0.3314      0.6163
    0.3315      0.6214
    0.3316      0.6264
    0.3317      0.6314
    0.3318      0.6364
    0.3319      0.6415
    0.3320      0.6465
    0.3321      0.6515
    0.3322      0.6565
    0.3323      0.6616
    0.3324      0.6666
    0.3326      0.6792
    0.3327      0.6856
    0.3328      0.6919
    0.3329      0.6982
    0.3330      0.7045
    0.3331      0.7108
    0.3332      0.7172
    0.3333      0.7235
    0.3334      0.7298
    0.3335      0.7361
    0.3336      0.7424
    0.3337      0.7488
    0.3338      0.7551
    0.3339      0.7614
    0.3340      0.7677
    0.3341      0.7740
    0.3342      0.7803
    0.3343      0.7867
    0.3344      0.7930
    0.3345      0.7993
    0.3346      0.8056
    0.3347      0.8119
    0.3348      0.8183
    0.3349      0.8246
    0.3350      0.8309
    0.3351      0.8372
    0.3352      0.8435
    0.3353      0.8499
    0.3354      0.8562
    0.3355      0.8625
    0.3356      0.8688
    0.3357      0.8751
    0.3358      0.8815
    0.3359      0.8878
    0.3360      0.8941
    0.3361      0.9004
    0.3362      0.9067
    0.3363      0.9131
    0.3364      0.9194
    0.3365      0.9257
    0.3366      0.9320
    0.3367      0.9383
    0.3368      0.9446
    0.3369      0.9510
    0.3370      0.9573
    0.3371      0.9636
    0.3372      0.9699
    0.3373      0.9762
    0.3374      0.9826
    0.3375      0.9889
    0.3376      0.9952
    0.3377      1.0015
    0.3378      1.0078
    0.3379      1.0142
    0.3380      1.0205
    0.3381      1.0268
    0.3382      1.0331
    0.3383      1.0394
    0.3384      1.0458
    0.3385      1.0521
    0.3386      1.0584
    0.3387      1.0647
    0.3388      1.0710
    0.3389      1.0774
    0.3390      1.0837
    0.3391      1.0900
    0.3392      1.0963
    0.3393      1.1026
    0.3394      1.1090
    0.3395      1.1153
    0.3396      1.1216
    0.3397      1.1279
    0.3398      1.1342
    0.3399      1.1405
    0.3400      1.1469
    0.3401      1.1532
    0.3402      1.1595
    0.3403      1.1658
    0.3404      1.1721
    0.3405      1.1785
    0.3406      1.1848
    0.3407      1.1911
    0.3408      1.1974
    0.3409      1.2037
    0.3410      1.2101
    0.3411      1.2164
    0.3412      1.2227
    0.3413      1.2290
    0.3414      1.2353
    0.3415      1.2417
    0.3416      1.2480
    0.3417      1.2543
    0.3418      1.2606
    0.3419      1.2669
    0.3420      1.2733
    0.3421      1.2796
    0.3422      1.2859
    0.3423      1.2922
    0.3424      1.2985
    0.3425      1.3048
    0.3426      1.3112
    0.3427      1.3175
    0.3428      1.3238
    0.3429      1.3301
    0.3430      1.3364
    0.3431      1.3428
    0.3432      1.3491
    0.3433      1.3554
    0.3434      1.3617
    0.3435      1.3680
    0.3436      1.3744
    0.3437      1.3807
    0.3438      1.3870
    0.3440      1.3995
    0.3441      1.4057
    0.3442      1.4120
    0.3443      1.4182
    0.3444      1.4245
    0.3445      1.4307
    0.3446      1.4370
    0.3447      1.4432
    0.3448      1.4495
    0.3449      1.4557
    0.3450      1.4620
    0.3451      1.4682
    0.3452      1.4745
    0.3453      1.4807
    0.3454      1.4870
    0.3455      1.4932
    0.3456      1.4995
    0.3457      1.5057
    0.3458      1.5120
    0.3459      1.5182
    0.3460      1.5245
    0.3461      1.5307
    0.3462      1.5370
    0.3463      1.5432
    0.3464      1.5495
    0.3465      1.5557
    0.3466      1.5620
    0.3467      1.5682
    0.3468      1.5745
    0.3469      1.5807
    0.3470      1.5870
    0.3471      1.5932
    0.3472      1.5995
    0.3473      1.6057
    0.3474      1.6120
    0.3475      1.6182
    0.3476      1.6245
    0.3477      1.6307
    0.3478      1.6370
    0.3479      1.6432
    0.3480      1.6495
    0.3481      1.6557
    0.3482      1.6620
    0.3483      1.6682
    0.3484      1.6745
    0.3485      1.6807
    0.3486      1.6870
    0.3487      1.6932
    0.3488      1.6995
    0.3489      1.7057
    0.3490      1.7120
    0.3491      1.7182
    0.3492      1.7245
    0.3493      1.7307
    0.3494      1.7370
    0.3495      1.7432
    0.3496      1.7495
    0.3497      1.7557
    0.3498      1.7620
    0.3499      1.7682
    0.3500      1.7745
    0.3501      1.7807
    0.3502      1.7870
    0.3503      1.7932
    0.3504      1.7995
    0.3505      1.8057
    0.3506      1.8120
    0.3507      1.8182
    0.3508      1.8245
    0.3509      1.8307
    0.3510      1.8370
    0.3511      1.8432
    0.3512      1.8495
    0.3513      1.8557
    0.3514      1.8620
    0.3515      1.8682
    0.3516      1.8745
    0.3517      1.8807
    0.3518      1.8870
    0.3519      1.8932
    0.3520      1.8995
    0.3521      1.9057
    0.3522      1.9120
    0.3523      1.9182
    0.3524      1.9245
    0.3525      1.9307
    0.3526      1.9370
    0.3527      1.9432
    0.3528      1.9495
    0.3529      1.9557
    0.3530      1.9620
    0.3531      1.9682
    0.3532      1.9745
    0.3533      1.9807
    0.3534      1.9870
    0.3535      1.9932
    0.3536      1.9995
    0.3537      2.0057
    0.3538      2.0120
    0.3539      2.0182
    0.3540      2.0245
    0.3541      2.0307
    0.3542      2.0370
    0.3543      2.0432
    0.3544      2.0495
    0.3545      2.0557
    0.3546      2.0620
    0.3547      2.0682
    0.3548      2.0745
    0.3549      2.0807
    0.3550      2.0870
    0.3551      2.0932
    0.3552      2.0995
    0.3553      2.1057
    0.3554      2.1120
    0.3555      2.1182
    0.3556      2.1245
    0.3557      2.1307
    0.3558      2.1370
    0.3559      2.1432
    0.3560      2.1495
    0.3561      2.1557
    0.3562      2.1620
    0.3563      2.1682
    0.3564      2.1745
    0.3565      2.1807
    0.3566      2.1870
    0.3567      2.1932
    0.3568      2.1995
    0.3569      2.2057
    0.3570      2.2120
    0.3572      2.2238
    0.3573      2.2297
    0.3574      2.2356
    0.3575      2.2415
    0.3576      2.2475
    0.3577      2.2534
    0.3578      2.2593
    0.3579      2.2652
    0.3580      2.2711
    0.3581      2.2770
    0.3582      2.2829
    0.3583      2.2888
    0.3584      2.2947
    0.3585      2.3006
    0.3586      2.3066
    0.3587      2.3125
    0.3588      2.3184
    0.3589      2.3243
    0.3590      2.3302
    0.3591      2.3361
    0.3592      2.3420
    0.3593      2.3479
    0.3594      2.3538
    0.3595      2.3597
    0.3596      2.3657
    0.3597      2.3716
    0.3598      2.3775
    0.3599      2.3834
    0.3600      2.3893
    0.3601      2.3952
    0.3602      2.4011
    0.3603      2.4070
    0.3604      2.4129
    0.3605      2.4188
    0.3606      2.4248
    0.3607      2.4307
    0.3608      2.4366
    0.3609      2.4425
    0.3610      2.4484
    0.3611      2.4543
    0.3612      2.4602
    0.3613      2.4661
    0.3614      2.4720
    0.3615      2.4779
    0.3616      2.4839
    0.3617      2.4898
    0.3618      2.4957
    0.3619      2.5016
    0.3620      2.5075
    0.3621      2.5134
    0.3622      2.5193
    0.3623      2.5252
    0.3624      2.5311
    0.3625      2.5370
    0.3626      2.5430
    0.3627      2.5489
    0.3628      2.5548
    0.3629      2.5607
    0.3630      2.5666
    0.3631      2.5725
    0.3632      2.5784
    0.3633      2.5843
    0.3634      2.5902
    0.3635      2.5961
    0.3636      2.6020
    0.3637      2.6080
    0.3638      2.6139
    0.3639      2.6198
    0.3640      2.6257
    0.3641      2.6316
    0.3642      2.6375
    0.3643      2.6434
    0.3644      2.6493
    0.3645      2.6552
    0.3646      2.6611
    0.3647      2.6671
    0.3648      2.6730
    0.3649      2.6789
    0.3650      2.6848
    0.3651      2.6907
    0.3652      2.6966
    0.3653      2.7025
    0.3654      2.7084
    0.3655      2.7143
    0.3656      2.7202
    0.3657      2.7262
    0.3658      2.7321
    0.3659      2.7380
    0.3660      2.7439
    0.3661      2.7498
    0.3662      2.7557
    0.3663      2.7616
    0.3664      2.7675
    0.3665      2.7734
    0.3666      2.7793
    0.3667      2.7853
    0.3668      2.7912
    0.3669      2.7971
    0.3670      2.8030
    0.3671      2.8089
    0.3672      2.8148
    0.3673      2.8207
    0.3674      2.8266
    0.3675      2.8325
    0.3676      2.8384
    0.3677      2.8444
    0.3678      2.8503
    0.3679      2.8562
    0.3680      2.8621
    0.3681      2.8680
    0.3682      2.8739
    0.3683      2.8798
    0.3684      2.8857
    0.3685      2.8916
    0.3686      2.8975
    0.3687      2.9035
    0.3688      2.9094
    0.3689      2.9153
    0.3690      2.9212
    0.3691      2.9271
    0.3692      2.9330
    0.3694      2.9447
    0.3695      2.9505
    0.3696      2.9563
    0.3697      2.9622
    0.3698      2.9680
    0.3699      2.9738
    0.3700      2.9796
    0.3701      2.9855
    0.3702      2.9913
    0.3703      2.9971
    0.3704      3.0030
    0.3705      3.0088
    0.3706      3.0146
    0.3707      3.0205
    0.3708      3.0263
    0.3709      3.0321
    0.3710      3.0379
    0.3711      3.0438
    0.3712      3.0496
    0.3713      3.0554
    0.3714      3.0613
    0.3715      3.0671
    0.3716      3.0729
    0.3717      3.0788
    0.3718      3.0846
    0.3719      3.0904
    0.3720      3.0962
    0.3721      3.1021
    0.3722      3.1079
    0.3723      3.1137
    0.3724      3.1196
    0.3725      3.1254
    0.3726      3.1312
    0.3727      3.1371
    0.3728      3.1429
    0.3729      3.1487
    0.3730      3.1545
    0.3731      3.1604
    0.3732      3.1662
    0.3733      3.1720
    0.3734      3.1779
    0.3735      3.1837
    0.3736      3.1895
    0.3737      3.1954
    0.3738      3.2012
    0.3739      3.2070
    0.3740      3.2128
    0.3741      3.2187
    0.3742      3.2245
    0.3743      3.2303
    0.3744      3.2362
    0.3745      3.2420
    0.3746      3.2478
    0.3747      3.2537
    0.3748      3.2595
    0.3749      3.2653
    0.3750      3.2712
    0.3751      3.2770
    0.3752      3.2828
    0.3753      3.2886
    0.3754      3.2945
    0.3755      3.3003
    0.3756      3.3061
    0.3757      3.3120
    0.3758      3.3178
    0.3759      3.3236
    0.3760      3.3295
    0.3761      3.3353
    0.3762      3.3411
    0.3763      3.3469
    0.3764      3.3528
    0.3765      3.3586
    0.3766      3.3644
    0.3767      3.3703
    0.3768      3.3761
    0.3769      3.3819
    0.3770      3.3878
    0.3771      3.3936
    0.3772      3.3994
    0.3773      3.4052
    0.3774      3.4111
    0.3775      3.4169
    0.3776      3.4227
    0.3777      3.4286
    0.3778      3.4344
    0.3779      3.4402
    0.3780      3.4461
    0.3781      3.4519
    0.3782      3.4577
    0.3783      3.4635
    0.3784      3.4694
    0.3785      3.4752
    0.3786      3.4810
    0.3787      3.4869
    0.3788      3.4927
    0.3789      3.4985
    0.3790      3.5044
    0.3791      3.5102
    0.3792      3.5160
    0.3793      3.5218
    0.3794      3.5277
    0.3795      3.5335
    0.3796      3.5393
    0.3797      3.5452
    0.3798      3.5510
    0.3800      3.5636
    0.3801      3.5699
    0.3802      3.5762
    0.3803      3.5825
    0.3804      3.5887
    0.3805      3.5950
    0.3806      3.6013
    0.3807      3.6076
    0.3808      3.6139
    0.3809      3.6202
    0.3810      3.6265
    0.3811      3.6328
    0.3812      3.6391
    0.3813      3.6454
    0.3814      3.6516
    0.3815      3.6579
    0.3816      3.6642
    0.3817      3.6705
    0.3818      3.6768
    0.3819      3.6831
    0.3820      3.6894
    0.3821      3.6957
    0.3822      3.7020
    0.3823      3.7083
    0.3824      3.7145
    0.3825      3.7208
    0.3826      3.7271
    0.3827      3.7334
    0.3828      3.7397
    0.3829      3.7460
    0.3830      3.7523
    0.3831      3.7586
    0.3832      3.7649
    0.3833      3.7712
    0.3834      3.7774
    0.3835      3.7837
    0.3836      3.7900
    0.3837      3.7963
    0.3838      3.8026
    0.3839      3.8089
    0.3840      3.8152
    0.3841      3.8215
    0.3842      3.8278
    0.3843      3.8341
    0.3844      3.8403
    0.3845      3.8466
    0.3846      3.8529
    0.3847      3.8592
    0.3848      3.8655
    0.3849      3.8718
    0.3850      3.8781
    0.3851      3.8844
    0.3852      3.8907
    0.3853      3.8970
    0.3854      3.9032
    0.3855      3.9095
    0.3856      3.9158
    0.3857      3.9221
    0.3858      3.9284
    0.3859      3.9347
    0.3860      3.9410
    0.3861      3.9473
    0.3862      3.9536
    0.3863      3.9599
    0.3864      3.9661
    0.3865      3.9724
    0.3866      3.9787
    0.3867      3.9850
    0.3868      3.9913
    0.3869      3.9976
    0.3870      4.0039
    0.3871      4.0102
    0.3872      4.0165
    0.3873      4.0228
    0.3874      4.0290
    0.3875      4.0353
    0.3876      4.0416
    0.3877      4.0479
    0.3878      4.0542
    0.3879      4.0605
    0.3880      4.0668
    0.3881      4.0731
    0.3882      4.0794
    0.3883      4.0857
    0.3884      4.0919
    0.3885      4.0982
    0.3886      4.1045
    0.3887      4.1108
    0.3888      4.1171
    0.3889      4.1234
    0.3890      4.1297
    0.3891      4.1360
    0.3892      4.1423
    0.3893      4.1486
    0.3894      4.1548
    0.3895      4.1611
    0.3896      4.1674
    0.3897      4.1737
    0.3898      4.1800
    0.3899      4.1863
    0.3900      4.1926
    0.3901      4.1989
    0.3902      4.2052
    0.3903      4.2115
    0.3904      4.2177
    0.3905      4.2240
    0.3906      4.2303
    0.3907      4.2366
    0.3908      4.2429
    0.3909      4.2492
    0.3910      4.2555
    0.3911      4.2618
    0.3912      4.2681
    0.3913      4.2744
    0.3914      4.2806
    0.3915      4.2869
    0.3916      4.2932
    0.3917      4.2995
    0.3918      4.3058
    0.3919      4.3121
    0.3920      4.3184
    0.3921      4.3247
    0.3922      4.3310
    0.3923      4.3373
    0.3924      4.3435
    0.3925      4.3498
    0.3926      4.3561
    0.3927      4.3624
    0.3928      4.3687
    0.3929      4.3750
    0.3931      4.3888
    0.3932      4.3958
    0.3933      4.4027
    0.3934      4.4096
    0.3935      4.4165
    0.3936      4.4234
    0.3937      4.4304
    0.3938      4.4373
    0.3939      4.4442
    0.3940      4.4511
    0.3941      4.4580
    0.3942      4.4650
    0.3943      4.4719
    0.3944      4.4788
    0.3945      4.4857
    0.3946      4.4926
    0.3947      4.4996
    0.3948      4.5065
    0.3949      4.5134
    0.3950      4.5203
    0.3951      4.5272
    0.3952      4.5341
    0.3953      4.5411
    0.3954      4.5480
    0.3955      4.5549
    0.3956      4.5618
    0.3957      4.5687
    0.3958      4.5757
    0.3959      4.5826
    0.3960      4.5895
    0.3961      4.5964
    0.3962      4.6033
    0.3963      4.6103
    0.3964      4.6172
    0.3965      4.6241
    0.3966      4.6310
    0.3967      4.6379
    0.3968      4.6449
    0.3969      4.6518
    0.3970      4.6587
    0.3971      4.6656
    0.3972      4.6725
    0.3973      4.6795
    0.3974      4.6864
    0.3975      4.6933
    0.3976      4.7002
    0.3977      4.7071
    0.3978      4.7141
    0.3979      4.7210
    0.3980      4.7279
    0.3981      4.7348
    0.3982      4.7417
    0.3983      4.7487
    0.3984      4.7556
    0.3985      4.7625
    0.3986      4.7694
    0.3987      4.7763
    0.3988      4.7832
    0.3989      4.7902
    0.3990      4.7971
    0.3991      4.8040
    0.3992      4.8109
    0.3993      4.8178
    0.3994      4.8248
    0.3995      4.8317
    0.3996      4.8386
    0.3997      4.8455
    0.3998      4.8524
    0.3999      4.8594
    0.4000      4.8663
    0.4001      4.8732
    0.4002      4.8801
    0.4003      4.8870
    0.4004      4.8940
    0.4005      4.9009
    0.4006      4.9078
    0.4007      4.9147
    0.4008      4.9216
    0.4009      4.9286
    0.4010      4.9355
    0.4011      4.9424
    0.4012      4.9493
    0.4013      4.9562
    0.4014      4.9632
    0.4015      4.9701
    0.4016      4.9770
    0.4017      4.9839
    0.4018      4.9908
    0.4019      4.9978
    0.4020      5.0047
    0.4021      5.0116
    0.4022      5.0185
    0.4023      5.0254
    0.4024      5.0323
    0.4025      5.0393
    0.4026      5.0462
    0.4027      5.0531
    0.4028      5.0600
    0.4029      5.0669
    0.4030      5.0739
    0.4031      5.0808
    0.4032      5.0877
    0.4033      5.0946
    0.4034      5.1015
    0.4035      5.1085
    0.4036      5.1154
    0.4037      5.1223
    0.4038      5.1292
    0.4039      5.1361
    0.4040      5.1431
    0.4041      5.1500
    0.4042      5.1569
    0.4043      5.1638
    0.4044      5.1707
    0.4045      5.1777
    0.4046      5.1846
    0.4047      5.1915
    0.4048      5.1984
    0.4049      5.2053
    0.4050      5.2123
    0.4051      5.2192
    0.4052      5.2261
    0.4053      5.2330
    0.4054      5.2399
    0.4055      5.2469
    0.4056      5.2538
    0.4057      5.2607
    0.4058      5.2676
    0.4059      5.2745
    0.4060      5.2814
    0.4061      5.2884
    0.4062      5.2953
    0.4063      5.3022
    0.4064      5.3091
    0.4065      5.3160
    0.4066      5.3230
    0.4067      5.3299
    0.4068      5.3368
    0.4069      5.3437
    0.4070      5.3506
    0.4071      5.3576
    0.4072      5.3645
    0.4073      5.3714
    0.4074      5.3783
    0.4075      5.3852
    0.4076      5.3922
    0.4077      5.3991
    0.4078      5.4060
    0.4080      5.4247
    0.4081      5.4341
    0.4082      5.4435
    0.4083      5.4528
    0.4084      5.4622
    0.4085      5.4715
    0.4086      5.4809
    0.4087      5.4903
    0.4088      5.4996
    0.4089      5.5090
    0.4090      5.5184
    0.4091      5.5277
    0.4092      5.5371
    0.4093      5.5465
    0.4094      5.5558
    0.4095      5.5652
    0.4096      5.5745
    0.4097      5.5839
    0.4098      5.5933
    0.4099      5.6026
    0.4100      5.6120
    0.4101      5.6214
    0.4102      5.6307
    0.4103      5.6401
    0.4104      5.6495
    0.4105      5.6588
    0.4106      5.6682
    0.4107      5.6775
    0.4108      5.6869
    0.4109      5.6963
    0.4110      5.7056
    0.4111      5.7150
    0.4112      5.7244
    0.4113      5.7337
    0.4114      5.7431
    0.4115      5.7525
    0.4116      5.7618
    0.4117      5.7712
    0.4118      5.7805
    0.4119      5.7899
    0.4120      5.7993
    0.4121      5.8086
    0.4122      5.8180
    0.4123      5.8274
    0.4124      5.8367
    0.4125      5.8461
    0.4126      5.8555
    0.4127      5.8648
    0.4128      5.8742
    0.4129      5.8835
    0.4130      5.8929
    0.4131      5.9023
    0.4132      5.9116
    0.4133      5.9210
    0.4134      5.9304
    0.4135      5.9397
    0.4136      5.9491
    0.4137      5.9585
    0.4138      5.9678
    0.4139      5.9772
    0.4140      5.9865
    0.4141      5.9959
    0.4142      6.0053
    0.4143      6.0146
    0.4144      6.0240
    0.4145      6.0334
    0.4146      6.0427
    0.4147      6.0521
    0.4148      6.0615
    0.4149      6.0708
    0.4150      6.0802
    0.4151      6.0895
    0.4152      6.0989
    0.4153      6.1083
    0.4154      6.1176
    0.4155      6.1270
    0.4156      6.1364
    0.4157      6.1457
    0.4158      6.1551
    0.4159      6.1645
    0.4160      6.1738
    0.4161      6.1832
    0.4162      6.1925
    0.4163      6.2019
    0.4164      6.2113
    0.4165      6.2206
    0.4166      6.2300
    0.4168      6.2491
    0.4169      6.2587
    0.4170      6.2682
    0.4171      6.2778
    0.4172      6.2873
    0.4173      6.2969
    0.4174      6.3065
    0.4175      6.3160
    0.4176      6.3256
    0.4177      6.3351
    0.4178      6.3447
    0.4179      6.3542
    0.4180      6.3638
    0.4181      6.3734
    0.4182      6.3829
    0.4183      6.3925
    0.4184      6.4020
    0.4185      6.4116
    0.4186      6.4211
    0.4187      6.4307
    0.4188      6.4402
    0.4189      6.4498
    0.4190      6.4594
    0.4191      6.4689
    0.4192      6.4785
    0.4193      6.4880
    0.4194      6.4976
    0.4195      6.5071
    0.4196      6.5167
    0.4197      6.5263
    0.4198      6.5358
    0.4199      6.5454
    0.4200      6.5549
    0.4201      6.5645
    0.4202      6.5740
    0.4203      6.5836
    0.4204      6.5932
    0.4205      6.6027
    0.4206      6.6123
    0.4207      6.6218
    0.4208      6.6314
    0.4209      6.6409
    0.4210      6.6505
    0.4211      6.6601
    0.4212      6.6696
    0.4213      6.6792
    0.4214      6.6887
    0.4215      6.6983
    0.4216      6.7078
    0.4217      6.7174
    0.4218      6.7269
    0.4219      6.7365
    0.4220      6.7461
    0.4221      6.7556
    0.4222      6.7652
    0.4223      6.7747
    0.4224      6.7843
    0.4225      6.7938
    0.4226      6.8034
    0.4227      6.8130
    0.4228      6.8225
    0.4229      6.8321
    0.4230      6.8416
    0.4231      6.8512
    0.4232      6.8607
    0.4233      6.8703
    0.4234      6.8799
    0.4235      6.8894
    0.4236      6.8990
    0.4237      6.9085
    0.4238      6.9181
    0.4239      6.9276
    0.4240      6.9372
    0.4241      6.9468
    0.4242      6.9563
    0.4243      6.9659
    0.4244      6.9754
    0.4245      6.9850
    0.4246      6.9945
    0.4247      7.0041
    0.4248      7.0136
    0.4249      7.0232
    0.4250      7.0328
    0.4251      7.0423
    0.4252      7.0519
    0.4253      7.0614
    0.4254      7.0710
    0.4255      7.0805
    0.4256      7.0901
    0.4257      7.0997
    0.4258      7.1092
    0.4259      7.1188
    0.4260      7.1283
    0.4261      7.1379
    0.4262      7.1474
    0.4263      7.1570
    0.4265      7.1747
    0.4266      7.1835
    0.4267      7.1923
    0.4268      7.2011
    0.4269      7.2100
    0.4270      7.2188
    0.4271      7.2276
    0.4272      7.2365
    0.4273      7.2453
    0.4274      7.2541
    0.4275      7.2629
    0.4276      7.2718
    0.4277      7.2806
    0.4278      7.2894
    0.4279      7.2983
    0.4280      7.3071
    0.4281      7.3159
    0.4282      7.3247
    0.4283      7.3336
    0.4284      7.3424
    0.4285      7.3512
    0.4286      7.3601
    0.4287      7.3689
    0.4288      7.3777
    0.4289      7.3865
    0.4290      7.3954
    0.4291      7.4042
    0.4292      7.4130
    0.4293      7.4219
    0.4294      7.4307
    0.4295      7.4395
    0.4296      7.4483
    0.4297      7.4572
    0.4298      7.4660
    0.4299      7.4748
    0.4300      7.4837
    0.4301      7.4925
    0.4302      7.5013
    0.4303      7.5101
    0.4304      7.5190
    0.4305      7.5278
    0.4306      7.5366
    0.4307      7.5455
    0.4308      7.5543
    0.4309      7.5631
    0.4310      7.5719
    0.4311      7.5808
    0.4312      7.5896
    0.4313      7.5984
    0.4314      7.6073
    0.4315      7.6161
    0.4316      7.6249
    0.4317      7.6337
    0.4318      7.6426
    0.4319      7.6514
    0.4320      7.6602
    0.4321      7.6691
    0.4322      7.6779
    0.4323      7.6867
    0.4324      7.6955
    0.4325      7.7044
    0.4326      7.7132
    0.4327      7.7220
    0.4328      7.7309
    0.4329      7.7397
    0.4330      7.7485
    0.4331      7.7573
    0.4332      7.7662
    0.4333      7.7750
    0.4334      7.7838
    0.4335      7.7927
    0.4336      7.8015
    0.4337      7.8103
    0.4338      7.8191
    0.4339      7.8280
    0.4340      7.8368
    0.4341      7.8456
    0.4342      7.8545
    0.4343      7.8633
    0.4344      7.8721
    0.4345      7.8809
    0.4346      7.8898
    0.4347      7.8986
    0.4348      7.9074
    0.4349      7.9163
    0.4350      7.9251
    0.4351      7.9339
    0.4352      7.9427
    0.4353      7.9516
    0.4354      7.9604
    0.4355      7.9692
    0.4356      7.9781
    0.4357      7.9869
    0.4358      7.9957
    0.4359      8.0045
    0.4360      8.0134
    0.4361      8.0222
    0.4362      8.0310
    0.4363      8.0399
    0.4364      8.0487
    0.4365      8.0575
    0.4366      8.0663
    0.4367      8.0752
    0.4368      8.0840
    0.4370      8.1036
    0.4371      8.1135
    0.4372      8.1233
    0.4373      8.1331
    0.4374      8.1429
    0.4375      8.1527
    0.4376      8.1626
    0.4377      8.1724
    0.4378      8.1822
    0.4379      8.1920
    0.4380      8.2018
    0.4381      8.2116
    0.4382      8.2215
    0.4383      8.2313
    0.4384      8.2411
    0.4385      8.2509
    0.4386      8.2607
    0.4387      8.2706
    0.4388      8.2804
    0.4389      8.2902
    0.4390      8.3000
    0.4391      8.3098
    0.4392      8.3197
    0.4393      8.3295
    0.4394      8.3393
    0.4395      8.3491
    0.4396      8.3589
    0.4397      8.3688
    0.4398      8.3786
    0.4399      8.3884
    0.4400      8.3982
    0.4401      8.4080
    0.4402      8.4178
    0.4403      8.4277
    0.4404      8.4375
    0.4405      8.4473
    0.4406      8.4571
    0.4407      8.4669
    0.4408      8.4768
    0.4409      8.4866
    0.4410      8.4964
    0.4411      8.5062
    0.4412      8.5160
    0.4413      8.5259
    0.4414      8.5357
    0.4415      8.5455
    0.4416      8.5553
    0.4417      8.5651
    0.4418      8.5750
    0.4419      8.5848
    0.4420      8.5946
    0.4421      8.6044
    0.4422      8.6142
    0.4423      8.6240
    0.4424      8.6339
    0.4425      8.6437
    0.4426      8.6535
    0.4427      8.6633
    0.4428      8.6731
    0.4429      8.6830
    0.4430      8.6928
    0.4431      8.7026
    0.4432      8.7124
    0.4433      8.7222
    0.4434      8.7321
    0.4435      8.7419
    0.4436      8.7517
    0.4437      8.7615
    0.4438      8.7713
    0.4439      8.7812
    0.4440      8.7910
    0.4441      8.8008
    0.4442      8.8106
    0.4443      8.8204
    0.4444      8.8302
    0.4445      8.8401
    0.4446      8.8499
    0.4447      8.8597
    0.4448      8.8695
    0.4449      8.8793
    0.4450      8.8892
    0.4451      8.8990
    0.4452      8.9088
    0.4453      8.9186
    0.4454      8.9284
    0.4455      8.9383
    0.4456      8.9481
    0.4457      8.9579
    0.4458      8.9677
    0.4459      8.9775
    0.4460      8.9874
    0.4461      8.9972
    0.4462      9.0070
    0.4463      9.0168
    0.4464      9.0266
    0.4465      9.0364
    0.4466      9.0463
    0.4467      9.0561
    0.4468      9.0659
    0.4469      9.0757
    0.4470      9.0855
    0.4471      9.0954
    0.4472      9.1052
    0.4473      9.1150
    0.4475      9.1341
    0.4476      9.1436
    0.4477      9.1531
    0.4478      9.1627
    0.4479      9.1722
    0.4480      9.1818
    0.4481      9.1913
    0.4482      9.2008
    0.4483      9.2104
    0.4484      9.2199
    0.4485      9.2294
    0.4486      9.2390
    0.4487      9.2485
    0.4488      9.2580
    0.4489      9.2676
    0.4490      9.2771
    0.4491      9.2866
    0.4492      9.2962
    0.4493      9.3057
    0.4494      9.3153
    0.4495      9.3248
    0.4496      9.3343
    0.4497      9.3439
    0.4498      9.3534
    0.4499      9.3629
    0.4500      9.3725
    0.4501      9.3820
    0.4502      9.3915
    0.4503      9.4011
    0.4504      9.4106
    0.4505      9.4202
    0.4506      9.4297
    0.4507      9.4392
    0.4508      9.4488
    0.4509      9.4583
    0.4510      9.4678
    0.4511      9.4774
    0.4512      9.4869
    0.4513      9.4964
    0.4514      9.5060
    0.4515      9.5155
    0.4516      9.5251
    0.4517      9.5346
    0.4518      9.5441
    0.4519      9.5537
    0.4520      9.5632
    0.4521      9.5727
    0.4522      9.5823
    0.4523      9.5918
    0.4524      9.6013
    0.4525      9.6109
    0.4526      9.6204
    0.4527      9.6299
    0.4528      9.6395
    0.4529      9.6490
    0.4530      9.6586
    0.4531      9.6681
    0.4532      9.6776
    0.4533      9.6872
    0.4534      9.6967
    0.4535      9.7062
    0.4536      9.7158
    0.4537      9.7253
    0.4538      9.7348
    0.4539      9.7444
    0.4540      9.7539
    0.4541      9.7635
    0.4542      9.7730
    0.4543      9.7825
    0.4544      9.7921
    0.4545      9.8016
    0.4546      9.8111
    0.4547      9.8207
    0.4548      9.8302
    0.4549      9.8397
    0.4550      9.8493
    0.4551      9.8588
    0.4552      9.8684
    0.4553      9.8779
    0.4554      9.8874
    0.4555      9.8970
    0.4556      9.9065
    0.4557      9.9160
    0.4558      9.9256
    0.4559      9.9351
    0.4560      9.9446
    0.4561      9.9542
    0.4562      9.9637
    0.4563      9.9732
    0.4564      9.9828
    0.4565      9.9923
    0.4566     10.0019
    0.4567     10.0114
    0.4568     10.0209
    0.4569     10.0305
    0.4570     10.0400
    0.4572     10.0674
    0.4573     10.0811
    0.4574     10.0949
    0.4575     10.1086
    0.4576     10.1223
    0.4577     10.1360
    0.4578     10.1497
    0.4579     10.1634
    0.4580     10.1771
    0.4581     10.1909
    0.4582     10.2046
    0.4583     10.2183
    0.4584     10.2320
    0.4585     10.2457
    0.4586     10.2594
    0.4587     10.2731
    0.4588     10.2869
    0.4589     10.3006
    0.4590     10.3143
    0.4591     10.3280
    0.4592     10.3417
    0.4593     10.3554
    0.4594     10.3691
    0.4595     10.3829
    0.4596     10.3966
    0.4597     10.4103
    0.4598     10.4240
    0.4599     10.4377
    0.4600     10.4514
    0.4601     10.4651
    0.4602     10.4789
    0.4603     10.4926
    0.4604     10.5063
    0.4605     10.5200
    0.4606     10.5337
    0.4607     10.5474
    0.4608     10.5611
    0.4609     10.5749
    0.4610     10.5886
    0.4611     10.6023
    0.4612     10.6160
    0.4613     10.6297
    0.4614     10.6434
    0.4615     10.6571
    0.4616     10.6709
    0.4617     10.6846
    0.4618     10.6983
    0.4619     10.7120
    0.4620     10.7257
    0.4621     10.7394
    0.4622     10.7531
    0.4623     10.7669
    0.4624     10.7806
    0.4625     10.7943
    0.4626     10.8080
    0.4627     10.8217
    0.4628     10.8354
    0.4629     10.8491
    0.4630     10.8629
    0.4631     10.8766
    0.4632     10.8903
    0.4633     10.9040
    0.4634     10.9177
    0.4635     10.9314
    0.4636     10.9451
    0.4637     10.9589
    0.4638     10.9726
    0.4639     10.9863
    0.4640     11.0000
    0.4641     11.0137
    0.4642     11.0274
    0.4643     11.0411
    0.4644     11.0549
    0.4645     11.0686
    0.4646     11.0823
    0.4647     11.0960
    0.4648     11.1097
    0.4649     11.1234
    0.4650     11.1371
    0.4651     11.1509
    0.4652     11.1646
    0.4653     11.1783
    0.4654     11.1920
    0.4655     11.2057
    0.4656     11.2194
    0.4657     11.2331
    0.4658     11.2469
    0.4659     11.2606
    0.4660     11.2743
    0.4661     11.2880
    0.4662     11.3017
    0.4663     11.3154
    0.4664     11.3291
    0.4665     11.3429
    0.4666     11.3566
    0.4667     11.3703
    0.4668     11.3840
    0.4669     11.3977
    0.4670     11.4114
    0.4671     11.4251
    0.4672     11.4389
    0.4673     11.4526
    0.4674     11.4663
    0.4675     11.4800
    0.4677     11.5057
    0.4678     11.5185
    0.4679     11.5314
    0.4680     11.5442
    0.4681     11.5570
    0.4682     11.5699
    0.4683     11.5827
    0.4684     11.5956
    0.4685     11.6084
    0.4686     11.6212
    0.4687     11.6341
    0.4688     11.6469
    0.4689     11.6598
    0.4690     11.6726
    0.4691     11.6855
    0.4692     11.6983
    0.4693     11.7111
    0.4694     11.7240
    0.4695     11.7368
    0.4696     11.7497
    0.4697     11.7625
    0.4698     11.7753
    0.4699     11.7882
    0.4700     11.8010
    0.4701     11.8139
    0.4702     11.8267
    0.4703     11.8395
    0.4704     11.8524
    0.4705     11.8652
    0.4706     11.8781
    0.4707     11.8909
    0.4708     11.9037
    0.4709     11.9166
    0.4710     11.9294
    0.4711     11.9423
    0.4712     11.9551
    0.4713     11.9680
    0.4714     11.9808
    0.4715     11.9936
    0.4716     12.0065
    0.4717     12.0193
    0.4718     12.0322
    0.4719     12.0450
    0.4720     12.0578
    0.4721     12.0707
    0.4722     12.0835
    0.4723     12.0964
    0.4724     12.1092
    0.4725     12.1220
    0.4726     12.1349
    0.4727     12.1477
    0.4728     12.1606
    0.4729     12.1734
    0.4730     12.1862
    0.4731     12.1991
    0.4732     12.2119
    0.4733     12.2248
    0.4734     12.2376
    0.4735     12.2505
    0.4736     12.2633
    0.4737     12.2761
    0.4738     12.2890
    0.4739     12.3018
    0.4740     12.3147
    0.4741     12.3275
    0.4742     12.3403
    0.4743     12.3532
    0.4744     12.3660
    0.4745     12.3789
    0.4746     12.3917
    0.4747     12.4045
    0.4748     12.4174
    0.4749     12.4302
    0.4750     12.4431
    0.4751     12.4559
    0.4752     12.4687
    0.4753     12.4816
    0.4754     12.4944
    0.4755     12.5073
    0.4756     12.5201
    0.4757     12.5330
    0.4758     12.5458
    0.4759     12.5586
    0.4760     12.5715
    0.4761     12.5843
    0.4762     12.5972
    0.4763     12.6100
    0.4765     12.6366
    0.4766     12.6499
    0.4767     12.6631
    0.4768     12.6764
    0.4769     12.6897
    0.4770     12.7030
    0.4771     12.7163
    0.4772     12.7296
    0.4773     12.7429
    0.4774     12.7561
    0.4775     12.7694
    0.4776     12.7827
    0.4777     12.7960
    0.4778     12.8093
    0.4779     12.8226
    0.4780     12.8359
    0.4781     12.8491
    0.4782     12.8624
    0.4783     12.8757
    0.4784     12.8890
    0.4785     12.9023
    0.4786     12.9156
    0.4787     12.9289
    0.4788     12.9421
    0.4789     12.9554
    0.4790     12.9687
    0.4791     12.9820
    0.4792     12.9953
    0.4793     13.0086
    0.4794     13.0219
    0.4795     13.0351
    0.4796     13.0484
    0.4797     13.0617
    0.4798     13.0750
    0.4799     13.0883
    0.4800     13.1016
    0.4801     13.1149
    0.4802     13.1281
    0.4803     13.1414
    0.4804     13.1547
    0.4805     13.1680
    0.4806     13.1813
    0.4807     13.1946
    0.4808     13.2079
    0.4809     13.2211
    0.4810     13.2344
    0.4811     13.2477
    0.4812     13.2610
    0.4813     13.2743
    0.4814     13.2876
    0.4815     13.3009
    0.4816     13.3141
    0.4817     13.3274
    0.4818     13.3407
    0.4819     13.3540
    0.4820     13.3673
    0.4821     13.3806
    0.4822     13.3939
    0.4823     13.4071
    0.4824     13.4204
    0.4825     13.4337
    0.4826     13.4470
    0.4827     13.4603
    0.4828     13.4736
    0.4829     13.4869
    0.4830     13.5001
    0.4831     13.5134
    0.4832     13.5267
    0.4833     13.5400
    0.4835     13.5657
    0.4836     13.5785
    0.4837     13.5914
    0.4838     13.6042
    0.4839     13.6170
    0.4840     13.6299
    0.4841     13.6427
    0.4842     13.6556
    0.4843     13.6684
    0.4844     13.6812
    0.4845     13.6941
    0.4846     13.7069
    0.4847     13.7198
    0.4848     13.7326
    0.4849     13.7455
    0.4850     13.7583
    0.4851     13.7711
    0.4852     13.7840
    0.4853     13.7968
    0.4854     13.8097
    0.4855     13.8225
    0.4856     13.8353
    0.4857     13.8482
    0.4858     13.8610
    0.4859     13.8739
    0.4860     13.8867
    0.4861     13.8995
    0.4862     13.9124
    0.4863     13.9252
    0.4864     13.9381
    0.4865     13.9509
    0.4866     13.9637
    0.4867     13.9766
    0.4868     13.9894
    0.4869     14.0023
    0.4870     14.0151
    0.4871     14.0280
    0.4872     14.0408
    0.4873     14.0536
    0.4874     14.0665
    0.4875     14.0793
    0.4876     14.0922
    0.4877     14.1050
    0.4878     14.1178
    0.4879     14.1307
    0.4880     14.1435
    0.4881     14.1564
    0.4882     14.1692
    0.4883     14.1820
    0.4884     14.1949
    0.4885     14.2077
    0.4886     14.2206
    0.4887     14.2334
    0.4888     14.2462
    0.4889     14.2591
    0.4890     14.2719
    0.4891     14.2848
    0.4892     14.2976
    0.4893     14.3105
    0.4894     14.3233
    0.4895     14.3361
    0.4896     14.3490
    0.4897     14.3618
    0.4898     14.3747
    0.4899     14.3875
    0.4900     14.4003
    0.4901     14.4132
    0.4902     14.4260
    0.4903     14.4389
    0.4904     14.4517
    0.4905     14.4645
    0.4906     14.4774
    0.4907     14.4902
    0.4908     14.5031
    0.4909     14.5159
    0.4910     14.5287
    0.4911     14.5416
    0.4912     14.5544
    0.4913     14.5673
    0.4914     14.5801
    0.4915     14.5930
    0.4916     14.6058
    0.4917     14.6186
    0.4918     14.6315
    0.4919     14.6443
    0.4920     14.6572
    0.4921     14.6700
    0.4923     14.7056
    0.4924     14.7234
    0.4925     14.7413
    0.4926     14.7591
    0.4927     14.7769
    0.4928     14.7947
    0.4929     14.8125
    0.4930     14.8303
    0.4931     14.8482
    0.4932     14.8660
    0.4933     14.8838
    0.4934     14.9016
    0.4935     14.9194
    0.4936     14.9372
    0.4937     14.9551
    0.4938     14.9729
    0.4939     14.9907
    0.4940     15.0085
    0.4941     15.0263
    0.4942     15.0441
    0.4943     15.0620
    0.4944     15.0798
    0.4945     15.0976
    0.4946     15.1154
    0.4947     15.1332
    0.4948     15.1510
    0.4949     15.1688
    0.4950     15.1867
    0.4951     15.2045
    0.4952     15.2223
    0.4953     15.2401
    0.4954     15.2579
    0.4955     15.2757
    0.4956     15.2936
    0.4957     15.3114
    0.4958     15.3292
    0.4959     15.3470
    0.4960     15.3648
    0.4961     15.3826
    0.4962     15.4005
    0.4963     15.4183
    0.4964     15.4361
    0.4965     15.4539
    0.4966     15.4717
    0.4967     15.4895
    0.4968     15.5074
    0.4969     15.5252
    0.4970     15.5430
    0.4971     15.5608
    0.4972     15.5786
    0.4973     15.5964
    0.4974     15.6143
    0.4975     15.6321
    0.4976     15.6499
    0.4977     15.6677
    0.4978     15.6855
    0.4979     15.7033
    0.4980     15.7211
    0.4981     15.7390
    0.4982     15.7568
    0.4983     15.7746
    0.4984     15.7924
    0.4985     15.8102
    0.4986     15.8280
    0.4987     15.8459
    0.4988     15.8637
    0.4989     15.8815
    0.4990     15.8993
    0.4991     15.9171
    0.4992     15.9349
    0.4993     15.9528
    0.4994     15.9706
    0.4995     15.9884
    0.4996     16.0062
    0.4997     16.0240
    0.4998     16.0418
    0.4999     16.0597
    0.5000     16.0775
    0.5001     16.0953
    0.5002     16.1131
    0.5003     16.1309
    0.5004     16.1487
    0.5005     16.1666
    0.5006     16.1844
    0.5007     16.2022
    0.5008     16.2200
    0.5010     16.2527
    0.5011     16.2691
    0.5012     16.2855
    0.5013     16.3018
    0.5014     16.3182
    0.5015     16.3345
    0.5016     16.3509
    0.5017     16.3673
    0.5018     16.3836
    0.5019     16.4000
    0.5020     16.4164
    0.5021     16.4327
    0.5022     16.4491
    0.5023     16.4655
    0.5024     16.4818
    0.5025     16.4982
    0.5026     16.5145
    0.5027     16.5309
    0.5028     16.5473
    0.5029     16.5636
    0.5030     16.5800
    0.5031     16.5964
    0.5032     16.6127
    0.5033     16.6291
    0.5034     16.6455
    0.5035     16.6618
    0.5036     16.6782
    0.5037     16.6945
    0.5038     16.7109
    0.5039     16.7273
    0.5040     16.7436
    0.5041     16.7600
    0.5042     16.7764
    0.5043     16.7927
    0.5044     16.8091
    0.5045     16.8255
    0.5046     16.8418
    0.5047     16.8582
    0.5048     16.8745
    0.5049     16.8909
    0.5050     16.9073
    0.5051     16.9236
    0.5052     16.9400
    0.5053     16.9564
    0.5054     16.9727
    0.5055     16.9891
    0.5056     17.0055
    0.5057     17.0218
    0.5058     17.0382
    0.5059     17.0545
    0.5060     17.0709
    0.5061     17.0873
    0.5062     17.1036
    0.5063     17.1200
    0.5064     17.1364
    0.5065     17.1527
    0.5066     17.1691
    0.5067     17.1855
    0.5068     17.2018
    0.5069     17.2182
    0.5070     17.2345
    0.5071     17.2509
    0.5072     17.2673
    0.5073     17.2836
    0.5074     17.3000
    0.5075     17.3164
    0.5076     17.3327
    0.5077     17.3491
    0.5078     17.3655
    0.5079     17.3818
    0.5080     17.3982
    0.5081     17.4145
    0.5082     17.4309
    0.5083     17.4473
    0.5084     17.4636
    0.5085     17.4800
    0.5086     17.4964
    0.5087     17.5127
    0.5088     17.5291
    0.5089     17.5455
    0.5090     17.5618
    0.5091     17.5782
    0.5092     17.5945
    0.5093     17.6109
    0.5094     17.6273
    0.5095     17.6436
    0.5096     17.6600
    0.5098     17.6992
    0.5099     17.7189
    0.5100     17.7385
    0.5101     17.7581
    0.5102     17.7777
    0.5103     17.7973
    0.5104     17.8170
    0.5105     17.8366
    0.5106     17.8562
    0.5107     17.8758
    0.5108     17.8954
    0.5109     17.9151
    0.5110     17.9347
    0.5111     17.9543
    0.5112     17.9739
    0.5113     17.9935
    0.5114     18.0132
    0.5115     18.0328
    0.5116     18.0524
    0.5117     18.0720
    0.5118     18.0916
    0.5119     18.1113
    0.5120     18.1309
    0.5121     18.1505
    0.5122     18.1701
    0.5123     18.1897
    0.5124     18.2094
    0.5125     18.2290
    0.5126     18.2486
    0.5127     18.2682
    0.5128     18.2878
    0.5129     18.3075
    0.5130     18.3271
    0.5131     18.3467
    0.5132     18.3663
    0.5133     18.3859
    0.5134     18.4056
    0.5135     18.4252
    0.5136     18.4448
    0.5137     18.4644
    0.5138     18.4840
    0.5139     18.5037
    0.5140     18.5233
    0.5141     18.5429
    0.5142     18.5625
    0.5143     18.5822
    0.5144     18.6018
    0.5145     18.6214
    0.5146     18.6410
    0.5147     18.6606
    0.5148     18.6803
    0.5149     18.6999
    0.5150     18.7195
    0.5151     18.7391
    0.5152     18.7587
    0.5153     18.7784
    0.5154     18.7980
    0.5155     18.8176
    0.5156     18.8372
    0.5157     18.8568
    0.5158     18.8765
    0.5159     18.8961
    0.5160     18.9157
    0.5161     18.9353
    0.5162     18.9549
    0.5163     18.9746
    0.5164     18.9942
    0.5165     19.0138
    0.5166     19.0334
    0.5167     19.0530
    0.5168     19.0727
    0.5169     19.0923
    0.5170     19.1119
    0.5171     19.1315
    0.5172     19.1511
    0.5173     19.1708
    0.5174     19.1904
    0.5175     19.2100
    0.5177     19.2470
    0.5178     19.2656
    0.5179     19.2841
    0.5180     19.3026
    0.5181     19.3211
    0.5182     19.3397
    0.5183     19.3582
    0.5184     19.3767
    0.5185     19.3952
    0.5186     19.4138
    0.5187     19.4323
    0.5188     19.4508
    0.5189     19.4693
    0.5190     19.4879
    0.5191     19.5064
    0.5192     19.5249
    0.5193     19.5434
    0.5194     19.5620
    0.5195     19.5805
    0.5196     19.5990
    0.5197     19.6175
    0.5198     19.6361
    0.5199     19.6546
    0.5200     19.6731
    0.5201     19.6916
    0.5202     19.7102
    0.5203     19.7287
    0.5204     19.7472
    0.5205     19.7657
    0.5206     19.7843
    0.5207     19.8028
    0.5208     19.8213
    0.5209     19.8398
    0.5210     19.8584
    0.5211     19.8769
    0.5212     19.8954
    0.5213     19.9139
    0.5214     19.9325
    0.5215     19.9510
    0.5216     19.9695
    0.5217     19.9880
    0.5218     20.0066
    0.5219     20.0251
    0.5220     20.0436
    0.5221     20.0621
    0.5222     20.0807
    0.5223     20.0992
    0.5224     20.1177
    0.5225     20.1362
    0.5226     20.1548
    0.5227     20.1733
    0.5228     20.1918
    0.5229     20.2103
    0.5230     20.2289
    0.5231     20.2474
    0.5232     20.2659
    0.5233     20.2844
    0.5234     20.3029
    0.5235     20.3215
    0.5236     20.3400
    0.5238     20.3900
    0.5239     20.4150
    0.5240     20.4400
    0.5241     20.4650
    0.5242     20.4900
    0.5243     20.5150
    0.5244     20.5400
    0.5245     20.5650
    0.5246     20.5900
    0.5247     20.6150
    0.5248     20.6400
    0.5249     20.6650
    0.5250     20.6900
    0.5251     20.7150
    0.5252     20.7400
    0.5253     20.7650
    0.5254     20.7900
    0.5255     20.8150
    0.5256     20.8400
    0.5257     20.8650
    0.5258     20.8900
    0.5259     20.9150
    0.5260     20.9400
    0.5261     20.9650
    0.5262     20.9900
    0.5263     21.0150
    0.5264     21.0400
    0.5265     21.0650
    0.5266     21.0900
    0.5267     21.1150
    0.5268     21.1400
    0.5269     21.1650
    0.5270     21.1900
    0.5271     21.2150
    0.5272     21.2400
    0.5273     21.2650
    0.5274     21.2900
    0.5275     21.3150
    0.5276     21.3400
    0.5277     21.3650
    0.5278     21.3900
    0.5279     21.4150
    0.5280     21.4400
    0.5281     21.4650
    0.5282     21.4900
    0.5283     21.5150
    0.5284     21.5400
    0.5285     21.5650
    0.5286     21.5900
    0.5287     21.6150
    0.5288     21.6400
    0.5289     21.6650
    0.5290     21.6900
    0.5291     21.7150
    0.5292     21.7400
    0.5293     21.7650
    0.5294     21.7900
    0.5295     21.8150
    0.5296     21.8400
    0.5297     21.8650
    0.5298     21.8900
    0.5300     21.9415
    0.5301     21.9673
    0.5302     21.9931
    0.5303     22.0188
    0.5304     22.0446
    0.5305     22.0704
    0.5306     22.0962
    0.5307     22.1219
    0.5308     22.1477
    0.5309     22.1735
    0.5310     22.1992
    0.5311     22.2250
    0.5312     22.2508
    0.5313     22.2765
    0.5314     22.3023
    0.5315     22.3281
    0.5316     22.3538
    0.5317     22.3796
    0.5318     22.4054
    0.5319     22.4312
    0.5320     22.4569
    0.5321     22.4827
    0.5322     22.5085
    0.5323     22.5342
    0.5324     22.5600
    0.5325     22.5858
    0.5326     22.6115
    0.5327     22.6373
    0.5328     22.6631
    0.5329     22.6888
    0.5330     22.7146
    0.5331     22.7404
    0.5332     22.7662
    0.5333     22.7919
    0.5334     22.8177
    0.5335     22.8435
    0.5336     22.8692
    0.5337     22.8950
    0.5338     22.9208
    0.5339     22.9465
    0.5340     22.9723
    0.5341     22.9981
    0.5342     23.0238
    0.5343     23.0496
    0.5344     23.0754
    0.5345     23.1012
    0.5346     23.1269
    0.5347     23.1527
    0.5348     23.1785
    0.5349     23.2042
    0.5350     23.2300
    0.5352     23.2897
    0.5353     23.3195
    0.5354     23.3494
    0.5355     23.3792
    0.5356     23.4090
    0.5357     23.4389
    0.5358     23.4687
    0.5359     23.4985
    0.5360     23.5284
    0.5361     23.5582
    0.5362     23.5881
    0.5363     23.6179
    0.5364     23.6477
    0.5365     23.6776
    0.5366     23.7074
    0.5367     23.7373
    0.5368     23.7671
    0.5369     23.7969
    0.5370     23.8268
    0.5371     23.8566
    0.5372     23.8864
    0.5373     23.9163
    0.5374     23.9461
    0.5375     23.9760
    0.5376     24.0058
    0.5377     24.0356
    0.5378     24.0655
    0.5379     24.0953
    0.5380     24.1252
    0.5381     24.1550
    0.5382     24.1848
    0.5383     24.2147
    0.5384     24.2445
    0.5385     24.2744
    0.5386     24.3042
    0.5387     24.3340
    0.5388     24.3639
    0.5389     24.3937
    0.5390     24.4235
    0.5391     24.4534
    0.5392     24.4832
    0.5393     24.5131
    0.5394     24.5429
    0.5395     24.5727
    0.5396     24.6026
    0.5397     24.6324
    0.5398     24.6623
    0.5399     24.6921
    0.5400     24.7219
    0.5401     24.7518
    0.5402     24.7816
    0.5403     24.8114
    0.5404     24.8413
    0.5405     24.8711
    0.5406     24.9010
    0.5407     24.9308
    0.5408     24.9606
    0.5409     24.9905
    0.5410     25.0203
    0.5411     25.0502
    0.5412     25.0800
    0.5414     25.1754
    0.5415     25.2231
    0.5416     25.2708
    0.5417     25.3185
    0.5418     25.3662
    0.5419     25.4138
    0.5420     25.4615
    0.5421     25.5092
    0.5422     25.5569
    0.5423     25.6046
    0.5424     25.6523
    0.5425     25.7000
    0.5426     25.7477
    0.5427     25.7954
    0.5428     25.8431
    0.5429     25.8908
    0.5430     25.9385
    0.5431     25.9862
    0.5432     26.0338
    0.5433     26.0815
    0.5434     26.1292
    0.5435     26.1769
    0.5436     26.2246
    0.5437     26.2723
    0.5438     26.3200
    0.5440     26.4546
    0.5441     26.5219
    0.5442     26.5892
    0.5443     26.6565
    0.5444     26.7238
    0.5445     26.7911
    0.5446     26.8585
    0.5447     26.9258
    0.5448     26.9931
    0.5449     27.0604
    0.5450     27.1277
    0.5451     27.1950
    0.5452     27.2623
    0.5453     27.3296
    0.5454     27.3969
    0.5455     27.4642
    0.5456     27.5315
    0.5457     27.5988
    0.5458     27.6661
    0.5459     27.7335
    0.5460     27.8008
    0.5461     27.8681
    0.5462     27.9354
    0.5463     28.0027
    0.5464     28.0700
    0.5466     28.1922
    0.5467     28.2533
    0.5468     28.3144
    0.5469     28.3756
    0.5470     28.4367
    0.5471     28.4978
    0.5472     28.5589
    0.5473     28.6200
    0.5474     28.6811
    0.5475     28.7422
    0.5476     28.8033
    0.5477     28.8644
    0.5478     28.9256
    0.5479     28.9867
    0.5480     29.0478
    0.5481     29.1089
    0.5482     29.1700
    0.5483     29.2311
    0.5484     29.2922
    0.5485     29.3533
    0.5486     29.4144
    0.5487     29.4756
    0.5488     29.5367
    0.5489     29.5978
    0.5490     29.6589
    0.5491     29.7200
    0.5493     29.9711
    0.5494     30.0967
    0.5495     30.2222
    0.5496     30.3478
    0.5497     30.4733
    0.5498     30.5989
    0.5499     30.7244
    0.5500     30.8500
    0.5502     31.2875
    0.5503     31.5062
    0.5504     31.7250
    0.5505     31.9437
    0.5506     32.1625
    0.5507     32.3812
    0.5508     32.6000
    0.5510     33.0800
    0.5511     33.3200
    0.5512     33.5600
    0.5513     33.8000
    0.5514     34.0400
    0.5515     34.2800
    0.5516     34.5200
    0.5517     34.7600
    0.5517     34.7600
    0.5516     34.9089
    0.5515     35.0578
    0.5514     35.2067
    0.5513     35.3556
    0.5512     35.5045
    0.5511     35.6533
    0.5510     35.8022
    0.5509     35.9511
    0.5507     36.3063
    0.5506     36.5125
    0.5505     36.7188
    0.5504     36.9250
    0.5503     37.1313
    0.5502     37.3375
    0.5501     37.5438
    0.5499     37.9222
    0.5498     38.0945
    0.5497     38.2667
    0.5496     38.4389
    0.5495     38.6111
    0.5494     38.7833
    0.5493     38.9556
    0.5492     39.1278
    0.5490     39.4256
    0.5489     39.5511
    0.5488     39.6767
    0.5487     39.8022
    0.5486     39.9278
    0.5485     40.0533
    0.5484     40.1789
    0.5483     40.3045
    0.5481     40.5015
    0.5480     40.5731
    0.5479     40.6446
    0.5478     40.7162
    0.5477     40.7877
    0.5476     40.8592
    0.5475     40.9308
    0.5474     41.0023
    0.5473     41.0739
    0.5472     41.1454
    0.5471     41.2169
    0.5470     41.2885
    0.5469     41.3600
    0.5468     41.4315
    0.5467     41.5031
    0.5466     41.5746
    0.5465     41.6462
    0.5464     41.7177
    0.5463     41.7892
    0.5462     41.8608
    0.5461     41.9323
    0.5460     42.0039
    0.5459     42.0754
    0.5458     42.1469
    0.5457     42.2185
    0.5456     42.2900
    0.5455     42.3615
    0.5454     42.4331
    0.5453     42.5046
    0.5452     42.5762
    0.5451     42.6477
    0.5450     42.7192
    0.5449     42.7908
    0.5448     42.8623
    0.5447     42.9339
    0.5446     43.0054
    0.5445     43.0769
    0.5444     43.1485
    0.5443     43.2200
    0.5442     43.2915
    0.5441     43.3631
    0.5440     43.4346
    0.5439     43.5062
    0.5438     43.5777
    0.5437     43.6492
    0.5436     43.7208
    0.5435     43.7923
    0.5434     43.8639
    0.5433     43.9354
    0.5432     44.0069
    0.5431     44.0785
    0.5430     44.1500
    0.5429     44.2215
    0.5428     44.2931
    0.5427     44.3646
    0.5426     44.4362
    0.5425     44.5077
    0.5424     44.5792
    0.5423     44.6508
    0.5422     44.7223
    0.5421     44.7939
    0.5420     44.8654
    0.5419     44.9369
    0.5418     45.0085
    0.5417     45.0800
    0.5416     45.1515
    0.5415     45.2231
    0.5414     45.2946
    0.5413     45.3662
    0.5412     45.4377
    0.5411     45.5092
    0.5410     45.5808
    0.5409     45.6523
    0.5408     45.7239
    0.5407     45.7954
    0.5406     45.8669
    0.5405     45.9385
    0.5404     46.0100
    0.5403     46.0815
    0.5402     46.1531
    0.5401     46.2246
    0.5400     46.2962
    0.5399     46.3677
    0.5398     46.4392
    0.5397     46.5108
    0.5396     46.5823
    0.5395     46.6539
    0.5394     46.7254
    0.5393     46.7969
    0.5392     46.8685
    0.5391     46.9400
    0.5390     47.0115
    0.5389     47.0831
    0.5388     47.1546
    0.5387     47.2262
    0.5386     47.2977
    0.5385     47.3692
    0.5384     47.4408
    0.5383     47.5123
    0.5382     47.5839
    0.5381     47.6554
    0.5380     47.7269
    0.5379     47.7985
    0.5378     47.8700
    0.5377     47.9415
    0.5376     48.0131
    0.5375     48.0846
    0.5374     48.1562
    0.5373     48.2277
    0.5372     48.2992
    0.5371     48.3708
    0.5370     48.4423
    0.5369     48.5139
    0.5368     48.5854
    0.5367     48.6569
    0.5366     48.7285
    0.5365     48.8000
    0.5364     48.8715
    0.5363     48.9431
    0.5362     49.0146
    0.5361     49.0862
    0.5360     49.1577
    0.5359     49.2292
    0.5358     49.3008
    0.5357     49.3723
    0.5356     49.4439
    0.5355     49.5154
    0.5354     49.5869
    0.5353     49.6585
    0.5352     49.7300
    0.5351     49.8015
    0.5350     49.8731
    0.5349     49.9446
    0.5348     50.0162
    0.5347     50.0877
    0.5346     50.1592
    0.5345     50.2308
    0.5344     50.3023
    0.5343     50.3739
    0.5342     50.4454
    0.5341     50.5169
    0.5340     50.5885
    0.5339     50.6600
    0.5338     50.7315
    0.5337     50.8031
    0.5336     50.8746
    0.5335     50.9462
    0.5334     51.0177
    0.5333     51.0892
    0.5332     51.1608
    0.5331     51.2323
    0.5330     51.3039
    0.5329     51.3754
    0.5328     51.4469
    0.5327     51.5185
    0.5326     51.5900
    0.5325     51.6615
    0.5324     51.7331
    0.5323     51.8046
    0.5322     51.8762
    0.5321     51.9477
    0.5320     52.0192
    0.5319     52.0908
    0.5318     52.1623
    0.5317     52.2339
    0.5316     52.3054
    0.5315     52.3769
    0.5314     52.4485
    0.5313     52.5200
    0.5312     52.5915
    0.5311     52.6631
    0.5310     52.7346
    0.5309     52.8062
    0.5308     52.8777
    0.5307     52.9492
    0.5306     53.0208
    0.5305     53.0923
    0.5304     53.1639
    0.5303     53.2354
    0.5302     53.3069
    0.5301     53.3785
    0.5300     53.4500
    0.5299     53.5215
    0.5298     53.5931
    0.5297     53.6646
    0.5296     53.7362
    0.5295     53.8077
    0.5294     53.8792
    0.5293     53.9508
    0.5292     54.0223
    0.5291     54.0939
    0.5290     54.1654
    0.5289     54.2369
    0.5288     54.3085
    0.5287     54.3800
    0.5286     54.4515
    0.5285     54.5231
    0.5284     54.5946
    0.5283     54.6662
    0.5282     54.7377
    0.5281     54.8092
    0.5280     54.8808
    0.5279     54.9523
    0.5278     55.0239
    0.5277     55.0954
    0.5276     55.1669
    0.5275     55.2385
    0.5274     55.3100
    0.5273     55.3815
    0.5272     55.4531
    0.5271     55.5246
    0.5270     55.5962
    0.5269     55.6677
    0.5268     55.7392
    0.5267     55.8108
    0.5266     55.8823
    0.5265     55.9539
    0.5264     56.0254
    0.5263     56.0969
    0.5262     56.1685
    0.5261     56.2400
    0.5260     56.3115
    0.5259     56.3831
    0.5258     56.4546
    0.5257     56.5262
    0.5256     56.5977
    0.5255     56.6692
    0.5254     56.7408
    0.5253     56.8123
    0.5252     56.8839
    0.5251     56.9554
    0.5250     57.0269
    0.5249     57.0985
    0.5248     57.1700
    0.5247     57.2415
    0.5246     57.3131
    0.5245     57.3846
    0.5244     57.4562
    0.5243     57.5277
    0.5242     57.5992
    0.5241     57.6708
    0.5240     57.7423
    0.5239     57.8139
    0.5238     57.8854
    0.5237     57.9569
    0.5236     58.0285
    0.5235     58.1000
    0.5234     58.1715
    0.5233     58.2431
    0.5232     58.3146
    0.5231     58.3862
    0.5230     58.4577
    0.5229     58.5292
    0.5228     58.6008
    0.5227     58.6723
    0.5226     58.7439
    0.5225     58.8154
    0.5224     58.8869
    0.5223     58.9585
    0.5222     59.0300
    0.5221     59.1015
    0.5220     59.1731
    0.5219     59.2446
    0.5218     59.3162
    0.5217     59.3877
    0.5216     59.4592
    0.5215     59.5308
    0.5214     59.6023
    0.5213     59.6739
    0.5212     59.7454
    0.5211     59.8169
    0.5210     59.8885
    0.5209     59.9600
    0.5208     60.0315
    0.5207     60.1031
    0.5206     60.1746
    0.5205     60.2462
    0.5204     60.3177
    0.5203     60.3892
    0.5202     60.4608
    0.5201     60.5323
    0.5200     60.6039
    0.5199     60.6754
    0.5198     60.7469
    0.5197     60.8185
    0.5196     60.8900
    0.5195     60.9615
    0.5194     61.0331
    0.5193     61.1046
    0.5192     61.1762
    0.5191     61.2477
    0.5190     61.3192
    0.5189     61.3908
    0.5188     61.4623
    0.5187     61.5339
    0.5186     61.6054
    0.5185     61.6769
    0.5184     61.7485
    0.5183     61.8200
    0.5182     61.8915
    0.5181     61.9631
    0.5180     62.0346
    0.5179     62.1062
    0.5178     62.1777
    0.5177     62.2492
    0.5176     62.3208
    0.5175     62.3923
    0.5174     62.4639
    0.5173     62.5354
    0.5172     62.6069
    0.5171     62.6785
    0.5170     62.7500
    0.5169     62.8215
    0.5168     62.8931
    0.5167     62.9646
    0.5166     63.0362
    0.5165     63.1077
    0.5164     63.1792
    0.5163     63.2508
    0.5162     63.3223
    0.5161     63.3939
    0.5160     63.4654
    0.5159     63.5369
    0.5158     63.6085
    0.5157     63.6800
    0.5156     63.7515
    0.5155     63.8231
    0.5154     63.8946
    0.5153     63.9662
    0.5152     64.0377
    0.5151     64.1092
    0.5150     64.1808
    0.5149     64.2523
    0.5148     64.3239
    0.5147     64.3954
    0.5146     64.4669
    0.5145     64.5385
    0.5144     64.6100
    0.5143     64.6815
    0.5142     64.7531
    0.5141     64.8246
    0.5140     64.8962
    0.5139     64.9677
    0.5138     65.0392
    0.5137     65.1108
    0.5136     65.1823
    0.5135     65.2539
    0.5134     65.3254
    0.5133     65.3969
    0.5132     65.4685
    0.5131     65.5400
    0.5130     65.6115
    0.5129     65.6831
    0.5128     65.7546
    0.5127     65.8262
    0.5126     65.8977
    0.5125     65.9692
    0.5124     66.0408
    0.5123     66.1123
    0.5122     66.1839
    0.5121     66.2554
    0.5120     66.3269
    0.5119     66.3985
    0.5118     66.4700
    0.5117     66.5415
    0.5116     66.6131
    0.5115     66.6846
    0.5114     66.7562
    0.5113     66.8277
    0.5112     66.8992
    0.5111     66.9708
    0.5110     67.0423
    0.5109     67.1139
    0.5108     67.1854
    0.5107     67.2569
    0.5106     67.3285
    0.5105     67.4000
    0.5104     67.4715
    0.5103     67.5431
    0.5102     67.6146
    0.5101     67.6862
    0.5100     67.7577
    0.5099     67.8292
    0.5098     67.9008
    0.5097     67.9723
    0.5096     68.0439
    0.5095     68.1154
    0.5094     68.1869
    0.5093     68.2585
    0.5092     68.3300
    0.5091     68.4015
    0.5090     68.4731
    0.5089     68.5446
    0.5088     68.6162
    0.5087     68.6877
    0.5086     68.7592
    0.5085     68.8308
    0.5084     68.9023
    0.5083     68.9739
    0.5082     69.0454
    0.5081     69.1169
    0.5080     69.1885
    0.5079     69.2600
    0.5078     69.3315
    0.5077     69.4031
    0.5076     69.4746
    0.5075     69.5462
    0.5074     69.6177
    0.5073     69.6892
    0.5072     69.7608
    0.5071     69.8323
    0.5070     69.9039
    0.5069     69.9754
    0.5068     70.0469
    0.5067     70.1185
    0.5066     70.1900
    0.5065     70.2615
    0.5064     70.3331
    0.5063     70.4046
    0.5062     70.4762
    0.5061     70.5477
    0.5060     70.6192
    0.5059     70.6908
    0.5058     70.7623
    0.5057     70.8339
    0.5056     70.9054
    0.5055     70.9769
    0.5054     71.0485
    0.5053     71.1200
    0.5052     71.1915
    0.5051     71.2631
    0.5050     71.3346
    0.5049     71.4062
    0.5048     71.4777
    0.5047     71.5492
    0.5046     71.6208
    0.5045     71.6923
    0.5044     71.7639
    0.5043     71.8354
    0.5042     71.9069
    0.5041     71.9785
    0.5040     72.0500
    0.5039     72.1215
    0.5038     72.1931
    0.5037     72.2646
    0.5036     72.3362
    0.5035     72.4077
    0.5034     72.4792
    0.5033     72.5508
    0.5032     72.6223
    0.5031     72.6939
    0.5030     72.7654
    0.5029     72.8369
    0.5028     72.9085
    0.5027     72.9800
    0.5026     73.0515
    0.5025     73.1231
    0.5024     73.1946
    0.5023     73.2662
    0.5022     73.3377
    0.5021     73.4092
    0.5020     73.4808
    0.5019     73.5523
    0.5018     73.6239
    0.5017     73.6954
    0.5016     73.7669
    0.5015     73.8385
    0.5014     73.9100
    0.5013     73.9815
    0.5012     74.0531
    0.5011     74.1246
    0.5010     74.1962
    0.5009     74.2677
    0.5008     74.3392
    0.5007     74.4108
    0.5006     74.4823
    0.5005     74.5539
    0.5004     74.6254
    0.5003     74.6969
    0.5002     74.7685
    0.5001     74.8400
    0.5000     74.9115
    0.4999     74.9831
    0.4998     75.0546
    0.4997     75.1262
    0.4996     75.1977
    0.4995     75.2692
    0.4994     75.3408
    0.4993     75.4123
    0.4992     75.4839
    0.4991     75.5554
    0.4990     75.6269
    0.4989     75.6985
    0.4988     75.7700
    0.4987     75.8415
    0.4986     75.9131
    0.4985     75.9846
    0.4984     76.0562
    0.4983     76.1277
    0.4982     76.1992
    0.4981     76.2708
    0.4980     76.3423
    0.4979     76.4139
    0.4978     76.4854
    0.4977     76.5569
    0.4976     76.6285
    0.4975     76.7000
    0.4974     76.7715
    0.4973     76.8431
    0.4972     76.9146
    0.4971     76.9862
    0.4970     77.0577
    0.4969     77.1292
    0.4968     77.2008
    0.4967     77.2723
    0.4966     77.3439
    0.4965     77.4154
    0.4964     77.4869
    0.4963     77.5585
    0.4962     77.6300
    0.4961     77.7015
    0.4960     77.7731
    0.4959     77.8446
    0.4958     77.9162
    0.4957     77.9877
    0.4956     78.0592
    0.4955     78.1308
    0.4954     78.2023
    0.4953     78.2739
    0.4952     78.3454
    0.4951     78.4169
    0.4950     78.4885
    0.4949     78.5600
    0.4948     78.6315
    0.4947     78.7031
    0.4946     78.7746
    0.4945     78.8462
    0.4944     78.9177
    0.4943     78.9892
    0.4942     79.0608
    0.4941     79.1323
    0.4940     79.2039
    0.4939     79.2754
    0.4938     79.3469
    0.4937     79.4185
    0.4936     79.4900
    0.4935     79.5615
    0.4934     79.6331
    0.4933     79.7046
    0.4932     79.7762
    0.4931     79.8477
    0.4930     79.9192
    0.4929     79.9908
    0.4928     80.0623
    0.4927     80.1339
    0.4926     80.2054
    0.4925     80.2769
    0.4924     80.3485
    0.4923     80.4200
    0.4922     80.4915
    0.4921     80.5631
    0.4920     80.6346
    0.4919     80.7062
    0.4918     80.7777
    0.4917     80.8492
    0.4916     80.9208
    0.4915     80.9923
    0.4914     81.0639
    0.4913     81.1354
    0.4912     81.2069
    0.4911     81.2785
    0.4910     81.3500
    0.4909     81.4215
    0.4908     81.4931
    0.4907     81.5646
    0.4906     81.6362
    0.4905     81.7077
    0.4904     81.7792
    0.4903     81.8508
    0.4902     81.9223
    0.4901     81.9939
    0.4900     82.0654
    0.4899     82.1369
    0.4898     82.2085
    0.4897     82.2800
    0.4896     82.3515
    0.4895     82.4231
    0.4894     82.4946
    0.4893     82.5662
    0.4892     82.6377
    0.4891     82.7092
    0.4890     82.7808
    0.4889     82.8523
    0.4888     82.9239
    0.4887     82.9954
    0.4886     83.0669
    0.4885     83.1385
    0.4884     83.2100
    0.4883     83.2815
    0.4882     83.3531
    0.4881     83.4246
    0.4880     83.4962
    0.4879     83.5677
    0.4878     83.6392
    0.4877     83.7108
    0.4876     83.7823
    0.4875     83.8539
    0.4874     83.9254
    0.4873     83.9969
    0.4872     84.0685
    0.4871     84.1400
    0.4870     84.2115
    0.4869     84.2831
    0.4868     84.3546
    0.4867     84.4262
    0.4866     84.4977
    0.4865     84.5692
    0.4864     84.6408
    0.4863     84.7123
    0.4862     84.7839
    0.4861     84.8554
    0.4860     84.9269
    0.4859     84.9985
    0.4858     85.0700
