#     D        Lambda1     Mbol = -1.0
    0.3117     85.1260
    0.3118     84.9840
    0.3119     84.8420
    0.3120     84.7000
    0.3121     84.5580
    0.3122     84.4160
    0.3123     84.2740
    0.3124     84.1320
    0.3125     83.9900
    0.3126     83.8480
    0.3127     83.7060
    0.3128     83.5640
    0.3129     83.4220
    0.3130     83.2800
    0.3131     83.1380
    0.3132     82.9960
    0.3133     82.8540
    0.3134     82.7120
    0.3135     82.5700
    0.3136     82.4280
    0.3137     82.2860
    0.3138     82.1440
    0.3139     82.0020
    0.3140     81.8600
    0.3141     81.7180
    0.3142     81.5760
    0.3143     81.4340
    0.3144     81.2920
    0.3145     81.1500
    0.3146     81.0080
    0.3147     80.8660
    0.3148     80.7240
    0.3149     80.5820
    0.3150     80.4400
    0.3151     80.2980
    0.3152     80.1560
    0.3153     80.0140
    0.3154     79.8720
    0.3155     79.7300
    0.3156     79.5880
    0.3157     79.4460
    0.3158     79.3040
    0.3159     79.1620
    0.3160     79.0200
    0.3161     78.8780
    0.3162     78.7360
    0.3163     78.5940
    0.3164     78.4520
    0.3165     78.3100
    0.3166     78.1680
    0.3167     78.0260
    0.3168     77.8840
    0.3169     77.7420
    0.3170     77.6000
    0.3171     77.4580
    0.3172     77.3160
    0.3173     77.1740
    0.3174     77.0320
    0.3175     76.8900
    0.3176     76.7480
    0.3177     76.6060
    0.3178     76.4640
    0.3179     76.3220
    0.3180     76.1800
    0.3181     76.0380
    0.3182     75.8960
    0.3183     75.7540
    0.3184     75.6120
    0.3185     75.4700
    0.3186     75.3280
    0.3187     75.1860
    0.3188     75.0440
    0.3189     74.9020
    0.3190     74.7600
    0.3191     74.6180
    0.3192     74.4760
    0.3193     74.3340
    0.3194     74.1920
    0.3195     74.0500
    0.3196     73.9080
    0.3197     73.7660
    0.3198     73.6240
    0.3199     73.4820
    0.3200     73.3400
    0.3201     73.1980
    0.3202     73.0560
    0.3203     72.9140
    0.3204     72.7720
    0.3205     72.6300
    0.3206     72.4880
    0.3207     72.3460
    0.3208     72.2040
    0.3209     72.0620
    0.3210     71.9200
    0.3211     71.7780
    0.3212     71.6360
    0.3213     71.4940
    0.3214     71.3520
    0.3215     71.2100
    0.3216     71.0680
    0.3217     70.9260
    0.3218     70.7840
    0.3219     70.6420
    0.3220     70.5000
    0.3221     70.3580
    0.3222     70.2160
    0.3223     70.0740
    0.3224     69.9320
    0.3225     69.7900
    0.3226     69.6480
    0.3227     69.5060
    0.3228     69.3640
    0.3229     69.2220
    0.3230     69.0800
    0.3231     68.5800
    0.3231     68.0800
    0.3231     67.5800
    0.3231     67.0800
    0.3232     66.9420
    0.3233     66.8330
    0.3234     66.7240
    0.3235     66.6150
    0.3236     66.5060
    0.3237     66.3970
    0.3238     66.2880
    0.3239     66.1790
    0.3240     66.0700
    0.3240     66.0700
    0.3239     65.9150
    0.3238     65.7600
    0.3237     65.6050
    0.3236     65.4500
    0.3235     65.2950
    0.3235     65.0255
    0.3236     64.9109
    0.3237     64.7964
    0.3238     64.6818
    0.3239     64.5673
    0.3240     64.4527
    0.3241     64.3382
    0.3242     64.2236
    0.3243     64.1091
    0.3244     63.9945
    0.3245     63.8800
    0.3247     63.4200
    0.3248     63.1900
    0.3249     62.9600
    0.3250     62.7300
    0.3252     62.5518
    0.3253     62.4627
    0.3254     62.3736
    0.3255     62.2845
    0.3256     62.1955
    0.3257     62.1064
    0.3258     62.0173
    0.3259     61.9282
    0.3260     61.8391
    0.3261     61.7500
    0.3263     61.5788
    0.3264     61.4931
    0.3265     61.4075
    0.3266     61.3219
    0.3267     61.2363
    0.3268     61.1506
    0.3269     61.0650
    0.3270     60.9794
    0.3271     60.8938
    0.3272     60.8081
    0.3273     60.7225
    0.3274     60.6369
    0.3275     60.5513
    0.3276     60.4656
    0.3277     60.3800
    0.3279     60.2447
    0.3280     60.1771
    0.3281     60.1094
    0.3282     60.0418
    0.3283     59.9741
    0.3284     59.9065
    0.3285     59.8388
    0.3286     59.7712
    0.3287     59.7035
    0.3288     59.6359
    0.3289     59.5682
    0.3290     59.5006
    0.3291     59.4329
    0.3292     59.3653
    0.3293     59.2976
    0.3294     59.2300
    0.3296     59.1138
    0.3297     59.0556
    0.3298     58.9975
    0.3299     58.9394
    0.3300     58.8813
    0.3301     58.8231
    0.3302     58.7650
    0.3303     58.7069
    0.3304     58.6488
    0.3305     58.5906
    0.3306     58.5325
    0.3307     58.4744
    0.3308     58.4163
    0.3309     58.3581
    0.3310     58.3000
    0.3312     57.9720
    0.3313     57.8080
    0.3314     57.6440
    0.3315     57.4800
    0.3317     57.4136
    0.3318     57.3804
    0.3319     57.3471
    0.3320     57.3139
    0.3321     57.2807
    0.3322     57.2475
    0.3323     57.2143
    0.3324     57.1811
    0.3325     57.1479
    0.3326     57.1146
    0.3327     57.0814
    0.3328     57.0482
    0.3329     57.0150
    0.3330     56.9818
    0.3331     56.9486
    0.3332     56.9154
    0.3333     56.8821
    0.3334     56.8489
    0.3335     56.8157
    0.3336     56.7825
    0.3337     56.7493
    0.3338     56.7161
    0.3339     56.6829
    0.3340     56.6496
    0.3341     56.6164
    0.3342     56.5832
    0.3343     56.5500
    0.3345     56.4300
    0.3346     56.3700
    0.3347     56.3100
    0.3348     56.2500
    0.3349     56.1900
    0.3350     56.1300
    0.3351     56.0700
    0.3352     56.0100
    0.3353     55.9500
    0.3354     55.8900
    0.3356     55.8039
    0.3357     55.7609
    0.3358     55.7179
    0.3359     55.6748
    0.3360     55.6318
    0.3361     55.5888
    0.3362     55.5458
    0.3363     55.5027
    0.3364     55.4597
    0.3365     55.4167
    0.3366     55.3736
    0.3367     55.3306
    0.3368     55.2876
    0.3369     55.2445
    0.3370     55.2015
    0.3371     55.1585
    0.3372     55.1155
    0.3373     55.0724
    0.3374     55.0294
    0.3375     54.9864
    0.3376     54.9433
    0.3377     54.9003
    0.3378     54.8573
    0.3379     54.8142
    0.3380     54.7712
    0.3381     54.7282
    0.3382     54.6852
    0.3383     54.6421
    0.3384     54.5991
    0.3385     54.5561
    0.3386     54.5130
    0.3387     54.4700
    0.3389     54.4063
    0.3390     54.3745
    0.3391     54.3426
    0.3392     54.3108
    0.3393     54.2789
    0.3394     54.2471
    0.3395     54.2153
    0.3396     54.1834
    0.3397     54.1516
    0.3398     54.1197
    0.3399     54.0879
    0.3400     54.0561
    0.3401     54.0242
    0.3402     53.9924
    0.3403     53.9605
    0.3404     53.9287
    0.3405     53.8968
    0.3406     53.8650
    0.3407     53.8332
    0.3408     53.8013
    0.3409     53.7695
    0.3410     53.7376
    0.3411     53.7058
    0.3412     53.6739
    0.3413     53.6421
    0.3414     53.6103
    0.3415     53.5784
    0.3416     53.5466
    0.3417     53.5147
    0.3418     53.4829
    0.3419     53.4511
    0.3420     53.4192
    0.3421     53.3874
    0.3422     53.3555
    0.3423     53.3237
    0.3424     53.2918
    0.3425     53.2600
    0.3427     53.2097
    0.3428     53.1846
    0.3429     53.1595
    0.3430     53.1344
    0.3431     53.1092
    0.3432     53.0841
    0.3433     53.0590
    0.3434     53.0338
    0.3435     53.0087
    0.3436     52.9836
    0.3437     52.9585
    0.3438     52.9333
    0.3439     52.9082
    0.3440     52.8831
    0.3441     52.8579
    0.3442     52.8328
    0.3443     52.8077
    0.3444     52.7826
    0.3445     52.7574
    0.3446     52.7323
    0.3447     52.7072
    0.3448     52.6821
    0.3449     52.6569
    0.3450     52.6318
    0.3451     52.6067
    0.3452     52.5815
    0.3453     52.5564
    0.3454     52.5313
    0.3455     52.5062
    0.3456     52.4810
    0.3457     52.4559
    0.3458     52.4308
    0.3459     52.4056
    0.3460     52.3805
    0.3461     52.3554
    0.3462     52.3303
    0.3463     52.3051
    0.3464     52.2800
    0.3466     52.2333
    0.3467     52.2100
    0.3468     52.1867
    0.3469     52.1633
    0.3470     52.1400
    0.3471     52.1167
    0.3472     52.0933
    0.3473     52.0700
    0.3474     52.0467
    0.3475     52.0233
    0.3476     52.0000
    0.3477     51.9767
    0.3478     51.9533
    0.3479     51.9300
    0.3480     51.9067
    0.3481     51.8833
    0.3482     51.8600
    0.3483     51.8367
    0.3484     51.8133
    0.3485     51.7900
    0.3486     51.7667
    0.3487     51.7433
    0.3488     51.7200
    0.3489     51.6967
    0.3490     51.6733
    0.3491     51.6500
    0.3492     51.6267
    0.3493     51.6033
    0.3494     51.5800
    0.3495     51.5567
    0.3496     51.5333
    0.3497     51.5100
    0.3499     51.4687
    0.3500     51.4480
    0.3501     51.4273
    0.3502     51.4067
    0.3503     51.3860
    0.3504     51.3653
    0.3505     51.3447
    0.3506     51.3240
    0.3507     51.3033
    0.3508     51.2827
    0.3509     51.2620
    0.3510     51.2413
    0.3511     51.2207
    0.3512     51.2000
    0.3513     51.1793
    0.3514     51.1587
    0.3515     51.1380
    0.3516     51.1173
    0.3517     51.0967
    0.3518     51.0760
    0.3519     51.0553
    0.3520     51.0347
    0.3521     51.0140
    0.3522     50.9933
    0.3523     50.9727
    0.3524     50.9520
    0.3525     50.9313
    0.3526     50.9107
    0.3527     50.8900
    0.3528     50.8693
    0.3529     50.8487
    0.3530     50.8280
    0.3531     50.8073
    0.3532     50.7867
    0.3533     50.7660
    0.3534     50.7453
    0.3535     50.7247
    0.3536     50.7040
    0.3537     50.6833
    0.3538     50.6627
    0.3539     50.6420
    0.3540     50.6213
    0.3541     50.6007
    0.3542     50.5800
    0.3544     50.5450
    0.3545     50.5275
    0.3546     50.5100
    0.3547     50.4925
    0.3548     50.4750
    0.3549     50.4575
    0.3550     50.4400
    0.3551     50.4225
    0.3552     50.4050
    0.3553     50.3875
    0.3554     50.3700
    0.3555     50.3525
    0.3556     50.3350
    0.3557     50.3175
    0.3558     50.3000
    0.3559     50.2825
    0.3560     50.2650
    0.3561     50.2475
    0.3562     50.2300
    0.3563     50.2125
    0.3564     50.1950
    0.3565     50.1775
    0.3566     50.1600
    0.3567     50.1425
    0.3568     50.1250
    0.3569     50.1075
    0.3570     50.0900
    0.3571     50.0725
    0.3572     50.0550
    0.3573     50.0375
    0.3574     50.0200
    0.3575     50.0025
    0.3576     49.9850
    0.3577     49.9675
    0.3578     49.9500
    0.3579     49.9325
    0.3580     49.9150
    0.3581     49.8975
    0.3582     49.8800
    0.3583     49.8625
    0.3584     49.8450
    0.3585     49.8275
    0.3586     49.8100
    0.3588     49.7837
    0.3589     49.7706
    0.3590     49.7575
    0.3591     49.7443
    0.3592     49.7312
    0.3593     49.7181
    0.3594     49.7049
    0.3595     49.6918
    0.3596     49.6787
    0.3597     49.6655
    0.3598     49.6524
    0.3599     49.6393
    0.3600     49.6261
    0.3601     49.6130
    0.3602     49.5999
    0.3603     49.5867
    0.3604     49.5736
    0.3605     49.5604
    0.3606     49.5473
    0.3607     49.5342
    0.3608     49.5210
    0.3609     49.5079
    0.3610     49.4948
    0.3611     49.4816
    0.3612     49.4685
    0.3613     49.4554
    0.3614     49.4422
    0.3615     49.4291
    0.3616     49.4160
    0.3617     49.4028
    0.3618     49.3897
    0.3619     49.3766
    0.3620     49.3634
    0.3621     49.3503
    0.3622     49.3372
    0.3623     49.3240
    0.3624     49.3109
    0.3625     49.2978
    0.3626     49.2846
    0.3627     49.2715
    0.3628     49.2584
    0.3629     49.2452
    0.3630     49.2321
    0.3631     49.2190
    0.3632     49.2058
    0.3633     49.1927
    0.3634     49.1796
    0.3635     49.1664
    0.3636     49.1533
    0.3637     49.1401
    0.3638     49.1270
    0.3639     49.1139
    0.3640     49.1007
    0.3641     49.0876
    0.3642     49.0745
    0.3643     49.0613
    0.3644     49.0482
    0.3645     49.0351
    0.3646     49.0219
    0.3647     49.0088
    0.3648     48.9957
    0.3649     48.9825
    0.3650     48.9694
    0.3651     48.9563
    0.3652     48.9431
    0.3653     48.9300
    0.3655     48.9082
    0.3656     48.8973
    0.3657     48.8864
    0.3658     48.8755
    0.3659     48.8646
    0.3660     48.8538
    0.3661     48.8429
    0.3662     48.8320
    0.3663     48.8211
    0.3664     48.8102
    0.3665     48.7993
    0.3666     48.7884
    0.3667     48.7775
    0.3668     48.7666
    0.3669     48.7557
    0.3670     48.7448
    0.3671     48.7339
    0.3672     48.7230
    0.3673     48.7121
    0.3674     48.7013
    0.3675     48.6904
    0.3676     48.6795
    0.3677     48.6686
    0.3678     48.6577
    0.3679     48.6468
    0.3680     48.6359
    0.3681     48.6250
    0.3682     48.6141
    0.3683     48.6032
    0.3684     48.5923
    0.3685     48.5814
    0.3686     48.5705
    0.3687     48.5596
    0.3688     48.5488
    0.3689     48.5379
    0.3690     48.5270
    0.3691     48.5161
    0.3692     48.5052
    0.3693     48.4943
    0.3694     48.4834
    0.3695     48.4725
    0.3696     48.4616
    0.3697     48.4507
    0.3698     48.4398
    0.3699     48.4289
    0.3700     48.4180
    0.3701     48.4071
    0.3702     48.3963
    0.3703     48.3854
    0.3704     48.3745
    0.3705     48.3636
    0.3706     48.3527
    0.3707     48.3418
    0.3708     48.3309
    0.3709     48.3200
    0.3711     48.2986
    0.3712     48.2879
    0.3713     48.2772
    0.3714     48.2665
    0.3715     48.2558
    0.3716     48.2451
    0.3717     48.2344
    0.3718     48.2238
    0.3719     48.2131
    0.3720     48.2024
    0.3721     48.1917
    0.3722     48.1810
    0.3723     48.1703
    0.3724     48.1596
    0.3725     48.1489
    0.3726     48.1382
    0.3727     48.1275
    0.3728     48.1168
    0.3729     48.1061
    0.3730     48.0954
    0.3731     48.0847
    0.3732     48.0740
    0.3733     48.0633
    0.3734     48.0526
    0.3735     48.0419
    0.3736     48.0313
    0.3737     48.0206
    0.3738     48.0099
    0.3739     47.9992
    0.3740     47.9885
    0.3741     47.9778
    0.3742     47.9671
    0.3743     47.9564
    0.3744     47.9457
    0.3745     47.9350
    0.3746     47.9243
    0.3747     47.9136
    0.3748     47.9029
    0.3749     47.8922
    0.3750     47.8815
    0.3751     47.8708
    0.3752     47.8601
    0.3753     47.8494
    0.3754     47.8388
    0.3755     47.8281
    0.3756     47.8174
    0.3757     47.8067
    0.3758     47.7960
    0.3759     47.7853
    0.3760     47.7746
    0.3761     47.7639
    0.3762     47.7532
    0.3763     47.7425
    0.3764     47.7318
    0.3765     47.7211
    0.3766     47.7104
    0.3767     47.6997
    0.3768     47.6890
    0.3769     47.6783
    0.3770     47.6676
    0.3771     47.6569
    0.3772     47.6463
    0.3773     47.6356
    0.3774     47.6249
    0.3775     47.6142
    0.3776     47.6035
    0.3777     47.5928
    0.3778     47.5821
    0.3779     47.5714
    0.3780     47.5607
    0.3781     47.5500
    0.3783     47.5342
    0.3784     47.5263
    0.3785     47.5184
    0.3786     47.5105
    0.3787     47.5026
    0.3788     47.4947
    0.3789     47.4868
    0.3790     47.4789
    0.3791     47.4710
    0.3792     47.4631
    0.3793     47.4552
    0.3794     47.4473
    0.3795     47.4394
    0.3796     47.4315
    0.3797     47.4235
    0.3798     47.4156
    0.3799     47.4077
    0.3800     47.3998
    0.3801     47.3919
    0.3802     47.3840
    0.3803     47.3761
    0.3804     47.3682
    0.3805     47.3603
    0.3806     47.3524
    0.3807     47.3445
    0.3808     47.3366
    0.3809     47.3287
    0.3810     47.3208
    0.3811     47.3129
    0.3812     47.3050
    0.3813     47.2971
    0.3814     47.2892
    0.3815     47.2813
    0.3816     47.2734
    0.3817     47.2655
    0.3818     47.2576
    0.3819     47.2497
    0.3820     47.2418
    0.3821     47.2339
    0.3822     47.2260
    0.3823     47.2181
    0.3824     47.2102
    0.3825     47.2023
    0.3826     47.1944
    0.3827     47.1865
    0.3828     47.1785
    0.3829     47.1706
    0.3830     47.1627
    0.3831     47.1548
    0.3832     47.1469
    0.3833     47.1390
    0.3834     47.1311
    0.3835     47.1232
    0.3836     47.1153
    0.3837     47.1074
    0.3838     47.0995
    0.3839     47.0916
    0.3840     47.0837
    0.3841     47.0758
    0.3842     47.0679
    0.3843     47.0600
    0.3845     47.0432
    0.3846     47.0349
    0.3847     47.0265
    0.3848     47.0181
    0.3849     47.0097
    0.3850     47.0013
    0.3851     46.9930
    0.3852     46.9846
    0.3853     46.9762
    0.3854     46.9678
    0.3855     46.9594
    0.3856     46.9510
    0.3857     46.9427
    0.3858     46.9343
    0.3859     46.9259
    0.3860     46.9175
    0.3861     46.9091
    0.3862     46.9008
    0.3863     46.8924
    0.3864     46.8840
    0.3865     46.8756
    0.3866     46.8672
    0.3867     46.8589
    0.3868     46.8505
    0.3869     46.8421
    0.3870     46.8337
    0.3871     46.8253
    0.3872     46.8170
    0.3873     46.8086
    0.3874     46.8002
    0.3875     46.7918
    0.3876     46.7834
    0.3877     46.7750
    0.3878     46.7667
    0.3879     46.7583
    0.3880     46.7499
    0.3881     46.7415
    0.3882     46.7331
    0.3883     46.7248
    0.3884     46.7164
    0.3885     46.7080
    0.3886     46.6996
    0.3887     46.6912
    0.3888     46.6829
    0.3889     46.6745
    0.3890     46.6661
    0.3891     46.6577
    0.3892     46.6493
    0.3893     46.6410
    0.3894     46.6326
    0.3895     46.6242
    0.3896     46.6158
    0.3897     46.6074
    0.3898     46.5990
    0.3899     46.5907
    0.3900     46.5823
    0.3901     46.5739
    0.3902     46.5655
    0.3903     46.5571
    0.3904     46.5488
    0.3905     46.5404
    0.3906     46.5320
    0.3907     46.5236
    0.3908     46.5152
    0.3909     46.5069
    0.3910     46.4985
    0.3911     46.4901
    0.3912     46.4817
    0.3913     46.4733
    0.3914     46.4650
    0.3915     46.4566
    0.3916     46.4482
    0.3917     46.4398
    0.3918     46.4314
    0.3919     46.4230
    0.3920     46.4147
    0.3921     46.4063
    0.3922     46.3979
    0.3923     46.3895
    0.3924     46.3811
    0.3925     46.3728
    0.3926     46.3644
    0.3927     46.3560
    0.3928     46.3476
    0.3929     46.3392
    0.3930     46.3309
    0.3931     46.3225
    0.3932     46.3141
    0.3933     46.3057
    0.3934     46.2973
    0.3935     46.2890
    0.3936     46.2806
    0.3937     46.2722
    0.3938     46.2638
    0.3939     46.2554
    0.3940     46.2470
    0.3941     46.2387
    0.3942     46.2303
    0.3943     46.2219
    0.3944     46.2135
    0.3945     46.2051
    0.3946     46.1968
    0.3947     46.1884
    0.3948     46.1800
    0.3950     46.1673
    0.3951     46.1610
    0.3952     46.1547
    0.3953     46.1484
    0.3954     46.1420
    0.3955     46.1357
    0.3956     46.1294
    0.3957     46.1230
    0.3958     46.1167
    0.3959     46.1104
    0.3960     46.1041
    0.3961     46.0977
    0.3962     46.0914
    0.3963     46.0851
    0.3964     46.0787
    0.3965     46.0724
    0.3966     46.0661
    0.3967     46.0597
    0.3968     46.0534
    0.3969     46.0471
    0.3970     46.0408
    0.3971     46.0344
    0.3972     46.0281
    0.3973     46.0218
    0.3974     46.0154
    0.3975     46.0091
    0.3976     46.0028
    0.3977     45.9965
    0.3978     45.9901
    0.3979     45.9838
    0.3980     45.9775
    0.3981     45.9711
    0.3982     45.9648
    0.3983     45.9585
    0.3984     45.9522
    0.3985     45.9458
    0.3986     45.9395
    0.3987     45.9332
    0.3988     45.9268
    0.3989     45.9205
    0.3990     45.9142
    0.3991     45.9078
    0.3992     45.9015
    0.3993     45.8952
    0.3994     45.8889
    0.3995     45.8825
    0.3996     45.8762
    0.3997     45.8699
    0.3998     45.8635
    0.3999     45.8572
    0.4000     45.8509
    0.4001     45.8446
    0.4002     45.8382
    0.4003     45.8319
    0.4004     45.8256
    0.4005     45.8192
    0.4006     45.8129
    0.4007     45.8066
    0.4008     45.8003
    0.4009     45.7939
    0.4010     45.7876
    0.4011     45.7813
    0.4012     45.7749
    0.4013     45.7686
    0.4014     45.7623
    0.4015     45.7559
    0.4016     45.7496
    0.4017     45.7433
    0.4018     45.7370
    0.4019     45.7306
    0.4020     45.7243
    0.4021     45.7180
    0.4022     45.7116
    0.4023     45.7053
    0.4024     45.6990
    0.4025     45.6927
    0.4026     45.6863
    0.4027     45.6800
    0.4029     45.6680
    0.4030     45.6619
    0.4031     45.6559
    0.4032     45.6499
    0.4033     45.6439
    0.4034     45.6378
    0.4035     45.6318
    0.4036     45.6258
    0.4037     45.6198
    0.4038     45.6137
    0.4039     45.6077
    0.4040     45.6017
    0.4041     45.5957
    0.4042     45.5896
    0.4043     45.5836
    0.4044     45.5776
    0.4045     45.5716
    0.4046     45.5655
    0.4047     45.5595
    0.4048     45.5535
    0.4049     45.5475
    0.4050     45.5414
    0.4051     45.5354
    0.4052     45.5294
    0.4053     45.5234
    0.4054     45.5173
    0.4055     45.5113
    0.4056     45.5053
    0.4057     45.4993
    0.4058     45.4933
    0.4059     45.4872
    0.4060     45.4812
    0.4061     45.4752
    0.4062     45.4692
    0.4063     45.4631
    0.4064     45.4571
    0.4065     45.4511
    0.4066     45.4451
    0.4067     45.4390
    0.4068     45.4330
    0.4069     45.4270
    0.4070     45.4210
    0.4071     45.4149
    0.4072     45.4089
    0.4073     45.4029
    0.4074     45.3969
    0.4075     45.3908
    0.4076     45.3848
    0.4077     45.3788
    0.4078     45.3728
    0.4079     45.3667
    0.4080     45.3607
    0.4081     45.3547
    0.4082     45.3487
    0.4083     45.3427
    0.4084     45.3366
    0.4085     45.3306
    0.4086     45.3246
    0.4087     45.3186
    0.4088     45.3125
    0.4089     45.3065
    0.4090     45.3005
    0.4091     45.2945
    0.4092     45.2884
    0.4093     45.2824
    0.4094     45.2764
    0.4095     45.2704
    0.4096     45.2643
    0.4097     45.2583
    0.4098     45.2523
    0.4099     45.2463
    0.4100     45.2402
    0.4101     45.2342
    0.4102     45.2282
    0.4103     45.2222
    0.4104     45.2161
    0.4105     45.2101
    0.4106     45.2041
    0.4107     45.1981
    0.4108     45.1920
    0.4109     45.1860
    0.4110     45.1800
    0.4112     45.1711
    0.4113     45.1666
    0.4114     45.1621
    0.4115     45.1576
    0.4116     45.1532
    0.4117     45.1487
    0.4118     45.1442
    0.4119     45.1398
    0.4120     45.1353
    0.4121     45.1308
    0.4122     45.1263
    0.4123     45.1219
    0.4124     45.1174
    0.4125     45.1129
    0.4126     45.1085
    0.4127     45.1040
    0.4128     45.0995
    0.4129     45.0950
    0.4130     45.0906
    0.4131     45.0861
    0.4132     45.0816
    0.4133     45.0772
    0.4134     45.0727
    0.4135     45.0682
    0.4136     45.0637
    0.4137     45.0593
    0.4138     45.0548
    0.4139     45.0503
    0.4140     45.0459
    0.4141     45.0414
    0.4142     45.0369
    0.4143     45.0324
    0.4144     45.0280
    0.4145     45.0235
    0.4146     45.0190
    0.4147     45.0146
    0.4148     45.0101
    0.4149     45.0056
    0.4150     45.0011
    0.4151     44.9967
    0.4152     44.9922
    0.4153     44.9877
    0.4154     44.9833
    0.4155     44.9788
    0.4156     44.9743
    0.4157     44.9698
    0.4158     44.9654
    0.4159     44.9609
    0.4160     44.9564
    0.4161     44.9520
    0.4162     44.9475
    0.4163     44.9430
    0.4164     44.9385
    0.4165     44.9341
    0.4166     44.9296
    0.4167     44.9251
    0.4168     44.9207
    0.4169     44.9162
    0.4170     44.9117
    0.4171     44.9072
    0.4172     44.9028
    0.4173     44.8983
    0.4174     44.8938
    0.4175     44.8893
    0.4176     44.8849
    0.4177     44.8804
    0.4178     44.8759
    0.4179     44.8715
    0.4180     44.8670
    0.4181     44.8625
    0.4182     44.8580
    0.4183     44.8536
    0.4184     44.8491
    0.4185     44.8446
    0.4186     44.8402
    0.4187     44.8357
    0.4188     44.8312
    0.4189     44.8267
    0.4190     44.8223
    0.4191     44.8178
    0.4192     44.8133
    0.4193     44.8089
    0.4194     44.8044
    0.4195     44.7999
    0.4196     44.7954
    0.4197     44.7910
    0.4198     44.7865
    0.4199     44.7820
    0.4200     44.7776
    0.4201     44.7731
    0.4202     44.7686
    0.4203     44.7641
    0.4204     44.7597
    0.4205     44.7552
    0.4206     44.7507
    0.4207     44.7463
    0.4208     44.7418
    0.4209     44.7373
    0.4210     44.7328
    0.4211     44.7284
    0.4212     44.7239
    0.4213     44.7194
    0.4214     44.7150
    0.4215     44.7105
    0.4216     44.7060
    0.4217     44.7015
    0.4218     44.6971
    0.4219     44.6926
    0.4220     44.6881
    0.4221     44.6837
    0.4222     44.6792
    0.4223     44.6747
    0.4224     44.6702
    0.4225     44.6658
    0.4226     44.6613
    0.4227     44.6568
    0.4228     44.6524
    0.4229     44.6479
    0.4230     44.6434
    0.4231     44.6389
    0.4232     44.6345
    0.4233     44.6300
    0.4235     44.6230
    0.4236     44.6196
    0.4237     44.6161
    0.4238     44.6126
    0.4239     44.6091
    0.4240     44.6056
    0.4241     44.6021
    0.4242     44.5987
    0.4243     44.5952
    0.4244     44.5917
    0.4245     44.5882
    0.4246     44.5847
    0.4247     44.5813
    0.4248     44.5778
    0.4249     44.5743
    0.4250     44.5708
    0.4251     44.5673
    0.4252     44.5638
    0.4253     44.5604
    0.4254     44.5569
    0.4255     44.5534
    0.4256     44.5499
    0.4257     44.5464
    0.4258     44.5429
    0.4259     44.5395
    0.4260     44.5360
    0.4261     44.5325
    0.4262     44.5290
    0.4263     44.5255
    0.4264     44.5221
    0.4265     44.5186
    0.4266     44.5151
    0.4267     44.5116
    0.4268     44.5081
    0.4269     44.5046
    0.4270     44.5012
    0.4271     44.4977
    0.4272     44.4942
    0.4273     44.4907
    0.4274     44.4872
    0.4275     44.4838
    0.4276     44.4803
    0.4277     44.4768
    0.4278     44.4733
    0.4279     44.4698
    0.4280     44.4663
    0.4281     44.4629
    0.4282     44.4594
    0.4283     44.4559
    0.4284     44.4524
    0.4285     44.4489
    0.4286     44.4454
    0.4287     44.4420
    0.4288     44.4385
    0.4289     44.4350
    0.4290     44.4315
    0.4291     44.4280
    0.4292     44.4246
    0.4293     44.4211
    0.4294     44.4176
    0.4295     44.4141
    0.4296     44.4106
    0.4297     44.4071
    0.4298     44.4037
    0.4299     44.4002
    0.4300     44.3967
    0.4301     44.3932
    0.4302     44.3897
    0.4303     44.3863
    0.4304     44.3828
    0.4305     44.3793
    0.4306     44.3758
    0.4307     44.3723
    0.4308     44.3688
    0.4309     44.3654
    0.4310     44.3619
    0.4311     44.3584
    0.4312     44.3549
    0.4313     44.3514
    0.4314     44.3479
    0.4315     44.3445
    0.4316     44.3410
    0.4317     44.3375
    0.4318     44.3340
    0.4319     44.3305
    0.4320     44.3271
    0.4321     44.3236
    0.4322     44.3201
    0.4323     44.3166
    0.4324     44.3131
    0.4325     44.3096
    0.4326     44.3062
    0.4327     44.3027
    0.4328     44.2992
    0.4329     44.2957
    0.4330     44.2922
    0.4331     44.2888
    0.4332     44.2853
    0.4333     44.2818
    0.4334     44.2783
    0.4335     44.2748
    0.4336     44.2713
    0.4337     44.2679
    0.4338     44.2644
    0.4339     44.2609
    0.4340     44.2574
    0.4341     44.2539
    0.4342     44.2504
    0.4343     44.2470
    0.4344     44.2435
    0.4345     44.2400
    0.4347     44.2330
    0.4348     44.2296
    0.4349     44.2261
    0.4350     44.2226
    0.4351     44.2191
    0.4352     44.2156
    0.4353     44.2121
    0.4354     44.2087
    0.4355     44.2052
    0.4356     44.2017
    0.4357     44.1982
    0.4358     44.1947
    0.4359     44.1913
    0.4360     44.1878
    0.4361     44.1843
    0.4362     44.1808
    0.4363     44.1773
    0.4364     44.1738
    0.4365     44.1704
    0.4366     44.1669
    0.4367     44.1634
    0.4368     44.1599
    0.4369     44.1564
    0.4370     44.1529
    0.4371     44.1495
    0.4372     44.1460
    0.4373     44.1425
    0.4374     44.1390
    0.4375     44.1355
    0.4376     44.1321
    0.4377     44.1286
    0.4378     44.1251
    0.4379     44.1216
    0.4380     44.1181
    0.4381     44.1146
    0.4382     44.1112
    0.4383     44.1077
    0.4384     44.1042
    0.4385     44.1007
    0.4386     44.0972
    0.4387     44.0938
    0.4388     44.0903
    0.4389     44.0868
    0.4390     44.0833
    0.4391     44.0798
    0.4392     44.0763
    0.4393     44.0729
    0.4394     44.0694
    0.4395     44.0659
    0.4396     44.0624
    0.4397     44.0589
    0.4398     44.0554
    0.4399     44.0520
    0.4400     44.0485
    0.4401     44.0450
    0.4402     44.0415
    0.4403     44.0380
    0.4404     44.0346
    0.4405     44.0311
    0.4406     44.0276
    0.4407     44.0241
    0.4408     44.0206
    0.4409     44.0171
    0.4410     44.0137
    0.4411     44.0102
    0.4412     44.0067
    0.4413     44.0032
    0.4414     43.9997
    0.4415     43.9963
    0.4416     43.9928
    0.4417     43.9893
    0.4418     43.9858
    0.4419     43.9823
    0.4420     43.9788
    0.4421     43.9754
    0.4422     43.9719
    0.4423     43.9684
    0.4424     43.9649
    0.4425     43.9614
    0.4426     43.9579
    0.4427     43.9545
    0.4428     43.9510
    0.4429     43.9475
    0.4430     43.9440
    0.4431     43.9405
    0.4432     43.9371
    0.4433     43.9336
    0.4434     43.9301
    0.4435     43.9266
    0.4436     43.9231
    0.4437     43.9196
    0.4438     43.9162
    0.4439     43.9127
    0.4440     43.9092
    0.4441     43.9057
    0.4442     43.9022
    0.4443     43.8988
    0.4444     43.8953
    0.4445     43.8918
    0.4446     43.8883
    0.4447     43.8848
    0.4448     43.8813
    0.4449     43.8779
    0.4450     43.8744
    0.4451     43.8709
    0.4452     43.8674
    0.4453     43.8639
    0.4454     43.8604
    0.4455     43.8570
    0.4456     43.8535
    0.4457     43.8500
    0.4459     43.8437
    0.4460     43.8405
    0.4461     43.8373
    0.4462     43.8341
    0.4463     43.8310
    0.4464     43.8278
    0.4465     43.8246
    0.4466     43.8215
    0.4467     43.8183
    0.4468     43.8151
    0.4469     43.8120
    0.4470     43.8088
    0.4471     43.8056
    0.4472     43.8024
    0.4473     43.7993
    0.4474     43.7961
    0.4475     43.7929
    0.4476     43.7898
    0.4477     43.7866
    0.4478     43.7834
    0.4479     43.7802
    0.4480     43.7771
    0.4481     43.7739
    0.4482     43.7707
    0.4483     43.7676
    0.4484     43.7644
    0.4485     43.7612
    0.4486     43.7580
    0.4487     43.7549
    0.4488     43.7517
    0.4489     43.7485
    0.4490     43.7454
    0.4491     43.7422
    0.4492     43.7390
    0.4493     43.7359
    0.4494     43.7327
    0.4495     43.7295
    0.4496     43.7263
    0.4497     43.7232
    0.4498     43.7200
    0.4499     43.7168
    0.4500     43.7137
    0.4501     43.7105
    0.4502     43.7073
    0.4503     43.7041
    0.4504     43.7010
    0.4505     43.6978
    0.4506     43.6946
    0.4507     43.6915
    0.4508     43.6883
    0.4509     43.6851
    0.4510     43.6820
    0.4511     43.6788
    0.4512     43.6756
    0.4513     43.6724
    0.4514     43.6693
    0.4515     43.6661
    0.4516     43.6629
    0.4517     43.6598
    0.4518     43.6566
    0.4519     43.6534
    0.4520     43.6502
    0.4521     43.6471
    0.4522     43.6439
    0.4523     43.6407
    0.4524     43.6376
    0.4525     43.6344
    0.4526     43.6312
    0.4527     43.6280
    0.4528     43.6249
    0.4529     43.6217
    0.4530     43.6185
    0.4531     43.6154
    0.4532     43.6122
    0.4533     43.6090
    0.4534     43.6059
    0.4535     43.6027
    0.4536     43.5995
    0.4537     43.5963
    0.4538     43.5932
    0.4539     43.5900
    0.4540     43.5868
    0.4541     43.5837
    0.4542     43.5805
    0.4543     43.5773
    0.4544     43.5741
    0.4545     43.5710
    0.4546     43.5678
    0.4547     43.5646
    0.4548     43.5615
    0.4549     43.5583
    0.4550     43.5551
    0.4551     43.5520
    0.4552     43.5488
    0.4553     43.5456
    0.4554     43.5424
    0.4555     43.5393
    0.4556     43.5361
    0.4557     43.5329
    0.4558     43.5298
    0.4559     43.5266
    0.4560     43.5234
    0.4561     43.5202
    0.4562     43.5171
    0.4563     43.5139
    0.4564     43.5107
    0.4565     43.5076
    0.4566     43.5044
    0.4567     43.5012
    0.4568     43.4980
    0.4569     43.4949
    0.4570     43.4917
    0.4571     43.4885
    0.4572     43.4854
    0.4573     43.4822
    0.4574     43.4790
    0.4575     43.4759
    0.4576     43.4727
    0.4577     43.4695
    0.4578     43.4663
    0.4579     43.4632
    0.4580     43.4600
    0.4582     43.4550
    0.4583     43.4524
    0.4584     43.4499
    0.4585     43.4474
    0.4586     43.4449
    0.4587     43.4423
    0.4588     43.4398
    0.4589     43.4373
    0.4590     43.4348
    0.4591     43.4323
    0.4592     43.4297
    0.4593     43.4272
    0.4594     43.4247
    0.4595     43.4222
    0.4596     43.4196
    0.4597     43.4171
    0.4598     43.4146
    0.4599     43.4121
    0.4600     43.4095
    0.4601     43.4070
    0.4602     43.4045
    0.4603     43.4020
    0.4604     43.3995
    0.4605     43.3969
    0.4606     43.3944
    0.4607     43.3919
    0.4608     43.3894
    0.4609     43.3868
    0.4610     43.3843
    0.4611     43.3818
    0.4612     43.3793
    0.4613     43.3768
    0.4614     43.3742
    0.4615     43.3717
    0.4616     43.3692
    0.4617     43.3667
    0.4618     43.3641
    0.4619     43.3616
    0.4620     43.3591
    0.4621     43.3566
    0.4622     43.3541
    0.4623     43.3515
    0.4624     43.3490
    0.4625     43.3465
    0.4626     43.3440
    0.4627     43.3414
    0.4628     43.3389
    0.4629     43.3364
    0.4630     43.3339
    0.4631     43.3314
    0.4632     43.3288
    0.4633     43.3263
    0.4634     43.3238
    0.4635     43.3213
    0.4636     43.3187
    0.4637     43.3162
    0.4638     43.3137
    0.4639     43.3112
    0.4640     43.3086
    0.4641     43.3061
    0.4642     43.3036
    0.4643     43.3011
    0.4644     43.2986
    0.4645     43.2960
    0.4646     43.2935
    0.4647     43.2910
    0.4648     43.2885
    0.4649     43.2859
    0.4650     43.2834
    0.4651     43.2809
    0.4652     43.2784
    0.4653     43.2759
    0.4654     43.2733
    0.4655     43.2708
    0.4656     43.2683
    0.4657     43.2658
    0.4658     43.2632
    0.4659     43.2607
    0.4660     43.2582
    0.4661     43.2557
    0.4662     43.2532
    0.4663     43.2506
    0.4664     43.2481
    0.4665     43.2456
    0.4666     43.2431
    0.4667     43.2405
    0.4668     43.2380
    0.4669     43.2355
    0.4670     43.2330
    0.4671     43.2305
    0.4672     43.2279
    0.4673     43.2254
    0.4674     43.2229
    0.4675     43.2204
    0.4676     43.2178
    0.4677     43.2153
    0.4678     43.2128
    0.4679     43.2103
    0.4680     43.2077
    0.4681     43.2052
    0.4682     43.2027
    0.4683     43.2002
    0.4684     43.1977
    0.4685     43.1951
    0.4686     43.1926
    0.4687     43.1901
    0.4688     43.1876
    0.4689     43.1850
    0.4690     43.1825
    0.4691     43.1800
    0.4693     43.1742
    0.4694     43.1713
    0.4695     43.1684
    0.4696     43.1654
    0.4697     43.1625
    0.4698     43.1596
    0.4699     43.1567
    0.4700     43.1538
    0.4701     43.1509
    0.4702     43.1480
    0.4703     43.1451
    0.4704     43.1422
    0.4705     43.1393
    0.4706     43.1363
    0.4707     43.1334
    0.4708     43.1305
    0.4709     43.1276
    0.4710     43.1247
    0.4711     43.1218
    0.4712     43.1189
    0.4713     43.1160
    0.4714     43.1131
    0.4715     43.1101
    0.4716     43.1072
    0.4717     43.1043
    0.4718     43.1014
    0.4719     43.0985
    0.4720     43.0956
    0.4721     43.0927
    0.4722     43.0898
    0.4723     43.0869
    0.4724     43.0840
    0.4725     43.0810
    0.4726     43.0781
    0.4727     43.0752
    0.4728     43.0723
    0.4729     43.0694
    0.4730     43.0665
    0.4731     43.0636
    0.4732     43.0607
    0.4733     43.0578
    0.4734     43.0549
    0.4735     43.0519
    0.4736     43.0490
    0.4737     43.0461
    0.4738     43.0432
    0.4739     43.0403
    0.4740     43.0374
    0.4741     43.0345
    0.4742     43.0316
    0.4743     43.0287
    0.4744     43.0257
    0.4745     43.0228
    0.4746     43.0199
    0.4747     43.0170
    0.4748     43.0141
    0.4749     43.0112
    0.4750     43.0083
    0.4751     43.0054
    0.4752     43.0025
    0.4753     42.9996
    0.4754     42.9966
    0.4755     42.9937
    0.4756     42.9908
    0.4757     42.9879
    0.4758     42.9850
    0.4759     42.9821
    0.4760     42.9792
    0.4761     42.9763
    0.4762     42.9734
    0.4763     42.9704
    0.4764     42.9675
    0.4765     42.9646
    0.4766     42.9617
    0.4767     42.9588
    0.4768     42.9559
    0.4769     42.9530
    0.4770     42.9501
    0.4771     42.9472
    0.4772     42.9443
    0.4773     42.9413
    0.4774     42.9384
    0.4775     42.9355
    0.4776     42.9326
    0.4777     42.9297
    0.4778     42.9268
    0.4779     42.9239
    0.4780     42.9210
    0.4781     42.9181
    0.4782     42.9151
    0.4783     42.9122
    0.4784     42.9093
    0.4785     42.9064
    0.4786     42.9035
    0.4787     42.9006
    0.4788     42.8977
    0.4789     42.8948
    0.4790     42.8919
    0.4791     42.8890
    0.4792     42.8860
    0.4793     42.8831
    0.4794     42.8802
    0.4795     42.8773
    0.4796     42.8744
    0.4797     42.8715
    0.4798     42.8686
    0.4799     42.8657
    0.4800     42.8628
    0.4801     42.8599
    0.4802     42.8569
    0.4803     42.8540
    0.4804     42.8511
    0.4805     42.8482
    0.4806     42.8453
    0.4807     42.8424
    0.4808     42.8395
    0.4809     42.8366
    0.4810     42.8337
    0.4811     42.8307
    0.4812     42.8278
    0.4813     42.8249
    0.4814     42.8220
    0.4815     42.8191
    0.4816     42.8162
    0.4817     42.8133
    0.4818     42.8104
    0.4819     42.8075
    0.4820     42.8046
    0.4821     42.8016
    0.4822     42.7987
    0.4823     42.7958
    0.4824     42.7929
    0.4825     42.7900
    0.4827     42.7878
    0.4828     42.7866
    0.4829     42.7855
    0.4830     42.7844
    0.4831     42.7833
    0.4832     42.7821
    0.4833     42.7810
    0.4834     42.7799
    0.4835     42.7788
    0.4836     42.7777
    0.4837     42.7765
    0.4838     42.7754
    0.4839     42.7743
    0.4840     42.7732
    0.4841     42.7721
    0.4842     42.7709
    0.4843     42.7698
    0.4844     42.7687
    0.4845     42.7676
    0.4846     42.7664
    0.4847     42.7653
    0.4848     42.7642
    0.4849     42.7631
    0.4850     42.7620
    0.4851     42.7608
    0.4852     42.7597
    0.4853     42.7586
    0.4854     42.7575
    0.4855     42.7564
    0.4856     42.7552
    0.4857     42.7541
    0.4858     42.7530
    0.4859     42.7519
    0.4860     42.7507
    0.4861     42.7496
    0.4862     42.7485
    0.4863     42.7474
    0.4864     42.7463
    0.4865     42.7451
    0.4866     42.7440
    0.4867     42.7429
    0.4868     42.7418
    0.4869     42.7407
    0.4870     42.7395
    0.4871     42.7384
    0.4872     42.7373
    0.4873     42.7362
    0.4874     42.7350
    0.4875     42.7339
    0.4876     42.7328
    0.4877     42.7317
    0.4878     42.7306
    0.4879     42.7294
    0.4880     42.7283
    0.4881     42.7272
    0.4882     42.7261
    0.4883     42.7250
    0.4884     42.7238
    0.4885     42.7227
    0.4886     42.7216
    0.4887     42.7205
    0.4888     42.7193
    0.4889     42.7182
    0.4890     42.7171
    0.4891     42.7160
    0.4892     42.7149
    0.4893     42.7137
    0.4894     42.7126
    0.4895     42.7115
    0.4896     42.7104
    0.4897     42.7093
    0.4898     42.7081
    0.4899     42.7070
    0.4900     42.7059
    0.4901     42.7048
    0.4902     42.7036
    0.4903     42.7025
    0.4904     42.7014
    0.4905     42.7003
    0.4906     42.6992
    0.4907     42.6980
    0.4908     42.6969
    0.4909     42.6958
    0.4910     42.6947
    0.4911     42.6936
    0.4912     42.6924
    0.4913     42.6913
    0.4914     42.6902
    0.4915     42.6891
    0.4916     42.6879
    0.4917     42.6868
    0.4918     42.6857
    0.4919     42.6846
    0.4920     42.6835
    0.4921     42.6823
    0.4922     42.6812
    0.4923     42.6801
    0.4924     42.6790
    0.4925     42.6779
    0.4926     42.6767
    0.4927     42.6756
    0.4928     42.6745
    0.4929     42.6734
    0.4930     42.6722
    0.4931     42.6711
    0.4932     42.6700
    0.4934     42.6658
    0.4935     42.6637
    0.4936     42.6616
    0.4937     42.6596
    0.4938     42.6575
    0.4939     42.6554
    0.4940     42.6533
    0.4941     42.6512
    0.4942     42.6491
    0.4943     42.6470
    0.4944     42.6449
    0.4945     42.6428
    0.4946     42.6407
    0.4947     42.6387
    0.4948     42.6366
    0.4949     42.6345
    0.4950     42.6324
    0.4951     42.6303
    0.4952     42.6282
    0.4953     42.6261
    0.4954     42.6240
    0.4955     42.6219
    0.4956     42.6199
    0.4957     42.6178
    0.4958     42.6157
    0.4959     42.6136
    0.4960     42.6115
    0.4961     42.6094
    0.4962     42.6073
    0.4963     42.6052
    0.4964     42.6031
    0.4965     42.6010
    0.4966     42.5990
    0.4967     42.5969
    0.4968     42.5948
    0.4969     42.5927
    0.4970     42.5906
    0.4971     42.5885
    0.4972     42.5864
    0.4973     42.5843
    0.4974     42.5822
    0.4975     42.5801
    0.4976     42.5781
    0.4977     42.5760
    0.4978     42.5739
    0.4979     42.5718
    0.4980     42.5697
    0.4981     42.5676
    0.4982     42.5655
    0.4983     42.5634
    0.4984     42.5613
    0.4985     42.5593
    0.4986     42.5572
    0.4987     42.5551
    0.4988     42.5530
    0.4989     42.5509
    0.4990     42.5488
    0.4991     42.5467
    0.4992     42.5446
    0.4993     42.5425
    0.4994     42.5404
    0.4995     42.5384
    0.4996     42.5363
    0.4997     42.5342
    0.4998     42.5321
    0.4999     42.5300
    0.5000     42.5279
    0.5001     42.5258
    0.5002     42.5237
    0.5003     42.5216
    0.5004     42.5196
    0.5005     42.5175
    0.5006     42.5154
    0.5007     42.5133
    0.5008     42.5112
    0.5009     42.5091
    0.5010     42.5070
    0.5011     42.5049
    0.5012     42.5028
    0.5013     42.5007
    0.5014     42.4987
    0.5015     42.4966
    0.5016     42.4945
    0.5017     42.4924
    0.5018     42.4903
    0.5019     42.4882
    0.5020     42.4861
    0.5021     42.4840
    0.5022     42.4819
    0.5023     42.4799
    0.5024     42.4778
    0.5025     42.4757
    0.5026     42.4736
    0.5027     42.4715
    0.5028     42.4694
    0.5029     42.4673
    0.5030     42.4652
    0.5031     42.4631
    0.5032     42.4610
    0.5033     42.4590
    0.5034     42.4569
    0.5035     42.4548
    0.5036     42.4527
    0.5037     42.4506
    0.5038     42.4485
    0.5039     42.4464
    0.5040     42.4443
    0.5041     42.4422
    0.5042     42.4401
    0.5043     42.4381
    0.5044     42.4360
    0.5045     42.4339
    0.5046     42.4318
    0.5047     42.4297
    0.5048     42.4276
    0.5049     42.4255
    0.5050     42.4234
    0.5051     42.4213
    0.5052     42.4193
    0.5053     42.4172
    0.5054     42.4151
    0.5055     42.4130
    0.5056     42.4109
    0.5057     42.4088
    0.5058     42.4067
    0.5059     42.4046
    0.5060     42.4025
    0.5061     42.4004
    0.5062     42.3984
    0.5063     42.3963
    0.5064     42.3942
    0.5065     42.3921
    0.5066     42.3900
    0.5068     42.3873
    0.5069     42.3860
    0.5070     42.3847
    0.5071     42.3834
    0.5072     42.3820
    0.5073     42.3807
    0.5074     42.3794
    0.5075     42.3780
    0.5076     42.3767
    0.5077     42.3754
    0.5078     42.3741
    0.5079     42.3727
    0.5080     42.3714
    0.5081     42.3701
    0.5082     42.3688
    0.5083     42.3674
    0.5084     42.3661
    0.5085     42.3648
    0.5086     42.3634
    0.5087     42.3621
    0.5088     42.3608
    0.5089     42.3595
    0.5090     42.3581
    0.5091     42.3568
    0.5092     42.3555
    0.5093     42.3541
    0.5094     42.3528
    0.5095     42.3515
    0.5096     42.3502
    0.5097     42.3488
    0.5098     42.3475
    0.5099     42.3462
    0.5100     42.3448
    0.5101     42.3435
    0.5102     42.3422
    0.5103     42.3409
    0.5104     42.3395
    0.5105     42.3382
    0.5106     42.3369
    0.5107     42.3355
    0.5108     42.3342
    0.5109     42.3329
    0.5110     42.3316
    0.5111     42.3302
    0.5112     42.3289
    0.5113     42.3276
    0.5114     42.3263
    0.5115     42.3249
    0.5116     42.3236
    0.5117     42.3223
    0.5118     42.3209
    0.5119     42.3196
    0.5120     42.3183
    0.5121     42.3170
    0.5122     42.3156
    0.5123     42.3143
    0.5124     42.3130
    0.5125     42.3116
    0.5126     42.3103
    0.5127     42.3090
    0.5128     42.3077
    0.5129     42.3063
    0.5130     42.3050
    0.5131     42.3037
    0.5132     42.3023
    0.5133     42.3010
    0.5134     42.2997
    0.5135     42.2984
    0.5136     42.2970
    0.5137     42.2957
    0.5138     42.2944
    0.5139     42.2930
    0.5140     42.2917
    0.5141     42.2904
    0.5142     42.2891
    0.5143     42.2877
    0.5144     42.2864
    0.5145     42.2851
    0.5146     42.2838
    0.5147     42.2824
    0.5148     42.2811
    0.5149     42.2798
    0.5150     42.2784
    0.5151     42.2771
    0.5152     42.2758
    0.5153     42.2745
    0.5154     42.2731
    0.5155     42.2718
    0.5156     42.2705
    0.5157     42.2691
    0.5158     42.2678
    0.5159     42.2665
    0.5160     42.2652
    0.5161     42.2638
    0.5162     42.2625
    0.5163     42.2612
    0.5164     42.2598
    0.5165     42.2585
    0.5166     42.2572
    0.5167     42.2559
    0.5168     42.2545
    0.5169     42.2532
    0.5170     42.2519
    0.5171     42.2505
    0.5172     42.2492
    0.5173     42.2479
    0.5174     42.2466
    0.5175     42.2452
    0.5176     42.2439
    0.5177     42.2426
    0.5178     42.2413
    0.5179     42.2399
    0.5180     42.2386
    0.5181     42.2373
    0.5182     42.2359
    0.5183     42.2346
    0.5184     42.2333
    0.5185     42.2320
    0.5186     42.2306
    0.5187     42.2293
    0.5188     42.2280
    0.5189     42.2266
    0.5190     42.2253
    0.5191     42.2240
    0.5192     42.2227
    0.5193     42.2213
    0.5194     42.2200
    0.5196     42.2180
    0.5197     42.2170
    0.5198     42.2160
    0.5199     42.2149
    0.5200     42.2139
    0.5201     42.2129
    0.5202     42.2119
    0.5203     42.2109
    0.5204     42.2099
    0.5205     42.2089
    0.5206     42.2079
    0.5207     42.2068
    0.5208     42.2058
    0.5209     42.2048
    0.5210     42.2038
    0.5211     42.2028
    0.5212     42.2018
    0.5213     42.2008
    0.5214     42.1998
    0.5215     42.1988
    0.5216     42.1977
    0.5217     42.1967
    0.5218     42.1957
    0.5219     42.1947
    0.5220     42.1937
    0.5221     42.1927
    0.5222     42.1917
    0.5223     42.1907
    0.5224     42.1896
    0.5225     42.1886
    0.5226     42.1876
    0.5227     42.1866
    0.5228     42.1856
    0.5229     42.1846
    0.5230     42.1836
    0.5231     42.1826
    0.5232     42.1815
    0.5233     42.1805
    0.5234     42.1795
    0.5235     42.1785
    0.5236     42.1775
    0.5237     42.1765
    0.5238     42.1755
    0.5239     42.1745
    0.5240     42.1735
    0.5241     42.1724
    0.5242     42.1714
    0.5243     42.1704
    0.5244     42.1694
    0.5245     42.1684
    0.5246     42.1674
    0.5247     42.1664
    0.5248     42.1654
    0.5249     42.1643
    0.5250     42.1633
    0.5251     42.1623
    0.5252     42.1613
    0.5253     42.1603
    0.5254     42.1593
    0.5255     42.1583
    0.5256     42.1573
    0.5257     42.1563
    0.5258     42.1552
    0.5259     42.1542
    0.5260     42.1532
    0.5261     42.1522
    0.5262     42.1512
    0.5263     42.1502
    0.5264     42.1492
    0.5265     42.1482
    0.5266     42.1471
    0.5267     42.1461
    0.5268     42.1451
    0.5269     42.1441
    0.5270     42.1431
    0.5271     42.1421
    0.5272     42.1411
    0.5273     42.1401
    0.5274     42.1390
    0.5275     42.1380
    0.5276     42.1370
    0.5277     42.1360
    0.5278     42.1350
    0.5279     42.1340
    0.5280     42.1330
    0.5281     42.1320
    0.5282     42.1310
    0.5283     42.1299
    0.5284     42.1289
    0.5285     42.1279
    0.5286     42.1269
    0.5287     42.1259
    0.5288     42.1249
    0.5289     42.1239
    0.5290     42.1229
    0.5291     42.1218
    0.5292     42.1208
    0.5293     42.1198
    0.5294     42.1188
    0.5295     42.1178
    0.5296     42.1168
    0.5297     42.1158
    0.5298     42.1148
    0.5299     42.1138
    0.5300     42.1127
    0.5301     42.1117
    0.5302     42.1107
    0.5303     42.1097
    0.5304     42.1087
    0.5305     42.1077
    0.5306     42.1067
    0.5307     42.1057
    0.5308     42.1046
    0.5309     42.1036
    0.5310     42.1026
    0.5311     42.1016
    0.5312     42.1006
    0.5313     42.0996
    0.5314     42.0986
    0.5315     42.0976
    0.5316     42.0965
    0.5317     42.0955
    0.5318     42.0945
    0.5319     42.0935
    0.5320     42.0925
    0.5321     42.0915
    0.5322     42.0905
    0.5323     42.0895
    0.5324     42.0885
    0.5325     42.0874
    0.5326     42.0864
    0.5327     42.0854
    0.5328     42.0844
    0.5329     42.0834
    0.5330     42.0824
    0.5331     42.0814
    0.5332     42.0804
    0.5333     42.0793
    0.5334     42.0783
    0.5335     42.0773
    0.5336     42.0763
    0.5337     42.0753
    0.5338     42.0743
    0.5339     42.0733
    0.5340     42.0723
    0.5341     42.0713
    0.5342     42.0702
    0.5343     42.0692
    0.5344     42.0682
    0.5345     42.0672
    0.5346     42.0662
    0.5347     42.0652
    0.5348     42.0642
    0.5349     42.0632
    0.5350     42.0621
    0.5351     42.0611
    0.5352     42.0601
    0.5353     42.0591
    0.5354     42.0581
    0.5355     42.0571
    0.5356     42.0561
    0.5357     42.0551
    0.5358     42.0540
    0.5359     42.0530
    0.5360     42.0520
    0.5361     42.0510
    0.5362     42.0500
    0.5364     42.0491
    0.5365     42.0486
    0.5366     42.0481
    0.5367     42.0477
    0.5368     42.0472
    0.5369     42.0467
    0.5370     42.0463
    0.5371     42.0458
    0.5372     42.0453
    0.5373     42.0449
    0.5374     42.0444
    0.5375     42.0440
    0.5376     42.0435
    0.5377     42.0430
    0.5378     42.0426
    0.5379     42.0421
    0.5380     42.0416
    0.5381     42.0412
    0.5382     42.0407
    0.5383     42.0402
    0.5384     42.0398
    0.5385     42.0393
    0.5386     42.0388
    0.5387     42.0384
    0.5388     42.0379
    0.5389     42.0374
    0.5390     42.0370
    0.5391     42.0365
    0.5392     42.0360
    0.5393     42.0356
    0.5394     42.0351
    0.5395     42.0347
    0.5396     42.0342
    0.5397     42.0337
    0.5398     42.0333
    0.5399     42.0328
    0.5400     42.0323
    0.5401     42.0319
    0.5402     42.0314
    0.5403     42.0309
    0.5404     42.0305
    0.5405     42.0300
    0.5406     42.0295
    0.5407     42.0291
    0.5408     42.0286
    0.5409     42.0281
    0.5410     42.0277
    0.5411     42.0272
    0.5412     42.0267
    0.5413     42.0263
    0.5414     42.0258
    0.5415     42.0253
    0.5416     42.0249
    0.5417     42.0244
    0.5418     42.0240
    0.5419     42.0235
    0.5420     42.0230
    0.5421     42.0226
    0.5422     42.0221
    0.5423     42.0216
    0.5424     42.0212
    0.5425     42.0207
    0.5426     42.0202
    0.5427     42.0198
    0.5428     42.0193
    0.5429     42.0188
    0.5430     42.0184
    0.5431     42.0179
    0.5432     42.0174
    0.5433     42.0170
    0.5434     42.0165
    0.5435     42.0160
    0.5436     42.0156
    0.5437     42.0151
    0.5438     42.0147
    0.5439     42.0142
    0.5440     42.0137
    0.5441     42.0133
    0.5442     42.0128
    0.5443     42.0123
    0.5444     42.0119
    0.5445     42.0114
    0.5446     42.0109
    0.5447     42.0105
    0.5448     42.0100
    0.5449     42.0095
    0.5450     42.0091
    0.5451     42.0086
    0.5452     42.0081
    0.5453     42.0077
    0.5454     42.0072
    0.5455     42.0067
    0.5456     42.0063
    0.5457     42.0058
    0.5458     42.0053
    0.5459     42.0049
    0.5460     42.0044
    0.5461     42.0040
    0.5462     42.0035
    0.5463     42.0030
    0.5464     42.0026
    0.5465     42.0021
    0.5466     42.0016
    0.5467     42.0012
    0.5468     42.0007
    0.5469     42.0002
    0.5470     41.9998
    0.5471     41.9993
    0.5472     41.9988
    0.5473     41.9984
    0.5474     41.9979
    0.5475     41.9974
    0.5476     41.9970
    0.5477     41.9965
    0.5478     41.9960
    0.5479     41.9956
    0.5480     41.9951
    0.5481     41.9947
    0.5482     41.9942
    0.5483     41.9937
    0.5484     41.9933
    0.5485     41.9928
    0.5486     41.9923
    0.5487     41.9919
    0.5488     41.9914
    0.5489     41.9909
    0.5490     41.9905
    0.5491     41.9900
    0.5493     41.9887
    0.5494     41.9880
    0.5495     41.9874
    0.5496     41.9867
    0.5497     41.9860
    0.5498     41.9854
    0.5499     41.9847
    0.5500     41.9841
    0.5501     41.9834
    0.5502     41.9827
    0.5503     41.9821
    0.5504     41.9814
    0.5505     41.9808
    0.5506     41.9801
    0.5507     41.9794
    0.5508     41.9788
    0.5509     41.9781
    0.5510     41.9775
    0.5511     41.9768
    0.5512     41.9761
    0.5513     41.9755
    0.5514     41.9748
    0.5515     41.9742
    0.5516     41.9735
    0.5517     41.9728
    0.5518     41.9722
    0.5519     41.9715
    0.5520     41.9708
    0.5521     41.9702
    0.5522     41.9695
    0.5523     41.9689
    0.5524     41.9682
    0.5525     41.9675
    0.5526     41.9669
    0.5527     41.9662
    0.5528     41.9656
    0.5529     41.9649
    0.5530     41.9642
    0.5531     41.9636
    0.5532     41.9629
    0.5533     41.9623
    0.5534     41.9616
    0.5535     41.9609
    0.5536     41.9603
    0.5537     41.9596
    0.5538     41.9590
    0.5539     41.9583
    0.5540     41.9576
    0.5541     41.9570
    0.5542     41.9563
    0.5543     41.9557
    0.5544     41.9550
    0.5545     41.9543
    0.5546     41.9537
    0.5547     41.9530
    0.5548     41.9524
    0.5549     41.9517
    0.5550     41.9510
    0.5551     41.9504
    0.5552     41.9497
    0.5553     41.9491
    0.5554     41.9484
    0.5555     41.9477
    0.5556     41.9471
    0.5557     41.9464
    0.5558     41.9458
    0.5559     41.9451
    0.5560     41.9444
    0.5561     41.9438
    0.5562     41.9431
    0.5563     41.9425
    0.5564     41.9418
    0.5565     41.9411
    0.5566     41.9405
    0.5567     41.9398
    0.5568     41.9392
    0.5569     41.9385
    0.5570     41.9378
    0.5571     41.9372
    0.5572     41.9365
    0.5573     41.9358
    0.5574     41.9352
    0.5575     41.9345
    0.5576     41.9339
    0.5577     41.9332
    0.5578     41.9325
    0.5579     41.9319
    0.5580     41.9312
    0.5581     41.9306
    0.5582     41.9299
    0.5583     41.9292
    0.5584     41.9286
    0.5585     41.9279
    0.5586     41.9273
    0.5587     41.9266
    0.5588     41.9259
    0.5589     41.9253
    0.5590     41.9246
    0.5591     41.9240
    0.5592     41.9233
    0.5593     41.9226
    0.5594     41.9220
    0.5595     41.9213
    0.5596     41.9207
    0.5597     41.9200
    0.5598     41.9193
    0.5599     41.9187
    0.5600     41.9180
    0.5601     41.9174
    0.5602     41.9167
    0.5603     41.9160
    0.5604     41.9154
    0.5605     41.9147
    0.5606     41.9141
    0.5607     41.9134
    0.5608     41.9127
    0.5609     41.9121
    0.5610     41.9114
    0.5611     41.9108
    0.5612     41.9101
    0.5613     41.9094
    0.5614     41.9088
    0.5615     41.9081
    0.5616     41.9075
    0.5617     41.9068
    0.5618     41.9061
    0.5619     41.9055
    0.5620     41.9048
    0.5621     41.9042
    0.5622     41.9035
    0.5623     41.9028
    0.5624     41.9022
    0.5625     41.9015
    0.5626     41.9008
    0.5627     41.9002
    0.5628     41.8995
    0.5629     41.8989
    0.5630     41.8982
    0.5631     41.8975
    0.5632     41.8969
    0.5633     41.8962
    0.5634     41.8956
    0.5635     41.8949
    0.5636     41.8942
    0.5637     41.8936
    0.5638     41.8929
    0.5639     41.8923
    0.5640     41.8916
    0.5641     41.8909
    0.5642     41.8903
    0.5643     41.8896
    0.5644     41.8890
    0.5645     41.8883
    0.5646     41.8876
    0.5647     41.8870
    0.5648     41.8863
    0.5649     41.8857
    0.5650     41.8850
    0.5651     41.8843
    0.5652     41.8837
    0.5653     41.8830
    0.5654     41.8824
    0.5655     41.8817
    0.5656     41.8810
    0.5657     41.8804
    0.5658     41.8797
    0.5659     41.8791
    0.5660     41.8784
    0.5661     41.8777
    0.5662     41.8771
    0.5663     41.8764
    0.5664     41.8758
    0.5665     41.8751
    0.5666     41.8744
    0.5667     41.8738
    0.5668     41.8731
    0.5669     41.8725
    0.5670     41.8718
    0.5671     41.8711
    0.5672     41.8705
    0.5673     41.8698
    0.5674     41.8692
    0.5675     41.8685
    0.5676     41.8678
    0.5677     41.8672
    0.5678     41.8665
    0.5679     41.8658
    0.5680     41.8652
    0.5681     41.8645
    0.5682     41.8639
    0.5683     41.8632
    0.5684     41.8625
    0.5685     41.8619
    0.5686     41.8612
    0.5687     41.8606
    0.5688     41.8599
    0.5689     41.8592
    0.5690     41.8586
    0.5691     41.8579
    0.5692     41.8573
    0.5693     41.8566
    0.5694     41.8559
    0.5695     41.8553
    0.5696     41.8546
    0.5697     41.8540
    0.5698     41.8533
    0.5699     41.8526
    0.5700     41.8520
    0.5701     41.8513
    0.5702     41.8507
    0.5703     41.8500
    0.5704     41.8493
    0.5705     41.8487
    0.5706     41.8480
    0.5707     41.8474
    0.5708     41.8467
    0.5709     41.8460
    0.5710     41.8454
    0.5711     41.8447
    0.5712     41.8441
    0.5713     41.8434
    0.5714     41.8427
    0.5715     41.8421
    0.5716     41.8414
    0.5717     41.8408
    0.5718     41.8401
    0.5719     41.8394
    0.5720     41.8388
    0.5721     41.8381
    0.5722     41.8375
    0.5723     41.8368
    0.5724     41.8361
    0.5725     41.8355
    0.5726     41.8348
    0.5727     41.8342
    0.5728     41.8335
    0.5729     41.8328
    0.5730     41.8322
    0.5731     41.8315
    0.5732     41.8308
    0.5733     41.8302
    0.5734     41.8295
    0.5735     41.8289
    0.5736     41.8282
    0.5737     41.8275
    0.5738     41.8269
    0.5739     41.8262
    0.5740     41.8256
    0.5741     41.8249
    0.5742     41.8242
    0.5743     41.8236
    0.5744     41.8229
    0.5745     41.8223
    0.5746     41.8216
    0.5747     41.8209
    0.5748     41.8203
    0.5749     41.8196
    0.5750     41.8190
    0.5751     41.8183
    0.5752     41.8176
    0.5753     41.8170
    0.5754     41.8163
    0.5755     41.8157
    0.5756     41.8150
    0.5757     41.8143
    0.5758     41.8137
    0.5759     41.8130
    0.5760     41.8124
    0.5761     41.8117
    0.5762     41.8110
    0.5763     41.8104
    0.5764     41.8097
    0.5765     41.8091
    0.5766     41.8084
    0.5767     41.8077
    0.5768     41.8071
    0.5769     41.8064
    0.5770     41.8058
    0.5771     41.8051
    0.5772     41.8044
    0.5773     41.8038
    0.5774     41.8031
    0.5775     41.8025
    0.5776     41.8018
    0.5777     41.8011
    0.5778     41.8005
    0.5779     41.7998
    0.5780     41.7992
    0.5781     41.7985
    0.5782     41.7978
    0.5783     41.7972
    0.5784     41.7965
    0.5785     41.7958
    0.5786     41.7952
    0.5787     41.7945
    0.5788     41.7939
    0.5789     41.7932
    0.5790     41.7925
    0.5791     41.7919
    0.5792     41.7912
    0.5793     41.7906
    0.5794     41.7899
    0.5795     41.7892
    0.5796     41.7886
    0.5797     41.7879
    0.5798     41.7873
    0.5799     41.7866
    0.5800     41.7859
    0.5801     41.7853
    0.5802     41.7846
    0.5803     41.7840
    0.5804     41.7833
    0.5805     41.7826
    0.5806     41.7820
    0.5807     41.7813
    0.5808     41.7807
    0.5809     41.7800
    0.5810     41.7793
    0.5811     41.7787
    0.5812     41.7780
    0.5813     41.7774
    0.5814     41.7767
    0.5815     41.7760
    0.5816     41.7754
    0.5817     41.7747
    0.5818     41.7741
    0.5819     41.7734
    0.5820     41.7727
    0.5821     41.7721
    0.5822     41.7714
    0.5823     41.7708
    0.5824     41.7701
    0.5825     41.7694
    0.5826     41.7688
    0.5827     41.7681
    0.5828     41.7675
    0.5829     41.7668
    0.5830     41.7661
    0.5831     41.7655
    0.5832     41.7648
    0.5833     41.7642
    0.5834     41.7635
    0.5835     41.7628
    0.5836     41.7622
    0.5837     41.7615
    0.5838     41.7608
    0.5839     41.7602
    0.5840     41.7595
    0.5841     41.7589
    0.5842     41.7582
    0.5843     41.7575
    0.5844     41.7569
    0.5845     41.7562
    0.5846     41.7556
    0.5847     41.7549
    0.5848     41.7542
    0.5849     41.7536
    0.5850     41.7529
    0.5851     41.7523
    0.5852     41.7516
    0.5853     41.7509
    0.5854     41.7503
    0.5855     41.7496
    0.5856     41.7490
    0.5857     41.7483
    0.5858     41.7476
    0.5859     41.7470
    0.5860     41.7463
    0.5861     41.7457
    0.5862     41.7450
    0.5863     41.7443
    0.5864     41.7437
    0.5865     41.7430
    0.5866     41.7424
    0.5867     41.7417
    0.5868     41.7410
    0.5869     41.7404
    0.5870     41.7397
    0.5871     41.7391
    0.5872     41.7384
    0.5873     41.7377
    0.5874     41.7371
    0.5875     41.7364
    0.5876     41.7358
    0.5877     41.7351
    0.5878     41.7344
    0.5879     41.7338
    0.5880     41.7331
    0.5881     41.7325
    0.5882     41.7318
    0.5883     41.7311
    0.5884     41.7305
    0.5885     41.7298
    0.5886     41.7292
    0.5887     41.7285
    0.5888     41.7278
    0.5889     41.7272
    0.5890     41.7265
    0.5891     41.7258
    0.5892     41.7252
    0.5893     41.7245
    0.5894     41.7239
    0.5895     41.7232
    0.5896     41.7225
    0.5897     41.7219
    0.5898     41.7212
    0.5899     41.7206
    0.5900     41.7199
    0.5901     41.7192
    0.5902     41.7186
    0.5903     41.7179
    0.5904     41.7173
    0.5905     41.7166
    0.5906     41.7159
    0.5907     41.7153
    0.5908     41.7146
    0.5909     41.7140
    0.5910     41.7133
    0.5911     41.7126
    0.5912     41.7120
    0.5913     41.7113
    0.5914     41.7107
    0.5915     41.7100
    0.5916     41.7093
    0.5917     41.7087
    0.5918     41.7080
    0.5919     41.7074
    0.5920     41.7067
    0.5921     41.7060
    0.5922     41.7054
    0.5923     41.7047
    0.5924     41.7041
    0.5925     41.7034
    0.5926     41.7027
    0.5927     41.7021
    0.5928     41.7014
    0.5929     41.7008
    0.5930     41.7001
    0.5931     41.6994
    0.5932     41.6988
    0.5933     41.6981
    0.5934     41.6975
    0.5935     41.6968
    0.5936     41.6961
    0.5937     41.6955
    0.5938     41.6948
    0.5939     41.6942
    0.5940     41.6935
    0.5941     41.6928
    0.5942     41.6922
    0.5943     41.6915
    0.5944     41.6908
    0.5945     41.6902
    0.5946     41.6895
    0.5947     41.6889
    0.5948     41.6882
    0.5949     41.6875
    0.5950     41.6869
    0.5951     41.6862
    0.5952     41.6856
    0.5953     41.6849
    0.5954     41.6842
    0.5955     41.6836
    0.5956     41.6829
    0.5957     41.6823
    0.5958     41.6816
    0.5959     41.6809
    0.5960     41.6803
    0.5961     41.6796
    0.5962     41.6790
    0.5963     41.6783
    0.5964     41.6776
    0.5965     41.6770
    0.5966     41.6763
    0.5967     41.6757
    0.5968     41.6750
    0.5969     41.6743
    0.5970     41.6737
    0.5971     41.6730
    0.5972     41.6724
    0.5973     41.6717
    0.5974     41.6710
    0.5975     41.6704
    0.5976     41.6697
    0.5977     41.6691
    0.5978     41.6684
    0.5979     41.6677
    0.5980     41.6671
    0.5981     41.6664
    0.5982     41.6658
    0.5983     41.6651
    0.5984     41.6644
    0.5985     41.6638
    0.5986     41.6631
    0.5987     41.6625
    0.5988     41.6618
    0.5989     41.6611
    0.5990     41.6605
    0.5991     41.6598
    0.5992     41.6592
    0.5993     41.6585
    0.5994     41.6578
    0.5995     41.6572
    0.5996     41.6565
    0.5997     41.6558
    0.5998     41.6552
    0.5999     41.6545
    0.6000     41.6539
    0.6001     41.6532
    0.6002     41.6525
    0.6003     41.6519
    0.6004     41.6512
    0.6005     41.6506
    0.6006     41.6499
    0.6007     41.6492
    0.6008     41.6486
    0.6009     41.6479
    0.6010     41.6473
    0.6011     41.6466
    0.6012     41.6459
    0.6013     41.6453
    0.6014     41.6446
    0.6015     41.6440
    0.6016     41.6433
    0.6017     41.6426
    0.6018     41.6420
    0.6019     41.6413
    0.6020     41.6407
    0.6021     41.6400
    0.6022     41.6393
    0.6023     41.6387
    0.6024     41.6380
    0.6025     41.6374
    0.6026     41.6367
    0.6027     41.6360
    0.6028     41.6354
    0.6029     41.6347
    0.6030     41.6341
    0.6031     41.6334
    0.6032     41.6327
    0.6033     41.6321
    0.6034     41.6314
    0.6035     41.6308
    0.6036     41.6301
    0.6037     41.6294
    0.6038     41.6288
    0.6039     41.6281
    0.6040     41.6275
    0.6041     41.6268
    0.6042     41.6261
    0.6043     41.6255
    0.6044     41.6248
    0.6045     41.6242
    0.6046     41.6235
    0.6047     41.6228
    0.6048     41.6222
    0.6049     41.6215
    0.6050     41.6208
    0.6051     41.6202
    0.6052     41.6195
    0.6053     41.6189
    0.6054     41.6182
    0.6055     41.6175
    0.6056     41.6169
    0.6057     41.6162
    0.6058     41.6156
    0.6059     41.6149
    0.6060     41.6142
    0.6061     41.6136
    0.6062     41.6129
    0.6063     41.6123
    0.6064     41.6116
    0.6065     41.6109
    0.6066     41.6103
    0.6067     41.6096
    0.6068     41.6090
    0.6069     41.6083
    0.6070     41.6076
    0.6071     41.6070
    0.6072     41.6063
    0.6073     41.6057
    0.6074     41.6050
    0.6075     41.6043
    0.6076     41.6037
    0.6077     41.6030
    0.6078     41.6024
    0.6079     41.6017
    0.6080     41.6010
    0.6081     41.6004
    0.6082     41.5997
    0.6083     41.5991
    0.6084     41.5984
    0.6085     41.5977
    0.6086     41.5971
    0.6087     41.5964
    0.6088     41.5958
    0.6089     41.5951
    0.6090     41.5944
    0.6091     41.5938
    0.6092     41.5931
    0.6093     41.5925
    0.6094     41.5918
    0.6095     41.5911
    0.6096     41.5905
    0.6097     41.5898
    0.6098     41.5892
    0.6099     41.5885
    0.6100     41.5878
    0.6101     41.5872
    0.6102     41.5865
    0.6103     41.5858
    0.6104     41.5852
    0.6105     41.5845
    0.6106     41.5839
    0.6107     41.5832
    0.6108     41.5825
    0.6109     41.5819
    0.6110     41.5812
    0.6111     41.5806
    0.6112     41.5799
    0.6113     41.5792
    0.6114     41.5786
    0.6115     41.5779
    0.6116     41.5773
    0.6117     41.5766
    0.6118     41.5759
    0.6119     41.5753
    0.6120     41.5746
    0.6121     41.5740
    0.6122     41.5733
    0.6123     41.5726
    0.6124     41.5720
    0.6125     41.5713
    0.6126     41.5707
    0.6127     41.5700
    0.6128     41.5693
    0.6129     41.5687
    0.6130     41.5680
    0.6131     41.5674
    0.6132     41.5667
    0.6133     41.5660
    0.6134     41.5654
    0.6135     41.5647
    0.6136     41.5641
    0.6137     41.5634
    0.6138     41.5627
    0.6139     41.5621
    0.6140     41.5614
    0.6141     41.5608
    0.6142     41.5601
    0.6143     41.5594
    0.6144     41.5588
    0.6145     41.5581
    0.6146     41.5575
    0.6147     41.5568
    0.6148     41.5561
    0.6149     41.5555
    0.6150     41.5548
    0.6151     41.5542
    0.6152     41.5535
    0.6153     41.5528
    0.6154     41.5522
    0.6155     41.5515
    0.6156     41.5508
    0.6157     41.5502
    0.6158     41.5495
    0.6159     41.5489
    0.6160     41.5482
    0.6161     41.5475
    0.6162     41.5469
    0.6163     41.5462
    0.6164     41.5456
    0.6165     41.5449
    0.6166     41.5442
    0.6167     41.5436
    0.6168     41.5429
    0.6169     41.5423
    0.6170     41.5416
    0.6171     41.5409
    0.6172     41.5403
    0.6173     41.5396
    0.6174     41.5390
    0.6175     41.5383
    0.6176     41.5376
    0.6177     41.5370
    0.6178     41.5363
    0.6179     41.5357
    0.6180     41.5350
    0.6181     41.5343
    0.6182     41.5337
    0.6183     41.5330
    0.6184     41.5324
    0.6185     41.5317
    0.6186     41.5310
    0.6187     41.5304
    0.6188     41.5297
    0.6189     41.5291
    0.6190     41.5284
    0.6191     41.5277
    0.6192     41.5271
    0.6193     41.5264
    0.6194     41.5258
    0.6195     41.5251
    0.6196     41.5244
    0.6197     41.5238
    0.6198     41.5231
    0.6199     41.5225
    0.6200     41.5218
    0.6201     41.5211
    0.6202     41.5205
    0.6203     41.5198
    0.6204     41.5192
    0.6205     41.5185
    0.6206     41.5178
    0.6207     41.5172
    0.6208     41.5165
    0.6209     41.5158
    0.6210     41.5152
    0.6211     41.5145
    0.6212     41.5139
    0.6213     41.5132
    0.6214     41.5125
    0.6215     41.5119
    0.6216     41.5112
    0.6217     41.5106
    0.6218     41.5099
    0.6219     41.5092
    0.6220     41.5086
    0.6221     41.5079
    0.6222     41.5073
    0.6223     41.5066
    0.6224     41.5059
    0.6225     41.5053
    0.6226     41.5046
    0.6227     41.5040
    0.6228     41.5033
    0.6229     41.5026
    0.6230     41.5020
    0.6231     41.5013
    0.6232     41.5007
    0.6233     41.5000
    0.6234     41.4993
    0.6235     41.4987
    0.6236     41.4980
    0.6237     41.4974
    0.6238     41.4967
    0.6239     41.4960
    0.6240     41.4954
    0.6241     41.4947
    0.6242     41.4941
    0.6243     41.4934
    0.6244     41.4927
    0.6245     41.4921
    0.6246     41.4914
    0.6247     41.4908
    0.6248     41.4901
    0.6249     41.4894
    0.6250     41.4888
    0.6251     41.4881
    0.6252     41.4875
    0.6253     41.4868
    0.6254     41.4861
    0.6255     41.4855
    0.6256     41.4848
    0.6257     41.4842
    0.6258     41.4835
    0.6259     41.4828
    0.6260     41.4822
    0.6261     41.4815
    0.6262     41.4808
    0.6263     41.4802
    0.6264     41.4795
    0.6265     41.4789
    0.6266     41.4782
    0.6267     41.4775
    0.6268     41.4769
    0.6269     41.4762
    0.6270     41.4756
    0.6271     41.4749
    0.6272     41.4742
    0.6273     41.4736
    0.6274     41.4729
    0.6275     41.4723
    0.6276     41.4716
    0.6277     41.4709
    0.6278     41.4703
    0.6279     41.4696
    0.6280     41.4690
    0.6281     41.4683
    0.6282     41.4676
    0.6283     41.4670
    0.6284     41.4663
    0.6285     41.4657
    0.6286     41.4650
    0.6287     41.4643
    0.6288     41.4637
    0.6289     41.4630
    0.6290     41.4624
    0.6291     41.4617
    0.6292     41.4610
    0.6293     41.4604
    0.6294     41.4597
    0.6295     41.4591
    0.6296     41.4584
    0.6297     41.4577
    0.6298     41.4571
    0.6299     41.4564
    0.6300     41.4558
    0.6301     41.4551
    0.6302     41.4544
    0.6303     41.4538
    0.6304     41.4531
    0.6305     41.4525
    0.6306     41.4518
    0.6307     41.4511
    0.6308     41.4505
    0.6309     41.4498
    0.6310     41.4492
    0.6311     41.4485
    0.6312     41.4478
    0.6313     41.4472
    0.6314     41.4465
    0.6315     41.4458
    0.6316     41.4452
    0.6317     41.4445
    0.6318     41.4439
    0.6319     41.4432
    0.6320     41.4425
    0.6321     41.4419
    0.6322     41.4412
    0.6323     41.4406
    0.6324     41.4399
    0.6325     41.4392
    0.6326     41.4386
    0.6327     41.4379
    0.6328     41.4373
    0.6329     41.4366
    0.6330     41.4359
    0.6331     41.4353
    0.6332     41.4346
    0.6333     41.4340
    0.6334     41.4333
    0.6335     41.4326
    0.6336     41.4320
    0.6337     41.4313
    0.6338     41.4307
    0.6339     41.4300
    0.6340     41.4293
    0.6341     41.4287
    0.6342     41.4280
    0.6343     41.4274
    0.6344     41.4267
    0.6345     41.4260
    0.6346     41.4254
    0.6347     41.4247
    0.6348     41.4241
    0.6349     41.4234
    0.6350     41.4227
    0.6351     41.4221
    0.6352     41.4214
    0.6353     41.4208
    0.6354     41.4201
    0.6355     41.4194
    0.6356     41.4188
    0.6357     41.4181
    0.6358     41.4175
    0.6359     41.4168
    0.6360     41.4161
    0.6361     41.4155
    0.6362     41.4148
    0.6363     41.4142
    0.6364     41.4135
    0.6365     41.4128
    0.6366     41.4122
    0.6367     41.4115
    0.6368     41.4108
    0.6369     41.4102
    0.6370     41.4095
    0.6371     41.4089
    0.6372     41.4082
    0.6373     41.4075
    0.6374     41.4069
    0.6375     41.4062
    0.6376     41.4056
    0.6377     41.4049
    0.6378     41.4042
    0.6379     41.4036
    0.6380     41.4029
    0.6381     41.4023
    0.6382     41.4016
    0.6383     41.4009
    0.6384     41.4003
    0.6385     41.3996
    0.6386     41.3990
    0.6387     41.3983
    0.6388     41.3976
    0.6389     41.3970
    0.6390     41.3963
    0.6391     41.3957
    0.6392     41.3950
    0.6393     41.3943
    0.6394     41.3937
    0.6395     41.3930
    0.6396     41.3924
    0.6397     41.3917
    0.6398     41.3910
    0.6399     41.3904
    0.6400     41.3897
    0.6401     41.3891
    0.6402     41.3884
    0.6403     41.3877
    0.6404     41.3871
    0.6405     41.3864
    0.6406     41.3858
    0.6407     41.3851
    0.6408     41.3844
    0.6409     41.3838
    0.6410     41.3831
    0.6411     41.3825
    0.6412     41.3818
    0.6413     41.3811
    0.6414     41.3805
    0.6415     41.3798
    0.6416     41.3792
    0.6417     41.3785
    0.6418     41.3778
    0.6419     41.3772
    0.6420     41.3765
    0.6421     41.3758
    0.6422     41.3752
    0.6423     41.3745
    0.6424     41.3739
    0.6425     41.3732
    0.6426     41.3725
    0.6427     41.3719
    0.6428     41.3712
    0.6429     41.3706
    0.6430     41.3699
    0.6431     41.3692
    0.6432     41.3686
    0.6433     41.3679
    0.6434     41.3673
    0.6435     41.3666
    0.6436     41.3659
    0.6437     41.3653
    0.6438     41.3646
    0.6439     41.3640
    0.6440     41.3633
    0.6441     41.3626
    0.6442     41.3620
    0.6443     41.3613
    0.6444     41.3607
    0.6445     41.3600
    0.6446     41.3593
    0.6447     41.3587
    0.6448     41.3580
    0.6449     41.3574
    0.6450     41.3567
    0.6451     41.3560
    0.6452     41.3554
    0.6453     41.3547
    0.6454     41.3541
    0.6455     41.3534
    0.6456     41.3527
    0.6457     41.3521
    0.6458     41.3514
    0.6459     41.3508
    0.6460     41.3501
    0.6461     41.3494
    0.6462     41.3488
    0.6463     41.3481
    0.6464     41.3475
    0.6465     41.3468
    0.6466     41.3461
    0.6467     41.3455
    0.6468     41.3448
    0.6469     41.3442
    0.6470     41.3435
    0.6471     41.3428
    0.6472     41.3422
    0.6473     41.3415
    0.6474     41.3408
    0.6475     41.3402
    0.6476     41.3395
    0.6477     41.3389
    0.6478     41.3382
    0.6479     41.3375
    0.6480     41.3369
    0.6481     41.3362
    0.6482     41.3356
    0.6483     41.3349
    0.6484     41.3342
    0.6485     41.3336
    0.6486     41.3329
    0.6487     41.3323
    0.6488     41.3316
    0.6489     41.3309
    0.6490     41.3303
    0.6491     41.3296
    0.6492     41.3290
    0.6493     41.3283
    0.6494     41.3276
    0.6495     41.3270
    0.6496     41.3263
    0.6497     41.3257
    0.6498     41.3250
    0.6499     41.3243
    0.6500     41.3237
    0.6501     41.3230
    0.6502     41.3224
    0.6503     41.3217
    0.6504     41.3210
    0.6505     41.3204
    0.6506     41.3197
    0.6507     41.3191
    0.6508     41.3184
    0.6509     41.3177
    0.6510     41.3171
    0.6511     41.3164
    0.6512     41.3158
    0.6513     41.3151
    0.6514     41.3144
    0.6515     41.3138
    0.6516     41.3131
    0.6517     41.3125
    0.6518     41.3118
    0.6519     41.3111
    0.6520     41.3105
    0.6521     41.3098
    0.6522     41.3092
    0.6523     41.3085
    0.6524     41.3078
    0.6525     41.3072
    0.6526     41.3065
    0.6527     41.3058
    0.6528     41.3052
    0.6529     41.3045
    0.6530     41.3039
    0.6531     41.3032
    0.6532     41.3025
    0.6533     41.3019
    0.6534     41.3012
    0.6535     41.3006
    0.6536     41.2999
    0.6537     41.2992
    0.6538     41.2986
    0.6539     41.2979
    0.6540     41.2973
    0.6541     41.2966
    0.6542     41.2959
    0.6543     41.2953
    0.6544     41.2946
    0.6545     41.2940
    0.6546     41.2933
    0.6547     41.2926
    0.6548     41.2920
    0.6549     41.2913
    0.6550     41.2907
    0.6551     41.2900
    0.6552     41.2893
    0.6553     41.2887
    0.6554     41.2880
    0.6555     41.2874
    0.6556     41.2867
    0.6557     41.2860
    0.6558     41.2854
    0.6559     41.2847
    0.6560     41.2841
    0.6561     41.2834
    0.6562     41.2827
    0.6563     41.2821
    0.6564     41.2814
    0.6565     41.2808
    0.6566     41.2801
    0.6567     41.2794
    0.6568     41.2788
    0.6569     41.2781
    0.6570     41.2775
    0.6571     41.2768
    0.6572     41.2761
    0.6573     41.2755
    0.6574     41.2748
    0.6575     41.2742
    0.6576     41.2735
    0.6577     41.2728
    0.6578     41.2722
    0.6579     41.2715
    0.6580     41.2708
    0.6581     41.2702
    0.6582     41.2695
    0.6583     41.2689
    0.6584     41.2682
    0.6585     41.2675
    0.6586     41.2669
    0.6587     41.2662
    0.6588     41.2656
    0.6589     41.2649
    0.6590     41.2642
    0.6591     41.2636
    0.6592     41.2629
    0.6593     41.2623
    0.6594     41.2616
    0.6595     41.2609
    0.6596     41.2603
    0.6597     41.2596
    0.6598     41.2590
    0.6599     41.2583
    0.6600     41.2576
    0.6601     41.2570
    0.6602     41.2563
    0.6603     41.2557
    0.6604     41.2550
    0.6605     41.2543
    0.6606     41.2537
    0.6607     41.2530
    0.6608     41.2524
    0.6609     41.2517
    0.6610     41.2510
    0.6611     41.2504
    0.6612     41.2497
    0.6613     41.2491
    0.6614     41.2484
    0.6615     41.2477
    0.6616     41.2471
    0.6617     41.2464
    0.6618     41.2458
    0.6619     41.2451
    0.6620     41.2444
    0.6621     41.2438
    0.6622     41.2431
    0.6623     41.2425
    0.6624     41.2418
    0.6625     41.2411
    0.6626     41.2405
    0.6627     41.2398
    0.6628     41.2392
    0.6629     41.2385
    0.6630     41.2378
    0.6631     41.2372
    0.6632     41.2365
    0.6633     41.2358
    0.6634     41.2352
    0.6635     41.2345
    0.6636     41.2339
    0.6637     41.2332
    0.6638     41.2325
    0.6639     41.2319
    0.6640     41.2312
    0.6641     41.2306
    0.6642     41.2299
    0.6643     41.2292
    0.6644     41.2286
    0.6645     41.2279
    0.6646     41.2273
    0.6647     41.2266
    0.6648     41.2259
    0.6649     41.2253
    0.6650     41.2246
    0.6651     41.2240
    0.6652     41.2233
    0.6653     41.2226
    0.6654     41.2220
    0.6655     41.2213
    0.6656     41.2207
    0.6657     41.2200
    0.6658     41.2193
    0.6659     41.2187
    0.6660     41.2180
    0.6661     41.2174
    0.6662     41.2167
    0.6663     41.2160
    0.6664     41.2154
    0.6665     41.2147
    0.6666     41.2141
    0.6667     41.2134
    0.6668     41.2127
    0.6669     41.2121
    0.6670     41.2114
    0.6671     41.2108
    0.6672     41.2101
    0.6673     41.2094
    0.6674     41.2088
    0.6675     41.2081
    0.6676     41.2075
    0.6677     41.2068
    0.6678     41.2061
    0.6679     41.2055
    0.6680     41.2048
    0.6681     41.2042
    0.6682     41.2035
    0.6683     41.2028
    0.6684     41.2022
    0.6685     41.2015
    0.6686     41.2008
    0.6687     41.2002
    0.6688     41.1995
    0.6689     41.1989
    0.6690     41.1982
    0.6691     41.1975
    0.6692     41.1969
    0.6693     41.1962
    0.6694     41.1956
    0.6695     41.1949
    0.6696     41.1942
    0.6697     41.1936
    0.6698     41.1929
    0.6699     41.1923
    0.6700     41.1916
    0.6701     41.1909
    0.6702     41.1903
    0.6703     41.1896
    0.6704     41.1890
    0.6705     41.1883
    0.6706     41.1876
    0.6707     41.1870
    0.6708     41.1863
    0.6709     41.1857
    0.6710     41.1850
    0.6711     41.1843
    0.6712     41.1837
    0.6713     41.1830
    0.6714     41.1824
    0.6715     41.1817
    0.6716     41.1810
    0.6717     41.1804
    0.6718     41.1797
    0.6719     41.1791
    0.6720     41.1784
    0.6721     41.1777
    0.6722     41.1771
    0.6723     41.1764
    0.6724     41.1758
    0.6725     41.1751
    0.6726     41.1744
    0.6727     41.1738
    0.6728     41.1731
    0.6729     41.1725
    0.6730     41.1718
    0.6731     41.1711
    0.6732     41.1705
    0.6733     41.1698
    0.6734     41.1692
    0.6735     41.1685
    0.6736     41.1678
    0.6737     41.1672
    0.6738     41.1665
    0.6739     41.1658
    0.6740     41.1652
    0.6741     41.1645
    0.6742     41.1639
    0.6743     41.1632
    0.6744     41.1625
    0.6745     41.1619
    0.6746     41.1612
    0.6747     41.1606
    0.6748     41.1599
    0.6749     41.1592
    0.6750     41.1586
    0.6751     41.1579
    0.6752     41.1573
    0.6753     41.1566
    0.6754     41.1559
    0.6755     41.1553
    0.6756     41.1546
    0.6757     41.1540
    0.6758     41.1533
    0.6759     41.1526
    0.6760     41.1520
    0.6761     41.1513
    0.6762     41.1507
    0.6763     41.1500
    0.6764     41.1493
    0.6765     41.1487
    0.6766     41.1480
    0.6767     41.1474
    0.6768     41.1467
    0.6769     41.1460
    0.6770     41.1454
    0.6771     41.1447
    0.6772     41.1441
    0.6773     41.1434
    0.6774     41.1427
    0.6775     41.1421
    0.6776     41.1414
    0.6777     41.1408
    0.6778     41.1401
    0.6779     41.1394
    0.6780     41.1388
    0.6781     41.1381
    0.6782     41.1375
    0.6783     41.1368
    0.6784     41.1361
    0.6785     41.1355
    0.6786     41.1348
    0.6787     41.1342
    0.6788     41.1335
    0.6789     41.1328
    0.6790     41.1322
    0.6791     41.1315
    0.6792     41.1308
    0.6793     41.1302
    0.6794     41.1295
    0.6795     41.1289
    0.6796     41.1282
    0.6797     41.1275
    0.6798     41.1269
    0.6799     41.1262
    0.6800     41.1256
    0.6801     41.1249
    0.6802     41.1242
    0.6803     41.1236
    0.6804     41.1229
    0.6805     41.1223
    0.6806     41.1216
    0.6807     41.1209
    0.6808     41.1203
    0.6809     41.1196
    0.6810     41.1190
    0.6811     41.1183
    0.6812     41.1176
    0.6813     41.1170
    0.6814     41.1163
    0.6815     41.1157
    0.6816     41.1150
    0.6817     41.1143
    0.6818     41.1137
    0.6819     41.1130
    0.6820     41.1124
    0.6821     41.1117
    0.6822     41.1110
    0.6823     41.1104
    0.6824     41.1097
    0.6825     41.1091
    0.6826     41.1084
    0.6827     41.1077
    0.6828     41.1071
    0.6829     41.1064
    0.6830     41.1058
    0.6831     41.1051
    0.6832     41.1044
    0.6833     41.1038
    0.6834     41.1031
    0.6835     41.1025
    0.6836     41.1018
    0.6837     41.1011
    0.6838     41.1005
    0.6839     41.0998
    0.6840     41.0992
    0.6841     41.0985
    0.6842     41.0978
    0.6843     41.0972
    0.6844     41.0965
    0.6845     41.0958
    0.6846     41.0952
    0.6847     41.0945
    0.6848     41.0939
    0.6849     41.0932
    0.6850     41.0925
    0.6851     41.0919
    0.6852     41.0912
    0.6853     41.0906
    0.6854     41.0899
    0.6855     41.0892
    0.6856     41.0886
    0.6857     41.0879
    0.6858     41.0873
    0.6859     41.0866
    0.6860     41.0859
    0.6861     41.0853
    0.6862     41.0846
    0.6863     41.0840
    0.6864     41.0833
    0.6865     41.0826
    0.6866     41.0820
    0.6867     41.0813
    0.6868     41.0807
    0.6869     41.0800
    0.6870     41.0793
    0.6871     41.0787
    0.6872     41.0780
    0.6873     41.0774
    0.6874     41.0767
    0.6875     41.0760
    0.6876     41.0754
    0.6877     41.0747
    0.6878     41.0741
    0.6879     41.0734
    0.6880     41.0727
    0.6881     41.0721
    0.6882     41.0714
    0.6883     41.0708
    0.6884     41.0701
    0.6885     41.0694
    0.6886     41.0688
    0.6887     41.0681
    0.6888     41.0675
    0.6889     41.0668
    0.6890     41.0661
    0.6891     41.0655
    0.6892     41.0648
    0.6893     41.0642
    0.6894     41.0635
    0.6895     41.0628
    0.6896     41.0622
    0.6897     41.0615
    0.6898     41.0608
    0.6899     41.0602
    0.6900     41.0595
    0.6901     41.0589
    0.6902     41.0582
    0.6903     41.0575
    0.6904     41.0569
    0.6905     41.0562
    0.6906     41.0556
    0.6907     41.0549
    0.6908     41.0542
    0.6909     41.0536
    0.6910     41.0529
    0.6911     41.0523
    0.6912     41.0516
    0.6913     41.0509
    0.6914     41.0503
    0.6915     41.0496
    0.6916     41.0490
    0.6917     41.0483
    0.6918     41.0476
    0.6919     41.0470
    0.6920     41.0463
    0.6921     41.0457
    0.6922     41.0450
    0.6923     41.0443
    0.6924     41.0437
    0.6925     41.0430
    0.6926     41.0424
    0.6927     41.0417
    0.6928     41.0410
    0.6929     41.0404
    0.6930     41.0397
    0.6931     41.0391
    0.6932     41.0384
    0.6933     41.0377
    0.6934     41.0371
    0.6935     41.0364
    0.6936     41.0358
    0.6937     41.0351
    0.6938     41.0344
    0.6939     41.0338
    0.6940     41.0331
    0.6941     41.0325
    0.6942     41.0318
    0.6943     41.0311
    0.6944     41.0305
    0.6945     41.0298
    0.6946     41.0292
    0.6947     41.0285
    0.6948     41.0278
    0.6949     41.0272
    0.6950     41.0265
    0.6951     41.0258
    0.6952     41.0252
    0.6953     41.0245
    0.6954     41.0239
    0.6955     41.0232
    0.6956     41.0225
    0.6957     41.0219
    0.6958     41.0212
    0.6959     41.0206
    0.6960     41.0199
    0.6961     41.0192
    0.6962     41.0186
    0.6963     41.0179
    0.6964     41.0173
    0.6965     41.0166
    0.6966     41.0159
    0.6967     41.0153
    0.6968     41.0146
    0.6969     41.0140
    0.6970     41.0133
    0.6971     41.0126
    0.6972     41.0120
    0.6973     41.0113
    0.6974     41.0107
    0.6975     41.0100
    0.6976     41.0093
    0.6977     41.0087
    0.6978     41.0080
    0.6979     41.0074
    0.6980     41.0067
    0.6981     41.0060
    0.6982     41.0054
    0.6983     41.0047
    0.6984     41.0041
    0.6985     41.0034
    0.6986     41.0027
    0.6987     41.0021
    0.6988     41.0014
    0.6989     41.0008
    0.6990     41.0001
    0.6991     40.9994
    0.6992     40.9988
    0.6993     40.9981
    0.6994     40.9975
    0.6995     40.9968
    0.6996     40.9961
    0.6997     40.9955
    0.6998     40.9948
    0.6999     40.9942
    0.7000     40.9935
