#     D        Lambda1     Mv = -3.0
    0.0776     85.0230
    0.0777     84.8982
    0.0778     84.7735
    0.0779     84.6487
    0.0780     84.5239
    0.0781     84.3991
    0.0782     84.2743
    0.0783     84.1496
    0.0784     84.0248
    0.0785     83.9000
    0.0786     83.7752
    0.0787     83.6504
    0.0788     83.5257
    0.0789     83.4009
    0.0790     83.2761
    0.0791     83.1513
    0.0792     83.0265
    0.0793     82.9018
    0.0794     82.7770
    0.0795     82.6522
    0.0796     82.5274
    0.0797     82.4027
    0.0798     82.2779
    0.0799     82.1531
    0.0800     82.0283
    0.0801     81.9035
    0.0802     81.7788
    0.0803     81.6540
    0.0804     81.5292
    0.0805     81.4044
    0.0806     81.2796
    0.0807     81.1549
    0.0808     81.0301
    0.0809     80.9053
    0.0810     80.7805
    0.0811     80.6558
    0.0812     80.5310
    0.0813     80.4062
    0.0814     80.2814
    0.0815     80.1566
    0.0816     80.0319
    0.0817     79.9071
    0.0818     79.7823
    0.0819     79.6575
    0.0820     79.5327
    0.0821     79.4080
    0.0822     79.2832
    0.0823     79.1584
    0.0824     79.0336
    0.0825     78.9088
    0.0826     78.7841
    0.0827     78.6593
    0.0828     78.5345
    0.0829     78.4097
    0.0830     78.2850
    0.0831     78.1602
    0.0832     78.0354
    0.0833     77.9106
    0.0834     77.7858
    0.0835     77.6611
    0.0836     77.5363
    0.0837     77.4115
    0.0838     77.2867
    0.0839     77.1619
    0.0840     77.0372
    0.0841     76.9124
    0.0842     76.7876
    0.0843     76.6628
    0.0844     76.5381
    0.0845     76.4133
    0.0846     76.2885
    0.0847     76.1637
    0.0848     76.0389
    0.0849     75.9142
    0.0850     75.7894
    0.0851     75.6646
    0.0852     75.5398
    0.0853     75.4150
    0.0854     75.2903
    0.0855     75.1655
    0.0856     75.0407
    0.0857     74.9159
    0.0858     74.7912
    0.0859     74.6664
    0.0860     74.5416
    0.0861     74.4168
    0.0862     74.2920
    0.0863     74.1673
    0.0864     74.0425
    0.0865     73.9177
    0.0866     73.7929
    0.0867     73.6681
    0.0868     73.5434
    0.0869     73.4186
    0.0870     73.2938
    0.0871     73.1690
    0.0872     73.0442
    0.0873     72.9195
    0.0874     72.7947
    0.0875     72.6699
    0.0876     72.5451
    0.0877     72.4204
    0.0878     72.2956
    0.0879     72.1708
    0.0880     72.0460
    0.0881     71.9212
    0.0882     71.7965
    0.0883     71.6717
    0.0884     71.5469
    0.0885     71.4221
    0.0886     71.2973
    0.0887     71.1726
    0.0888     71.0478
    0.0889     70.9230
    0.0890     70.7982
    0.0891     70.6735
    0.0892     70.5487
    0.0893     70.4239
    0.0894     70.2991
    0.0895     70.1743
    0.0896     70.0496
    0.0897     69.9248
    0.0898     69.8000
    0.0899     69.6752
    0.0900     69.5504
    0.0901     69.4257
    0.0902     69.3009
    0.0903     69.1761
    0.0904     69.0513
    0.0905     68.9265
    0.0906     68.8018
    0.0907     68.6770
    0.0908     68.5522
    0.0909     68.4274
    0.0911     68.2361
    0.0912     68.1456
    0.0913     68.0550
    0.0914     67.9645
    0.0915     67.8740
    0.0916     67.7834
    0.0917     67.6929
    0.0918     67.6024
    0.0919     67.5118
    0.0920     67.4213
    0.0921     67.3308
    0.0922     67.2402
    0.0923     67.1497
    0.0924     67.0592
    0.0925     66.9686
    0.0926     66.8781
    0.0928     66.7171
    0.0929     66.6376
    0.0930     66.5582
    0.0931     66.4788
    0.0932     66.3994
    0.0933     66.3200
    0.0934     66.2406
    0.0935     66.1612
    0.0936     66.0818
    0.0937     66.0024
    0.0938     65.9229
    0.0939     65.8435
    0.0940     65.7641
    0.0941     65.6847
    0.0942     65.6053
    0.0943     65.5259
    0.0945     65.3794
    0.0946     65.3068
    0.0947     65.2342
    0.0948     65.1617
    0.0949     65.0891
    0.0950     65.0165
    0.0951     64.9440
    0.0952     64.8714
    0.0953     64.7988
    0.0954     64.7263
    0.0955     64.6537
    0.0956     64.5812
    0.0957     64.5086
    0.0958     64.4360
    0.0959     64.3635
    0.0960     64.2909
    0.0961     64.2183
    0.0962     64.1458
    0.0963     64.0732
    0.0964     64.0006
    0.0965     63.9281
    0.0967     63.7951
    0.0968     63.7327
    0.0969     63.6704
    0.0970     63.6080
    0.0971     63.5456
    0.0972     63.4832
    0.0973     63.4208
    0.0974     63.3584
    0.0975     63.2960
    0.0976     63.2336
    0.0977     63.1712
    0.0978     63.1088
    0.0979     63.0465
    0.0980     62.9841
    0.0981     62.9217
    0.0982     62.8593
    0.0983     62.7969
    0.0984     62.7345
    0.0985     62.6721
    0.0986     62.6097
    0.0987     62.5473
    0.0988     62.4850
    0.0990     62.3265
    0.0991     62.2431
    0.0992     62.1596
    0.0993     62.0762
    0.0994     61.9928
    0.0995     61.9093
    0.0996     61.8259
    0.0997     61.7425
    0.0998     61.6590
    0.0999     61.5756
    0.1000     61.4921
    0.1001     61.4087
    0.1002     61.3253
    0.1003     61.2418
    0.1004     61.1584
    0.1006     61.0294
    0.1007     60.9751
    0.1008     60.9209
    0.1009     60.8666
    0.1010     60.8123
    0.1011     60.7580
    0.1012     60.7037
    0.1013     60.6494
    0.1014     60.5951
    0.1015     60.5409
    0.1016     60.4866
    0.1017     60.4323
    0.1018     60.3780
    0.1019     60.3237
    0.1020     60.2694
    0.1021     60.2151
    0.1022     60.1609
    0.1023     60.1066
    0.1024     60.0523
    0.1025     59.9980
    0.1026     59.9437
    0.1027     59.8894
    0.1028     59.8351
    0.1029     59.7809
    0.1030     59.7266
    0.1031     59.6723
    0.1032     59.6180
    0.1034     59.5274
    0.1035     59.4870
    0.1036     59.4466
    0.1037     59.4061
    0.1038     59.3657
    0.1039     59.3253
    0.1040     59.2848
    0.1041     59.2444
    0.1042     59.2040
    0.1043     59.1635
    0.1044     59.1231
    0.1045     59.0827
    0.1046     59.0422
    0.1047     59.0018
    0.1048     58.9613
    0.1049     58.9209
    0.1050     58.8805
    0.1051     58.8400
    0.1052     58.7996
    0.1053     58.7592
    0.1054     58.7187
    0.1055     58.6783
    0.1056     58.6379
    0.1057     58.5974
    0.1058     58.5570
    0.1059     58.5166
    0.1060     58.4761
    0.1061     58.4357
    0.1062     58.3953
    0.1063     58.3548
    0.1064     58.3144
    0.1065     58.2740
    0.1066     58.2335
    0.1067     58.1931
    0.1068     58.1527
    0.1069     58.1122
    0.1070     58.0718
    0.1071     58.0313
    0.1072     57.9909
    0.1073     57.9505
    0.1074     57.9100
    0.1075     57.8696
    0.1076     57.8292
    0.1077     57.7887
    0.1078     57.7483
    0.1080     57.6824
    0.1081     57.6536
    0.1082     57.6247
    0.1083     57.5958
    0.1084     57.5669
    0.1085     57.5380
    0.1086     57.5091
    0.1087     57.4802
    0.1088     57.4513
    0.1089     57.4224
    0.1090     57.3936
    0.1091     57.3647
    0.1092     57.3358
    0.1093     57.3069
    0.1094     57.2780
    0.1095     57.2491
    0.1096     57.2202
    0.1097     57.1913
    0.1098     57.1624
    0.1099     57.1336
    0.1100     57.1047
    0.1101     57.0758
    0.1102     57.0469
    0.1103     57.0180
    0.1104     56.9891
    0.1105     56.9602
    0.1106     56.9313
    0.1107     56.9024
    0.1108     56.8736
    0.1109     56.8447
    0.1110     56.8158
    0.1111     56.7869
    0.1112     56.7580
    0.1113     56.7291
    0.1114     56.7002
    0.1115     56.6713
    0.1116     56.6424
    0.1117     56.6136
    0.1118     56.5847
    0.1119     56.5558
    0.1120     56.5269
    0.1121     56.4980
    0.1122     56.4691
    0.1123     56.4402
    0.1125     56.3710
    0.1126     56.3333
    0.1127     56.2956
    0.1128     56.2579
    0.1129     56.2202
    0.1130     56.1825
    0.1131     56.1448
    0.1132     56.1072
    0.1133     56.0695
    0.1134     56.0318
    0.1135     55.9941
    0.1136     55.9564
    0.1137     55.9187
    0.1138     55.8810
    0.1139     55.8433
    0.1140     55.8056
    0.1141     55.7679
    0.1142     55.7302
    0.1143     55.6925
    0.1144     55.6548
    0.1145     55.6172
    0.1146     55.5795
    0.1147     55.5418
    0.1148     55.5041
    0.1149     55.4664
    0.1150     55.4287
    0.1151     55.3910
    0.1152     55.3533
    0.1153     55.3156
    0.1154     55.2779
    0.1155     55.2402
    0.1156     55.2025
    0.1157     55.1648
    0.1158     55.1272
    0.1159     55.0895
    0.1160     55.0518
    0.1161     55.0141
    0.1162     54.9764
    0.1164     54.9156
    0.1165     54.8892
    0.1166     54.8627
    0.1167     54.8363
    0.1168     54.8098
    0.1169     54.7834
    0.1170     54.7569
    0.1171     54.7305
    0.1172     54.7040
    0.1173     54.6775
    0.1174     54.6511
    0.1175     54.6246
    0.1176     54.5982
    0.1177     54.5717
    0.1178     54.5453
    0.1179     54.5188
    0.1180     54.4924
    0.1181     54.4659
    0.1182     54.4395
    0.1183     54.4130
    0.1184     54.3866
    0.1185     54.3601
    0.1186     54.3337
    0.1187     54.3072
    0.1188     54.2808
    0.1189     54.2543
    0.1190     54.2279
    0.1191     54.2014
    0.1192     54.1750
    0.1193     54.1485
    0.1194     54.1221
    0.1195     54.0956
    0.1196     54.0692
    0.1197     54.0427
    0.1198     54.0163
    0.1199     53.9898
    0.1200     53.9634
    0.1201     53.9369
    0.1202     53.9105
    0.1203     53.8840
    0.1204     53.8575
    0.1205     53.8311
    0.1206     53.8046
    0.1207     53.7782
    0.1208     53.7517
    0.1209     53.7253
    0.1210     53.6988
    0.1211     53.6724
    0.1212     53.6459
    0.1213     53.6195
    0.1214     53.5930
    0.1215     53.5666
    0.1216     53.5401
    0.1217     53.5137
    0.1218     53.4872
    0.1219     53.4608
    0.1220     53.4343
    0.1221     53.4079
    0.1222     53.3814
    0.1223     53.3550
    0.1224     53.3285
    0.1226     53.2728
    0.1227     53.2442
    0.1228     53.2155
    0.1229     53.1869
    0.1230     53.1583
    0.1231     53.1296
    0.1232     53.1010
    0.1233     53.0724
    0.1234     53.0438
    0.1235     53.0151
    0.1236     52.9865
    0.1237     52.9579
    0.1238     52.9293
    0.1239     52.9006
    0.1240     52.8720
    0.1241     52.8434
    0.1242     52.8147
    0.1243     52.7861
    0.1244     52.7575
    0.1245     52.7289
    0.1246     52.7002
    0.1247     52.6716
    0.1248     52.6430
    0.1249     52.6144
    0.1250     52.5857
    0.1251     52.5571
    0.1252     52.5285
    0.1253     52.4998
    0.1254     52.4712
    0.1255     52.4426
    0.1256     52.4140
    0.1257     52.3853
    0.1258     52.3567
    0.1259     52.3281
    0.1260     52.2995
    0.1261     52.2708
    0.1262     52.2422
    0.1263     52.2136
    0.1264     52.1849
    0.1265     52.1563
    0.1266     52.1277
    0.1267     52.0991
    0.1268     52.0704
    0.1269     52.0418
    0.1270     52.0132
    0.1271     51.9845
    0.1272     51.9559
    0.1273     51.9273
    0.1274     51.8987
    0.1275     51.8700
    0.1277     51.8179
    0.1278     51.7932
    0.1279     51.7686
    0.1280     51.7439
    0.1281     51.7192
    0.1282     51.6945
    0.1283     51.6699
    0.1284     51.6452
    0.1285     51.6205
    0.1286     51.5958
    0.1287     51.5711
    0.1288     51.5465
    0.1289     51.5218
    0.1290     51.4971
    0.1291     51.4724
    0.1292     51.4478
    0.1293     51.4231
    0.1294     51.3984
    0.1295     51.3737
    0.1296     51.3490
    0.1297     51.3244
    0.1298     51.2997
    0.1299     51.2750
    0.1300     51.2503
    0.1301     51.2257
    0.1302     51.2010
    0.1303     51.1763
    0.1304     51.1516
    0.1305     51.1270
    0.1306     51.1023
    0.1307     51.0776
    0.1308     51.0529
    0.1309     51.0282
    0.1310     51.0036
    0.1311     50.9789
    0.1312     50.9542
    0.1313     50.9295
    0.1314     50.9049
    0.1315     50.8802
    0.1316     50.8555
    0.1317     50.8308
    0.1318     50.8061
    0.1319     50.7815
    0.1320     50.7568
    0.1321     50.7321
    0.1322     50.7074
    0.1323     50.6828
    0.1324     50.6581
    0.1325     50.6334
    0.1326     50.6087
    0.1327     50.5840
    0.1328     50.5594
    0.1329     50.5347
    0.1330     50.5100
    0.1331     50.4853
    0.1332     50.4607
    0.1333     50.4360
    0.1334     50.4113
    0.1335     50.3866
    0.1336     50.3620
    0.1337     50.3373
    0.1339     50.2908
    0.1340     50.2683
    0.1341     50.2458
    0.1342     50.2233
    0.1343     50.2008
    0.1344     50.1783
    0.1345     50.1558
    0.1346     50.1333
    0.1347     50.1108
    0.1348     50.0883
    0.1349     50.0658
    0.1350     50.0433
    0.1351     50.0208
    0.1352     49.9983
    0.1353     49.9758
    0.1354     49.9533
    0.1355     49.9308
    0.1356     49.9083
    0.1357     49.8858
    0.1358     49.8633
    0.1359     49.8408
    0.1360     49.8183
    0.1361     49.7958
    0.1362     49.7733
    0.1363     49.7508
    0.1364     49.7283
    0.1365     49.7058
    0.1366     49.6833
    0.1367     49.6608
    0.1368     49.6383
    0.1369     49.6158
    0.1370     49.5933
    0.1371     49.5708
    0.1372     49.5483
    0.1373     49.5258
    0.1374     49.5033
    0.1375     49.4808
    0.1376     49.4583
    0.1377     49.4358
    0.1379     49.3940
    0.1380     49.3740
    0.1381     49.3540
    0.1382     49.3340
    0.1383     49.3140
    0.1384     49.2940
    0.1385     49.2740
    0.1386     49.2540
    0.1387     49.2340
    0.1388     49.2140
    0.1389     49.1940
    0.1390     49.1740
    0.1391     49.1540
    0.1392     49.1340
    0.1393     49.1140
    0.1394     49.0940
    0.1395     49.0740
    0.1396     49.0540
    0.1397     49.0340
    0.1398     49.0140
    0.1399     48.9940
    0.1400     48.9740
    0.1401     48.9540
    0.1402     48.9340
    0.1403     48.9140
    0.1404     48.8940
    0.1405     48.8740
    0.1406     48.8540
    0.1407     48.8340
    0.1408     48.8140
    0.1409     48.7940
    0.1410     48.7740
    0.1411     48.7540
    0.1412     48.7340
    0.1413     48.7140
    0.1414     48.6940
    0.1415     48.6740
    0.1416     48.6540
    0.1417     48.6340
    0.1418     48.6140
    0.1419     48.5940
    0.1420     48.5740
    0.1421     48.5540
    0.1422     48.5340
    0.1424     48.4890
    0.1425     48.4651
    0.1426     48.4413
    0.1427     48.4174
    0.1428     48.3935
    0.1429     48.3697
    0.1430     48.3458
    0.1431     48.3220
    0.1432     48.2981
    0.1433     48.2742
    0.1434     48.2504
    0.1435     48.2265
    0.1436     48.2027
    0.1437     48.1788
    0.1438     48.1549
    0.1439     48.1311
    0.1440     48.1072
    0.1441     48.0834
    0.1442     48.0595
    0.1443     48.0356
    0.1444     48.0118
    0.1445     47.9879
    0.1446     47.9641
    0.1447     47.9402
    0.1448     47.9164
    0.1449     47.8925
    0.1450     47.8686
    0.1451     47.8448
    0.1452     47.8209
    0.1453     47.7971
    0.1454     47.7732
    0.1455     47.7493
    0.1456     47.7255
    0.1457     47.7016
    0.1458     47.6778
    0.1459     47.6539
    0.1460     47.6300
    0.1461     47.6062
    0.1462     47.5823
    0.1463     47.5585
    0.1464     47.5346
    0.1465     47.5107
    0.1466     47.4869
    0.1467     47.4630
    0.1468     47.4392
    0.1469     47.4153
    0.1470     47.3914
    0.1471     47.3676
    0.1472     47.3437
    0.1473     47.3199
    0.1474     47.2960
    0.1475     47.2721
    0.1476     47.2483
    0.1477     47.2244
    0.1478     47.2006
    0.1479     47.1767
    0.1481     47.1352
    0.1482     47.1161
    0.1483     47.0969
    0.1484     47.0778
    0.1485     47.0587
    0.1486     47.0396
    0.1487     47.0205
    0.1488     47.0014
    0.1489     46.9823
    0.1490     46.9632
    0.1491     46.9441
    0.1492     46.9250
    0.1493     46.9059
    0.1494     46.8868
    0.1495     46.8677
    0.1496     46.8486
    0.1497     46.8294
    0.1498     46.8103
    0.1499     46.7912
    0.1500     46.7721
    0.1501     46.7530
    0.1502     46.7339
    0.1503     46.7148
    0.1504     46.6957
    0.1505     46.6766
    0.1506     46.6575
    0.1507     46.6384
    0.1508     46.6193
    0.1509     46.6002
    0.1510     46.5811
    0.1511     46.5619
    0.1512     46.5428
    0.1513     46.5237
    0.1514     46.5046
    0.1515     46.4855
    0.1516     46.4664
    0.1517     46.4473
    0.1518     46.4282
    0.1519     46.4091
    0.1520     46.3900
    0.1521     46.3709
    0.1522     46.3518
    0.1523     46.3327
    0.1524     46.3136
    0.1525     46.2944
    0.1526     46.2753
    0.1527     46.2562
    0.1528     46.2371
    0.1529     46.2180
    0.1530     46.1989
    0.1531     46.1798
    0.1532     46.1607
    0.1533     46.1416
    0.1534     46.1225
    0.1535     46.1034
    0.1537     46.0623
    0.1538     46.0409
    0.1539     46.0196
    0.1540     45.9983
    0.1541     45.9769
    0.1542     45.9556
    0.1543     45.9343
    0.1544     45.9129
    0.1545     45.8916
    0.1546     45.8703
    0.1547     45.8489
    0.1548     45.8276
    0.1549     45.8063
    0.1550     45.7849
    0.1551     45.7636
    0.1552     45.7423
    0.1553     45.7209
    0.1554     45.6996
    0.1555     45.6783
    0.1556     45.6569
    0.1557     45.6356
    0.1558     45.6143
    0.1559     45.5929
    0.1560     45.5716
    0.1561     45.5503
    0.1562     45.5289
    0.1563     45.5076
    0.1564     45.4863
    0.1565     45.4649
    0.1566     45.4436
    0.1567     45.4223
    0.1568     45.4009
    0.1569     45.3796
    0.1570     45.3583
    0.1571     45.3369
    0.1572     45.3156
    0.1573     45.2943
    0.1574     45.2729
    0.1575     45.2516
    0.1576     45.2303
    0.1577     45.2089
    0.1578     45.1876
    0.1579     45.1663
    0.1580     45.1449
    0.1582     45.1029
    0.1583     45.0820
    0.1584     45.0611
    0.1585     45.0403
    0.1586     45.0194
    0.1587     44.9985
    0.1588     44.9777
    0.1589     44.9568
    0.1590     44.9359
    0.1591     44.9150
    0.1592     44.8942
    0.1593     44.8733
    0.1594     44.8524
    0.1595     44.8316
    0.1596     44.8107
    0.1597     44.7898
    0.1598     44.7690
    0.1599     44.7481
    0.1600     44.7272
    0.1601     44.7063
    0.1602     44.6855
    0.1603     44.6646
    0.1604     44.6437
    0.1605     44.6229
    0.1606     44.6020
    0.1607     44.5811
    0.1608     44.5603
    0.1609     44.5394
    0.1610     44.5185
    0.1611     44.4977
    0.1612     44.4768
    0.1613     44.4559
    0.1614     44.4350
    0.1615     44.4142
    0.1616     44.3933
    0.1617     44.3724
    0.1618     44.3516
    0.1619     44.3307
    0.1620     44.3098
    0.1621     44.2890
    0.1622     44.2681
    0.1623     44.2472
    0.1624     44.2263
    0.1625     44.2055
    0.1626     44.1846
    0.1628     44.1488
    0.1629     44.1325
    0.1630     44.1162
    0.1631     44.1000
    0.1632     44.0837
    0.1633     44.0674
    0.1634     44.0511
    0.1635     44.0348
    0.1636     44.0185
    0.1637     44.0022
    0.1638     43.9859
    0.1639     43.9696
    0.1640     43.9533
    0.1641     43.9370
    0.1642     43.9208
    0.1643     43.9045
    0.1644     43.8882
    0.1645     43.8719
    0.1646     43.8556
    0.1647     43.8393
    0.1648     43.8230
    0.1649     43.8067
    0.1650     43.7904
    0.1651     43.7741
    0.1652     43.7579
    0.1653     43.7416
    0.1654     43.7253
    0.1655     43.7090
    0.1656     43.6927
    0.1657     43.6764
    0.1658     43.6601
    0.1659     43.6438
    0.1660     43.6275
    0.1661     43.6112
    0.1662     43.5950
    0.1663     43.5787
    0.1664     43.5624
    0.1665     43.5461
    0.1666     43.5298
    0.1667     43.5135
    0.1668     43.4972
    0.1669     43.4809
    0.1670     43.4646
    0.1671     43.4483
    0.1672     43.4320
    0.1673     43.4158
    0.1674     43.3995
    0.1675     43.3832
    0.1676     43.3669
    0.1677     43.3506
    0.1678     43.3343
    0.1679     43.3180
    0.1680     43.3017
    0.1681     43.2854
    0.1682     43.2691
    0.1683     43.2529
    0.1684     43.2366
    0.1685     43.2203
    0.1686     43.2040
    0.1687     43.1877
    0.1688     43.1714
    0.1690     43.1337
    0.1691     43.1134
    0.1692     43.0932
    0.1693     43.0729
    0.1694     43.0526
    0.1695     43.0324
    0.1696     43.0121
    0.1697     42.9919
    0.1698     42.9716
    0.1699     42.9514
    0.1700     42.9311
    0.1701     42.9108
    0.1702     42.8906
    0.1703     42.8703
    0.1704     42.8501
    0.1705     42.8298
    0.1706     42.8096
    0.1707     42.7893
    0.1708     42.7691
    0.1709     42.7488
    0.1710     42.7285
    0.1711     42.7083
    0.1712     42.6880
    0.1713     42.6678
    0.1714     42.6475
    0.1715     42.6273
    0.1716     42.6070
    0.1717     42.5867
    0.1718     42.5665
    0.1719     42.5462
    0.1720     42.5260
    0.1721     42.5057
    0.1722     42.4855
    0.1723     42.4652
    0.1724     42.4449
    0.1725     42.4247
    0.1726     42.4044
    0.1727     42.3842
    0.1729     42.3471
    0.1730     42.3294
    0.1731     42.3118
    0.1732     42.2941
    0.1733     42.2765
    0.1734     42.2588
    0.1735     42.2412
    0.1736     42.2235
    0.1737     42.2059
    0.1738     42.1882
    0.1739     42.1706
    0.1740     42.1529
    0.1741     42.1353
    0.1742     42.1176
    0.1743     42.1000
    0.1744     42.0824
    0.1745     42.0647
    0.1746     42.0471
    0.1747     42.0294
    0.1748     42.0118
    0.1749     41.9941
    0.1750     41.9765
    0.1751     41.9588
    0.1752     41.9412
    0.1753     41.9235
    0.1754     41.9059
    0.1755     41.8882
    0.1756     41.8706
    0.1757     41.8529
    0.1758     41.8353
    0.1759     41.8176
    0.1760     41.8000
    0.1761     41.7824
    0.1762     41.7647
    0.1763     41.7471
    0.1764     41.7294
    0.1765     41.7118
    0.1766     41.6941
    0.1767     41.6765
    0.1768     41.6588
    0.1769     41.6412
    0.1770     41.6235
    0.1771     41.6059
    0.1772     41.5882
    0.1773     41.5706
    0.1774     41.5529
    0.1775     41.5353
    0.1776     41.5176
    0.1777     41.5000
    0.1778     41.4824
    0.1780     41.4408
    0.1781     41.4183
    0.1782     41.3958
    0.1783     41.3733
    0.1784     41.3508
    0.1785     41.3283
    0.1786     41.3058
    0.1787     41.2833
    0.1788     41.2608
    0.1789     41.2383
    0.1790     41.2158
    0.1791     41.1933
    0.1792     41.1708
    0.1793     41.1483
    0.1794     41.1258
    0.1795     41.1033
    0.1796     41.0808
    0.1797     41.0583
    0.1798     41.0358
    0.1799     41.0133
    0.1800     40.9908
    0.1801     40.9683
    0.1802     40.9458
    0.1803     40.9233
    0.1804     40.9008
    0.1805     40.8783
    0.1806     40.8558
    0.1807     40.8333
    0.1808     40.8108
    0.1809     40.7883
    0.1810     40.7658
    0.1811     40.7433
    0.1812     40.7208
    0.1813     40.6983
    0.1814     40.6758
    0.1815     40.6533
    0.1816     40.6308
    0.1817     40.6083
    0.1818     40.5858
    0.1820     40.5509
    0.1821     40.5362
    0.1822     40.5216
    0.1823     40.5069
    0.1824     40.4922
    0.1825     40.4775
    0.1826     40.4629
    0.1827     40.4482
    0.1828     40.4335
    0.1829     40.4188
    0.1830     40.4041
    0.1831     40.3895
    0.1832     40.3748
    0.1833     40.3601
    0.1834     40.3454
    0.1835     40.3308
    0.1836     40.3161
    0.1837     40.3014
    0.1838     40.2867
    0.1839     40.2720
    0.1840     40.2574
    0.1841     40.2427
    0.1842     40.2280
    0.1843     40.2133
    0.1844     40.1987
    0.1845     40.1840
    0.1846     40.1693
    0.1847     40.1546
    0.1848     40.1400
    0.1849     40.1253
    0.1850     40.1106
    0.1851     40.0959
    0.1852     40.0812
    0.1853     40.0666
    0.1854     40.0519
    0.1855     40.0372
    0.1856     40.0225
    0.1857     40.0079
    0.1858     39.9932
    0.1859     39.9785
    0.1860     39.9638
    0.1861     39.9491
    0.1862     39.9345
    0.1863     39.9198
    0.1864     39.9051
    0.1865     39.8904
    0.1866     39.8758
    0.1867     39.8611
    0.1868     39.8464
    0.1869     39.8317
    0.1870     39.8170
    0.1871     39.8024
    0.1872     39.7877
    0.1873     39.7730
    0.1874     39.7583
    0.1875     39.7437
    0.1876     39.7290
    0.1877     39.7143
    0.1878     39.6996
    0.1879     39.6850
    0.1880     39.6703
    0.1882     39.6376
    0.1883     39.6203
    0.1884     39.6030
    0.1885     39.5858
    0.1886     39.5685
    0.1887     39.5513
    0.1888     39.5340
    0.1889     39.5168
    0.1890     39.4995
    0.1891     39.4822
    0.1892     39.4650
    0.1893     39.4477
    0.1894     39.4305
    0.1895     39.4132
    0.1896     39.3960
    0.1897     39.3787
    0.1898     39.3614
    0.1899     39.3442
    0.1900     39.3269
    0.1901     39.3097
    0.1902     39.2924
    0.1903     39.2751
    0.1904     39.2579
    0.1905     39.2406
    0.1906     39.2234
    0.1907     39.2061
    0.1908     39.1889
    0.1909     39.1716
    0.1910     39.1543
    0.1911     39.1371
    0.1912     39.1198
    0.1913     39.1026
    0.1914     39.0853
    0.1915     39.0680
    0.1916     39.0508
    0.1917     39.0335
    0.1918     39.0163
    0.1919     38.9990
    0.1920     38.9818
    0.1921     38.9645
    0.1922     38.9472
    0.1923     38.9300
    0.1924     38.9127
    0.1925     38.8955
    0.1926     38.8782
    0.1927     38.8610
    0.1928     38.8437
    0.1929     38.8264
    0.1930     38.8092
    0.1931     38.7919
    0.1932     38.7747
    0.1933     38.7574
    0.1934     38.7401
    0.1935     38.7229
    0.1936     38.7056
    0.1937     38.6884
    0.1938     38.6711
    0.1939     38.6539
    0.1940     38.6366
    0.1941     38.6193
    0.1942     38.6021
    0.1944     38.5663
    0.1945     38.5481
    0.1946     38.5299
    0.1947     38.5116
    0.1948     38.4934
    0.1949     38.4752
    0.1950     38.4570
    0.1951     38.4387
    0.1952     38.4205
    0.1953     38.4023
    0.1954     38.3840
    0.1955     38.3658
    0.1956     38.3476
    0.1957     38.3294
    0.1958     38.3111
    0.1959     38.2929
    0.1960     38.2747
    0.1961     38.2565
    0.1962     38.2382
    0.1963     38.2200
    0.1964     38.2018
    0.1965     38.1836
    0.1966     38.1653
    0.1967     38.1471
    0.1968     38.1289
    0.1969     38.1107
    0.1970     38.0924
    0.1971     38.0742
    0.1972     38.0560
    0.1973     38.0378
    0.1974     38.0195
    0.1975     38.0013
    0.1976     37.9831
    0.1977     37.9649
    0.1978     37.9466
    0.1979     37.9284
    0.1980     37.9102
    0.1981     37.8920
    0.1982     37.8737
    0.1983     37.8555
    0.1984     37.8373
    0.1985     37.8190
    0.1986     37.8008
    0.1987     37.7826
    0.1988     37.7644
    0.1989     37.7461
    0.1990     37.7279
    0.1991     37.7097
    0.1992     37.6915
    0.1993     37.6732
    0.1994     37.6550
    0.1995     37.6368
    0.1996     37.6186
    0.1997     37.6003
    0.1998     37.5821
    0.1999     37.5639
    0.2000     37.5457
    0.2001     37.5274
    0.2002     37.5092
    0.2003     37.4910
    0.2004     37.4728
    0.2006     37.4401
    0.2007     37.4248
    0.2008     37.4094
    0.2009     37.3941
    0.2010     37.3788
    0.2011     37.3635
    0.2012     37.3481
    0.2013     37.3328
    0.2014     37.3175
    0.2015     37.3022
    0.2016     37.2869
    0.2017     37.2715
    0.2018     37.2562
    0.2019     37.2409
    0.2020     37.2256
    0.2021     37.2102
    0.2022     37.1949
    0.2023     37.1796
    0.2024     37.1643
    0.2025     37.1490
    0.2026     37.1336
    0.2027     37.1183
    0.2028     37.1030
    0.2029     37.0877
    0.2030     37.0723
    0.2031     37.0570
    0.2032     37.0417
    0.2033     37.0264
    0.2034     37.0110
    0.2035     36.9957
    0.2036     36.9804
    0.2037     36.9651
    0.2038     36.9498
    0.2039     36.9344
    0.2040     36.9191
    0.2041     36.9038
    0.2042     36.8885
    0.2043     36.8731
    0.2044     36.8578
    0.2045     36.8425
    0.2046     36.8272
    0.2047     36.8119
    0.2048     36.7965
    0.2049     36.7812
    0.2050     36.7659
    0.2051     36.7506
    0.2052     36.7352
    0.2053     36.7199
    0.2054     36.7046
    0.2055     36.6893
    0.2056     36.6740
    0.2057     36.6586
    0.2058     36.6433
    0.2059     36.6280
    0.2060     36.6127
    0.2061     36.5973
    0.2062     36.5820
    0.2063     36.5667
    0.2064     36.5514
    0.2065     36.5360
    0.2066     36.5207
    0.2068     36.4843
    0.2069     36.4646
    0.2070     36.4448
    0.2071     36.4251
    0.2072     36.4053
    0.2073     36.3856
    0.2074     36.3658
    0.2075     36.3461
    0.2076     36.3263
    0.2077     36.3066
    0.2078     36.2868
    0.2079     36.2671
    0.2080     36.2473
    0.2081     36.2276
    0.2082     36.2078
    0.2083     36.1881
    0.2084     36.1683
    0.2085     36.1486
    0.2086     36.1288
    0.2087     36.1091
    0.2088     36.0893
    0.2089     36.0696
    0.2090     36.0498
    0.2091     36.0301
    0.2092     36.0103
    0.2093     35.9906
    0.2094     35.9708
    0.2095     35.9511
    0.2096     35.9313
    0.2097     35.9116
    0.2098     35.8918
    0.2099     35.8721
    0.2100     35.8523
    0.2101     35.8326
    0.2102     35.8128
    0.2103     35.7931
    0.2104     35.7733
    0.2105     35.7536
    0.2106     35.7338
    0.2108     35.6999
    0.2109     35.6844
    0.2110     35.6689
    0.2111     35.6534
    0.2112     35.6380
    0.2113     35.6225
    0.2114     35.6070
    0.2115     35.5915
    0.2116     35.5760
    0.2117     35.5606
    0.2118     35.5451
    0.2119     35.5296
    0.2120     35.5141
    0.2121     35.4986
    0.2122     35.4832
    0.2123     35.4677
    0.2124     35.4522
    0.2125     35.4367
    0.2126     35.4212
    0.2127     35.4058
    0.2128     35.3903
    0.2129     35.3748
    0.2130     35.3593
    0.2131     35.3438
    0.2132     35.3284
    0.2133     35.3129
    0.2134     35.2974
    0.2135     35.2819
    0.2136     35.2665
    0.2137     35.2510
    0.2138     35.2355
    0.2139     35.2200
    0.2140     35.2045
    0.2141     35.1891
    0.2142     35.1736
    0.2143     35.1581
    0.2144     35.1426
    0.2145     35.1271
    0.2146     35.1117
    0.2147     35.0962
    0.2148     35.0807
    0.2149     35.0652
    0.2150     35.0497
    0.2151     35.0343
    0.2152     35.0188
    0.2153     35.0033
    0.2154     34.9878
    0.2155     34.9723
    0.2156     34.9569
    0.2157     34.9414
    0.2158     34.9259
    0.2159     34.9104
    0.2160     34.8949
    0.2161     34.8795
    0.2162     34.8640
    0.2163     34.8485
    0.2164     34.8330
    0.2165     34.8175
    0.2166     34.8021
    0.2167     34.7866
    0.2168     34.7711
    0.2169     34.7556
    0.2170     34.7402
    0.2171     34.7247
    0.2172     34.7092
    0.2173     34.6937
    0.2174     34.6782
    0.2175     34.6628
    0.2176     34.6473
    0.2177     34.6318
    0.2178     34.6163
    0.2179     34.6008
    0.2181     34.5695
    0.2182     34.5537
    0.2183     34.5379
    0.2184     34.5221
    0.2185     34.5063
    0.2186     34.4905
    0.2187     34.4747
    0.2188     34.4589
    0.2189     34.4432
    0.2190     34.4274
    0.2191     34.4116
    0.2192     34.3958
    0.2193     34.3800
    0.2194     34.3642
    0.2195     34.3484
    0.2196     34.3326
    0.2197     34.3168
    0.2198     34.3011
    0.2199     34.2853
    0.2200     34.2695
    0.2201     34.2537
    0.2202     34.2379
    0.2203     34.2221
    0.2204     34.2063
    0.2205     34.1905
    0.2206     34.1747
    0.2207     34.1589
    0.2208     34.1432
    0.2209     34.1274
    0.2210     34.1116
    0.2211     34.0958
    0.2212     34.0800
    0.2213     34.0642
    0.2214     34.0484
    0.2215     34.0326
    0.2216     34.0168
    0.2217     34.0011
    0.2218     33.9853
    0.2219     33.9695
    0.2220     33.9537
    0.2221     33.9379
    0.2222     33.9221
    0.2223     33.9063
    0.2224     33.8905
    0.2225     33.8747
    0.2226     33.8589
    0.2227     33.8432
    0.2228     33.8274
    0.2229     33.8116
    0.2230     33.7958
    0.2231     33.7800
    0.2232     33.7642
    0.2233     33.7484
    0.2234     33.7326
    0.2235     33.7168
    0.2236     33.7011
    0.2238     33.6716
    0.2239     33.6575
    0.2240     33.6434
    0.2241     33.6293
    0.2242     33.6152
    0.2243     33.6011
    0.2244     33.5869
    0.2245     33.5728
    0.2246     33.5587
    0.2247     33.5446
    0.2248     33.5305
    0.2249     33.5164
    0.2250     33.5022
    0.2251     33.4881
    0.2252     33.4740
    0.2253     33.4599
    0.2254     33.4458
    0.2255     33.4316
    0.2256     33.4175
    0.2257     33.4034
    0.2258     33.3893
    0.2259     33.3752
    0.2260     33.3611
    0.2261     33.3469
    0.2262     33.3328
    0.2263     33.3187
    0.2264     33.3046
    0.2265     33.2905
    0.2266     33.2764
    0.2267     33.2622
    0.2268     33.2481
    0.2269     33.2340
    0.2270     33.2199
    0.2271     33.2058
    0.2272     33.1916
    0.2273     33.1775
    0.2274     33.1634
    0.2275     33.1493
    0.2276     33.1352
    0.2277     33.1211
    0.2278     33.1069
    0.2279     33.0928
    0.2280     33.0787
    0.2281     33.0646
    0.2282     33.0505
    0.2283     33.0364
    0.2284     33.0222
    0.2285     33.0081
    0.2286     32.9940
    0.2287     32.9799
    0.2288     32.9658
    0.2289     32.9516
    0.2290     32.9375
    0.2291     32.9234
    0.2292     32.9093
    0.2293     32.8952
    0.2294     32.8811
    0.2295     32.8669
    0.2296     32.8528
    0.2297     32.8387
    0.2298     32.8246
    0.2299     32.8105
    0.2300     32.7964
    0.2301     32.7822
    0.2302     32.7681
    0.2303     32.7540
    0.2304     32.7399
    0.2306     32.7099
    0.2307     32.6944
    0.2308     32.6789
    0.2309     32.6634
    0.2310     32.6480
    0.2311     32.6325
    0.2312     32.6170
    0.2313     32.6015
    0.2314     32.5860
    0.2315     32.5706
    0.2316     32.5551
    0.2317     32.5396
    0.2318     32.5241
    0.2319     32.5086
    0.2320     32.4932
    0.2321     32.4777
    0.2322     32.4622
    0.2323     32.4467
    0.2324     32.4312
    0.2325     32.4158
    0.2326     32.4003
    0.2327     32.3848
    0.2328     32.3693
    0.2329     32.3538
    0.2330     32.3384
    0.2331     32.3229
    0.2332     32.3074
    0.2333     32.2919
    0.2334     32.2765
    0.2335     32.2610
    0.2336     32.2455
    0.2337     32.2300
    0.2338     32.2145
    0.2339     32.1991
    0.2340     32.1836
    0.2341     32.1681
    0.2342     32.1526
    0.2343     32.1371
    0.2344     32.1217
    0.2345     32.1062
    0.2346     32.0907
    0.2347     32.0752
    0.2348     32.0597
    0.2349     32.0443
    0.2350     32.0288
    0.2351     32.0133
    0.2352     31.9978
    0.2353     31.9823
    0.2354     31.9669
    0.2355     31.9514
    0.2356     31.9359
    0.2357     31.9204
    0.2358     31.9049
    0.2359     31.8895
    0.2360     31.8740
    0.2361     31.8585
    0.2362     31.8430
    0.2363     31.8275
    0.2364     31.8121
    0.2365     31.7966
    0.2366     31.7811
    0.2367     31.7656
    0.2368     31.7502
    0.2369     31.7347
    0.2370     31.7192
    0.2371     31.7037
    0.2372     31.6882
    0.2373     31.6728
    0.2374     31.6573
    0.2375     31.6418
    0.2376     31.6263
    0.2377     31.6108
    0.2379     31.5799
    0.2380     31.5644
    0.2381     31.5489
    0.2382     31.5334
    0.2383     31.5179
    0.2384     31.5024
    0.2385     31.4869
    0.2386     31.4714
    0.2387     31.4559
    0.2388     31.4405
    0.2389     31.4250
    0.2390     31.4095
    0.2391     31.3940
    0.2392     31.3785
    0.2393     31.3630
    0.2394     31.3475
    0.2395     31.3320
    0.2396     31.3165
    0.2397     31.3010
    0.2398     31.2855
    0.2399     31.2701
    0.2400     31.2546
    0.2401     31.2391
    0.2402     31.2236
    0.2403     31.2081
    0.2404     31.1926
    0.2405     31.1771
    0.2406     31.1616
    0.2407     31.1461
    0.2408     31.1306
    0.2409     31.1152
    0.2410     31.0997
    0.2411     31.0842
    0.2412     31.0687
    0.2413     31.0532
    0.2414     31.0377
    0.2415     31.0222
    0.2416     31.0067
    0.2417     30.9912
    0.2418     30.9757
    0.2419     30.9603
    0.2420     30.9448
    0.2421     30.9293
    0.2422     30.9138
    0.2423     30.8983
    0.2424     30.8828
    0.2425     30.8673
    0.2426     30.8518
    0.2427     30.8363
    0.2428     30.8208
    0.2430     30.7877
    0.2431     30.7705
    0.2432     30.7533
    0.2433     30.7361
    0.2434     30.7189
    0.2435     30.7018
    0.2436     30.6846
    0.2437     30.6674
    0.2438     30.6502
    0.2439     30.6331
    0.2440     30.6159
    0.2441     30.5987
    0.2442     30.5815
    0.2443     30.5643
    0.2444     30.5472
    0.2445     30.5300
    0.2446     30.5128
    0.2447     30.4956
    0.2448     30.4784
    0.2449     30.4613
    0.2450     30.4441
    0.2451     30.4269
    0.2452     30.4097
    0.2453     30.3925
    0.2454     30.3754
    0.2455     30.3582
    0.2456     30.3410
    0.2457     30.3238
    0.2458     30.3066
    0.2459     30.2895
    0.2460     30.2723
    0.2461     30.2551
    0.2462     30.2379
    0.2463     30.2207
    0.2464     30.2036
    0.2465     30.1864
    0.2466     30.1692
    0.2467     30.1520
    0.2468     30.1348
    0.2469     30.1177
    0.2470     30.1005
    0.2471     30.0833
    0.2472     30.0661
    0.2473     30.0489
    0.2474     30.0318
    0.2475     30.0146
    0.2476     29.9974
    0.2477     29.9802
    0.2478     29.9631
    0.2479     29.9459
    0.2480     29.9287
    0.2481     29.9115
    0.2482     29.8943
    0.2483     29.8772
    0.2484     29.8600
    0.2485     29.8428
    0.2486     29.8256
    0.2487     29.8084
    0.2488     29.7913
    0.2489     29.7741
    0.2490     29.7569
    0.2491     29.7397
    0.2492     29.7225
    0.2493     29.7054
    0.2494     29.6882
    0.2495     29.6710
    0.2496     29.6538
    0.2497     29.6366
    0.2498     29.6195
    0.2499     29.6023
    0.2500     29.5851
    0.2501     29.5679
    0.2502     29.5507
    0.2503     29.5336
    0.2504     29.5164
    0.2505     29.4992
    0.2506     29.4820
    0.2507     29.4648
    0.2508     29.4477
    0.2509     29.4305
    0.2510     29.4133
    0.2511     29.3961
    0.2512     29.3789
    0.2513     29.3618
    0.2514     29.3446
    0.2515     29.3274
    0.2516     29.3102
    0.2517     29.2931
    0.2518     29.2759
    0.2519     29.2587
    0.2520     29.2415
    0.2521     29.2243
    0.2522     29.2072
    0.2523     29.1900
    0.2524     29.1728
    0.2525     29.1556
    0.2526     29.1384
    0.2527     29.1213
    0.2528     29.1041
    0.2529     29.0869
    0.2530     29.0697
    0.2531     29.0525
    0.2532     29.0354
    0.2533     29.0182
    0.2534     29.0010
    0.2535     28.9838
    0.2536     28.9666
    0.2537     28.9495
    0.2538     28.9323
    0.2539     28.9151
    0.2540     28.8979
    0.2541     28.8807
    0.2542     28.8636
    0.2543     28.8464
    0.2544     28.8292
    0.2545     28.8120
    0.2546     28.7948
    0.2547     28.7777
    0.2548     28.7605
    0.2549     28.7433
    0.2550     28.7261
    0.2551     28.7089
    0.2552     28.6918
    0.2553     28.6746
    0.2554     28.6574
    0.2555     28.6402
    0.2556     28.6231
    0.2557     28.6059
    0.2558     28.5887
    0.2559     28.5715
    0.2560     28.5543
    0.2561     28.5372
    0.2562     28.5200
    0.2563     28.5028
    0.2564     28.4856
    0.2565     28.4684
    0.2566     28.4513
    0.2567     28.4341
    0.2568     28.4169
    0.2569     28.3997
    0.2570     28.3825
    0.2571     28.3654
    0.2572     28.3482
    0.2573     28.3310
    0.2574     28.3138
    0.2575     28.2966
    0.2576     28.2795
    0.2577     28.2623
    0.2578     28.2451
    0.2579     28.2279
    0.2580     28.2107
    0.2581     28.1936
    0.2582     28.1764
    0.2583     28.1592
    0.2584     28.1420
    0.2585     28.1248
    0.2586     28.1077
    0.2587     28.0905
    0.2588     28.0733
    0.2589     28.0561
    0.2590     28.0389
    0.2591     28.0218
    0.2592     28.0046
    0.2593     27.9874
    0.2594     27.9702
    0.2595     27.9531
    0.2596     27.9359
    0.2597     27.9187
    0.2598     27.9015
    0.2599     27.8843
    0.2600     27.8672
    0.2601     27.8500
    0.2602     27.8328
    0.2603     27.8156
    0.2604     27.7984
    0.2605     27.7813
    0.2606     27.7641
    0.2607     27.7469
    0.2608     27.7297
    0.2609     27.7125
    0.2610     27.6954
    0.2611     27.6782
    0.2612     27.6610
    0.2613     27.6438
    0.2614     27.6266
    0.2615     27.6095
    0.2616     27.5923
    0.2617     27.5751
    0.2618     27.5579
    0.2619     27.5407
    0.2620     27.5236
    0.2621     27.5064
    0.2622     27.4892
    0.2623     27.4720
    0.2624     27.4548
    0.2625     27.4377
    0.2626     27.4205
    0.2627     27.4033
    0.2628     27.3861
    0.2629     27.3689
    0.2630     27.3518
    0.2631     27.3346
    0.2632     27.3174
    0.2633     27.3002
    0.2634     27.2831
    0.2635     27.2659
    0.2636     27.2487
    0.2637     27.2315
    0.2638     27.2143
    0.2639     27.1972
    0.2640     27.1800
    0.2641     27.1628
    0.2642     27.1456
    0.2643     27.1284
    0.2644     27.1113
    0.2645     27.0941
    0.2646     27.0769
    0.2647     27.0597
    0.2648     27.0425
    0.2649     27.0254
    0.2650     27.0082
    0.2651     26.9910
    0.2652     26.9738
    0.2653     26.9566
    0.2654     26.9395
    0.2655     26.9223
    0.2656     26.9051
    0.2657     26.8879
    0.2658     26.8707
    0.2659     26.8536
    0.2660     26.8364
    0.2661     26.8192
    0.2662     26.8020
    0.2663     26.7848
    0.2664     26.7677
    0.2665     26.7505
    0.2666     26.7333
    0.2667     26.7161
    0.2668     26.6989
    0.2669     26.6818
    0.2670     26.6646
    0.2671     26.6474
    0.2672     26.6302
    0.2673     26.6131
    0.2674     26.5959
    0.2675     26.5787
    0.2676     26.5615
    0.2677     26.5443
    0.2678     26.5272
    0.2679     26.5100
    0.2680     26.4928
    0.2681     26.4756
    0.2682     26.4584
    0.2683     26.4413
    0.2684     26.4241
    0.2685     26.4069
    0.2686     26.3897
    0.2687     26.3725
    0.2688     26.3554
    0.2689     26.3382
    0.2690     26.3210
    0.2691     26.3038
    0.2692     26.2866
    0.2693     26.2695
    0.2694     26.2523
    0.2695     26.2351
    0.2696     26.2179
    0.2697     26.2007
    0.2698     26.1836
    0.2699     26.1664
    0.2700     26.1492
    0.2701     26.1320
    0.2702     26.1148
    0.2703     26.0977
    0.2704     26.0805
    0.2705     26.0633
    0.2706     26.0461
    0.2707     26.0289
    0.2708     26.0118
    0.2709     25.9946
    0.2710     25.9774
    0.2711     25.9602
    0.2712     25.9431
    0.2713     25.9259
    0.2714     25.9087
    0.2715     25.8915
    0.2716     25.8743
    0.2717     25.8572
    0.2718     25.8400
    0.2719     25.8228
    0.2720     25.8056
    0.2721     25.7884
    0.2722     25.7713
    0.2723     25.7541
    0.2724     25.7369
    0.2725     25.7197
    0.2726     25.7025
    0.2727     25.6854
    0.2728     25.6682
    0.2729     25.6510
    0.2730     25.6338
    0.2731     25.6166
    0.2732     25.5995
    0.2733     25.5823
    0.2734     25.5651
    0.2735     25.5479
    0.2736     25.5307
    0.2737     25.5136
    0.2738     25.4964
    0.2739     25.4792
    0.2740     25.4620
    0.2741     25.4448
    0.2742     25.4277
    0.2743     25.4105
    0.2744     25.3933
    0.2745     25.3761
    0.2746     25.3589
    0.2747     25.3418
    0.2748     25.3246
    0.2749     25.3074
    0.2750     25.2902
    0.2751     25.2731
    0.2752     25.2559
    0.2753     25.2387
    0.2754     25.2215
    0.2755     25.2043
    0.2756     25.1872
    0.2757     25.1700
    0.2758     25.1528
    0.2759     25.1356
    0.2760     25.1184
    0.2761     25.1013
    0.2762     25.0841
    0.2763     25.0669
    0.2764     25.0497
    0.2765     25.0325
    0.2766     25.0154
    0.2767     24.9982
    0.2768     24.9810
    0.2769     24.9638
    0.2770     24.9466
    0.2771     24.9295
    0.2772     24.9123
    0.2773     24.8951
    0.2774     24.8779
    0.2775     24.8607
    0.2776     24.8436
    0.2777     24.8264
    0.2778     24.8092
    0.2779     24.7920
    0.2780     24.7748
    0.2781     24.7577
    0.2782     24.7405
    0.2783     24.7233
    0.2784     24.7061
    0.2785     24.6889
    0.2786     24.6718
    0.2787     24.6546
    0.2788     24.6374
    0.2789     24.6202
    0.2790     24.6031
    0.2791     24.5859
    0.2792     24.5687
    0.2793     24.5515
    0.2794     24.5343
    0.2795     24.5172
    0.2796     24.5000
    0.2797     24.4828
    0.2798     24.4656
    0.2799     24.4484
    0.2800     24.4313
    0.2801     24.4141
    0.2802     24.3969
    0.2803     24.3797
    0.2804     24.3625
    0.2805     24.3454
    0.2806     24.3282
    0.2807     24.3110
    0.2808     24.2938
    0.2809     24.2766
    0.2810     24.2595
    0.2811     24.2423
    0.2812     24.2251
    0.2813     24.2079
    0.2814     24.1907
    0.2815     24.1736
    0.2816     24.1564
    0.2817     24.1392
    0.2818     24.1220
    0.2819     24.1048
    0.2820     24.0877
    0.2821     24.0705
    0.2822     24.0533
    0.2823     24.0361
    0.2824     24.0189
    0.2825     24.0018
    0.2826     23.9846
    0.2827     23.9674
    0.2828     23.9502
    0.2829     23.9331
    0.2830     23.9159
    0.2831     23.8987
    0.2832     23.8815
    0.2833     23.8643
    0.2834     23.8472
    0.2835     23.8300
    0.2836     23.8128
    0.2837     23.7956
    0.2838     23.7784
    0.2839     23.7613
    0.2840     23.7441
    0.2841     23.7269
    0.2842     23.7097
    0.2843     23.6925
    0.2844     23.6754
    0.2845     23.6582
    0.2846     23.6410
    0.2847     23.6238
    0.2848     23.6066
    0.2849     23.5895
    0.2850     23.5723
    0.2851     23.5551
    0.2852     23.5379
    0.2853     23.5207
    0.2854     23.5036
    0.2855     23.4864
    0.2856     23.4692
    0.2857     23.4520
    0.2858     23.4348
    0.2859     23.4177
    0.2860     23.4005
    0.2861     23.3833
    0.2862     23.3661
    0.2863     23.3489
    0.2864     23.3318
    0.2865     23.3146
    0.2866     23.2974
    0.2867     23.2802
    0.2868     23.2631
    0.2869     23.2459
    0.2870     23.2287
    0.2871     23.2115
    0.2872     23.1943
    0.2873     23.1772
    0.2874     23.1600
    0.2875     23.1428
    0.2876     23.1256
    0.2877     23.1084
    0.2878     23.0913
    0.2879     23.0741
    0.2880     23.0569
    0.2881     23.0397
    0.2882     23.0225
    0.2883     23.0054
    0.2884     22.9882
    0.2885     22.9710
    0.2886     22.9538
    0.2887     22.9366
    0.2888     22.9195
    0.2889     22.9023
    0.2890     22.8851
    0.2891     22.8679
    0.2892     22.8507
    0.2893     22.8336
    0.2894     22.8164
    0.2895     22.7992
    0.2896     22.7820
    0.2897     22.7648
    0.2898     22.7477
    0.2899     22.7305
    0.2900     22.7133
    0.2901     22.6961
    0.2902     22.6789
    0.2903     22.6618
    0.2904     22.6446
    0.2905     22.6274
    0.2906     22.6102
    0.2907     22.5931
    0.2908     22.5759
    0.2909     22.5587
    0.2910     22.5415
    0.2911     22.5243
    0.2912     22.5072
    0.2913     22.4900
    0.2914     22.4728
    0.2915     22.4556
    0.2916     22.4384
    0.2917     22.4213
    0.2918     22.4041
    0.2919     22.3869
    0.2920     22.3697
    0.2921     22.3525
    0.2922     22.3354
    0.2923     22.3182
    0.2924     22.3010
    0.2925     22.2838
    0.2926     22.2666
    0.2927     22.2495
    0.2928     22.2323
    0.2929     22.2151
    0.2930     22.1979
    0.2931     22.1807
    0.2932     22.1636
    0.2933     22.1464
    0.2934     22.1292
    0.2935     22.1120
    0.2936     22.0948
    0.2937     22.0777
    0.2938     22.0605
    0.2939     22.0433
    0.2940     22.0261
    0.2941     22.0089
    0.2942     21.9918
    0.2943     21.9746
    0.2944     21.9574
    0.2945     21.9402
    0.2946     21.9231
    0.2947     21.9059
    0.2948     21.8887
    0.2949     21.8715
    0.2950     21.8543
    0.2951     21.8372
    0.2952     21.8200
    0.2953     21.8028
    0.2954     21.7856
    0.2955     21.7684
    0.2956     21.7513
    0.2957     21.7341
    0.2958     21.7169
    0.2959     21.6997
    0.2960     21.6825
    0.2961     21.6654
    0.2962     21.6482
    0.2963     21.6310
    0.2964     21.6138
    0.2965     21.5966
    0.2966     21.5795
    0.2967     21.5623
    0.2968     21.5451
    0.2969     21.5279
    0.2970     21.5107
    0.2971     21.4936
    0.2972     21.4764
    0.2973     21.4592
    0.2974     21.4420
    0.2975     21.4248
    0.2976     21.4077
    0.2977     21.3905
    0.2978     21.3733
    0.2979     21.3561
    0.2980     21.3389
    0.2981     21.3218
    0.2982     21.3046
    0.2983     21.2874
    0.2984     21.2702
    0.2985     21.2531
    0.2986     21.2359
    0.2987     21.2187
    0.2988     21.2015
    0.2989     21.1843
    0.2990     21.1672
    0.2991     21.1500
    0.2992     21.1328
    0.2993     21.1156
    0.2994     21.0984
    0.2995     21.0813
    0.2996     21.0641
    0.2997     21.0469
    0.2998     21.0297
    0.2999     21.0125
    0.3000     20.9954
    0.3001     20.9782
    0.3002     20.9610
    0.3003     20.9438
    0.3004     20.9266
    0.3005     20.9095
    0.3006     20.8923
    0.3007     20.8751
    0.3008     20.8579
    0.3009     20.8407
    0.3010     20.8236
    0.3011     20.8064
    0.3012     20.7892
    0.3013     20.7720
    0.3014     20.7548
    0.3015     20.7377
    0.3016     20.7205
    0.3017     20.7033
    0.3018     20.6861
    0.3019     20.6689
    0.3020     20.6518
    0.3021     20.6346
    0.3022     20.6174
    0.3023     20.6002
    0.3024     20.5831
    0.3025     20.5659
    0.3026     20.5487
    0.3027     20.5315
    0.3028     20.5143
    0.3029     20.4972
    0.3030     20.4800
    0.3031     20.4628
    0.3032     20.4456
    0.3033     20.4284
    0.3034     20.4113
    0.3035     20.3941
    0.3036     20.3769
    0.3037     20.3597
    0.3038     20.3425
    0.3039     20.3254
    0.3040     20.3082
    0.3041     20.2910
    0.3042     20.2738
    0.3043     20.2566
    0.3044     20.2395
    0.3045     20.2223
    0.3046     20.2051
    0.3047     20.1879
    0.3048     20.1707
    0.3049     20.1536
    0.3050     20.1364
    0.3051     20.1192
    0.3052     20.1020
    0.3053     20.0848
    0.3054     20.0677
    0.3055     20.0505
    0.3056     20.0333
    0.3057     20.0161
    0.3058     19.9989
    0.3059     19.9818
    0.3060     19.9646
    0.3061     19.9474
    0.3062     19.9302
    0.3063     19.9131
    0.3064     19.8959
    0.3065     19.8787
    0.3066     19.8615
    0.3067     19.8443
    0.3068     19.8272
    0.3069     19.8100
    0.3070     19.7928
    0.3071     19.7756
    0.3072     19.7584
    0.3073     19.7413
    0.3074     19.7241
    0.3075     19.7069
    0.3076     19.6897
    0.3077     19.6725
    0.3078     19.6554
    0.3079     19.6382
    0.3080     19.6210
    0.3081     19.6038
    0.3082     19.5866
    0.3083     19.5695
    0.3084     19.5523
    0.3085     19.5351
    0.3086     19.5179
    0.3087     19.5007
    0.3088     19.4836
    0.3089     19.4664
    0.3090     19.4492
    0.3091     19.4320
    0.3092     19.4148
    0.3093     19.3977
    0.3094     19.3805
    0.3095     19.3633
    0.3096     19.3461
    0.3097     19.3289
    0.3098     19.3118
    0.3099     19.2946
    0.3100     19.2774
    0.3101     19.2602
    0.3102     19.2431
    0.3103     19.2259
    0.3104     19.2087
    0.3105     19.1915
    0.3106     19.1743
    0.3107     19.1572
    0.3108     19.1400
    0.3109     19.1228
    0.3110     19.1056
    0.3111     19.0884
    0.3112     19.0713
    0.3113     19.0541
    0.3114     19.0369
    0.3115     19.0197
    0.3116     19.0025
    0.3117     18.9854
    0.3118     18.9682
    0.3119     18.9510
    0.3120     18.9338
    0.3121     18.9166
    0.3122     18.8995
    0.3123     18.8823
    0.3124     18.8651
    0.3125     18.8479
    0.3126     18.8307
    0.3127     18.8136
    0.3128     18.7964
    0.3129     18.7792
    0.3130     18.7620
    0.3131     18.7448
    0.3132     18.7277
    0.3133     18.7105
    0.3134     18.6933
    0.3135     18.6761
    0.3136     18.6589
    0.3137     18.6418
    0.3138     18.6246
    0.3139     18.6074
    0.3140     18.5902
    0.3141     18.5731
    0.3142     18.5559
    0.3143     18.5387
    0.3144     18.5215
    0.3145     18.5043
    0.3146     18.4872
    0.3147     18.4700
    0.3148     18.4528
    0.3149     18.4356
    0.3150     18.4184
    0.3151     18.4013
    0.3152     18.3841
    0.3153     18.3669
    0.3154     18.3497
    0.3155     18.3325
    0.3156     18.3154
    0.3157     18.2982
    0.3158     18.2810
    0.3159     18.2638
    0.3160     18.2466
    0.3161     18.2295
    0.3162     18.2123
    0.3163     18.1951
    0.3164     18.1779
    0.3165     18.1607
    0.3166     18.1436
    0.3167     18.1264
    0.3168     18.1092
    0.3169     18.0920
    0.3170     18.0748
    0.3171     18.0577
    0.3172     18.0405
    0.3173     18.0233
    0.3174     18.0061
    0.3175     17.9889
    0.3176     17.9718
    0.3177     17.9546
    0.3178     17.9374
    0.3179     17.9202
    0.3180     17.9031
    0.3181     17.8859
    0.3182     17.8687
    0.3183     17.8515
    0.3184     17.8343
    0.3185     17.8172
    0.3186     17.8000
    0.3187     17.7828
    0.3188     17.7656
    0.3189     17.7484
    0.3190     17.7313
    0.3191     17.7141
    0.3192     17.6969
    0.3193     17.6797
    0.3194     17.6625
    0.3195     17.6454
    0.3196     17.6282
    0.3197     17.6110
    0.3198     17.5938
    0.3199     17.5766
    0.3200     17.5595
    0.3201     17.5423
    0.3202     17.5251
    0.3203     17.5079
    0.3204     17.4907
    0.3205     17.4736
    0.3206     17.4564
    0.3207     17.4392
    0.3208     17.4220
    0.3209     17.4048
    0.3210     17.3877
    0.3211     17.3705
    0.3212     17.3533
    0.3213     17.3361
    0.3214     17.3189
    0.3215     17.3018
    0.3216     17.2846
    0.3217     17.2674
    0.3218     17.2502
    0.3219     17.2331
    0.3220     17.2159
    0.3221     17.1987
    0.3222     17.1815
    0.3223     17.1643
    0.3224     17.1472
    0.3225     17.1300
    0.3226     17.1128
    0.3227     17.0956
    0.3228     17.0784
    0.3229     17.0613
    0.3230     17.0441
    0.3231     17.0269
    0.3232     17.0097
    0.3233     16.9925
    0.3234     16.9754
    0.3235     16.9582
    0.3236     16.9410
    0.3237     16.9238
    0.3238     16.9066
    0.3239     16.8895
    0.3240     16.8723
    0.3241     16.8551
    0.3242     16.8379
    0.3243     16.8207
    0.3244     16.8036
    0.3245     16.7864
    0.3246     16.7692
    0.3247     16.7520
    0.3248     16.7348
    0.3249     16.7177
    0.3250     16.7005
    0.3251     16.6833
    0.3252     16.6661
    0.3253     16.6489
    0.3254     16.6318
    0.3255     16.6146
    0.3256     16.5974
    0.3257     16.5802
    0.3258     16.5631
    0.3259     16.5459
    0.3260     16.5287
    0.3261     16.5115
    0.3262     16.4943
    0.3263     16.4772
    0.3264     16.4600
    0.3265     16.4428
    0.3266     16.4256
    0.3267     16.4084
    0.3268     16.3913
    0.3269     16.3741
    0.3270     16.3569
    0.3271     16.3397
    0.3272     16.3225
    0.3273     16.3054
    0.3274     16.2882
    0.3275     16.2710
    0.3276     16.2538
    0.3277     16.2366
    0.3278     16.2195
    0.3279     16.2023
    0.3280     16.1851
    0.3281     16.1679
    0.3282     16.1507
    0.3283     16.1336
    0.3284     16.1164
    0.3285     16.0992
    0.3286     16.0820
    0.3287     16.0648
    0.3288     16.0477
    0.3289     16.0305
    0.3290     16.0133
    0.3291     15.9961
    0.3292     15.9789
    0.3293     15.9618
    0.3294     15.9446
    0.3295     15.9274
    0.3296     15.9102
    0.3297     15.8931
    0.3298     15.8759
    0.3299     15.8587
    0.3300     15.8415
    0.3301     15.8243
    0.3302     15.8072
    0.3303     15.7900
    0.3304     15.7728
    0.3305     15.7556
    0.3306     15.7384
    0.3307     15.7213
    0.3308     15.7041
    0.3309     15.6869
    0.3310     15.6697
    0.3311     15.6525
    0.3312     15.6354
    0.3313     15.6182
    0.3314     15.6010
    0.3315     15.5838
    0.3316     15.5666
    0.3317     15.5495
    0.3318     15.5323
    0.3319     15.5151
    0.3320     15.4979
    0.3321     15.4807
    0.3322     15.4636
    0.3323     15.4464
    0.3324     15.4292
    0.3325     15.4120
    0.3326     15.3948
    0.3327     15.3777
    0.3328     15.3605
    0.3329     15.3433
    0.3330     15.3261
    0.3331     15.3089
    0.3332     15.2918
    0.3333     15.2746
    0.3334     15.2574
    0.3335     15.2402
    0.3336     15.2231
    0.3337     15.2059
    0.3338     15.1887
    0.3339     15.1715
    0.3340     15.1543
    0.3341     15.1372
    0.3342     15.1200
    0.3343     15.1028
    0.3344     15.0856
    0.3345     15.0684
    0.3346     15.0513
    0.3347     15.0341
    0.3348     15.0169
    0.3349     14.9997
    0.3350     14.9825
    0.3351     14.9654
    0.3352     14.9482
    0.3353     14.9310
    0.3354     14.9138
    0.3355     14.8966
    0.3356     14.8795
    0.3357     14.8623
    0.3358     14.8451
    0.3359     14.8279
    0.3360     14.8107
    0.3361     14.7936
    0.3362     14.7764
    0.3363     14.7592
    0.3364     14.7420
    0.3365     14.7248
    0.3366     14.7077
    0.3367     14.6905
    0.3368     14.6733
    0.3369     14.6561
    0.3370     14.6389
    0.3371     14.6218
    0.3372     14.6046
    0.3373     14.5874
    0.3374     14.5702
    0.3375     14.5531
    0.3376     14.5359
    0.3377     14.5187
    0.3378     14.5015
    0.3379     14.4843
    0.3380     14.4672
    0.3381     14.4500
    0.3382     14.4328
    0.3383     14.4156
    0.3384     14.3984
    0.3385     14.3813
    0.3386     14.3641
    0.3387     14.3469
    0.3388     14.3297
    0.3389     14.3125
    0.3390     14.2954
    0.3391     14.2782
    0.3392     14.2610
    0.3393     14.2438
    0.3394     14.2266
    0.3395     14.2095
    0.3396     14.1923
    0.3397     14.1751
    0.3398     14.1579
    0.3399     14.1407
    0.3400     14.1236
    0.3401     14.1064
    0.3402     14.0892
    0.3403     14.0720
    0.3404     14.0548
    0.3405     14.0377
    0.3406     14.0205
    0.3407     14.0033
    0.3408     13.9861
    0.3409     13.9689
    0.3410     13.9518
    0.3411     13.9346
    0.3412     13.9174
    0.3413     13.9002
    0.3414     13.8831
    0.3415     13.8659
    0.3416     13.8487
    0.3417     13.8315
    0.3418     13.8143
    0.3419     13.7972
    0.3420     13.7800
    0.3421     13.7628
    0.3422     13.7456
    0.3423     13.7284
    0.3424     13.7113
    0.3425     13.6941
    0.3426     13.6769
    0.3427     13.6597
    0.3428     13.6425
    0.3429     13.6254
    0.3430     13.6082
    0.3431     13.5910
    0.3432     13.5738
    0.3433     13.5566
    0.3434     13.5395
    0.3435     13.5223
    0.3436     13.5051
    0.3437     13.4879
    0.3438     13.4707
    0.3439     13.4536
    0.3440     13.4364
    0.3441     13.4192
    0.3442     13.4020
    0.3443     13.3848
    0.3444     13.3677
    0.3445     13.3505
    0.3446     13.3333
    0.3447     13.3161
    0.3448     13.2989
    0.3449     13.2818
    0.3450     13.2646
    0.3451     13.2474
    0.3452     13.2302
    0.3453     13.2131
    0.3454     13.1959
    0.3455     13.1787
    0.3456     13.1615
    0.3457     13.1443
    0.3458     13.1272
    0.3459     13.1100
    0.3460     13.0928
    0.3461     13.0756
    0.3462     13.0584
    0.3463     13.0413
    0.3464     13.0241
    0.3465     13.0069
    0.3466     12.9897
    0.3467     12.9725
    0.3468     12.9554
    0.3469     12.9382
    0.3470     12.9210
    0.3471     12.9038
    0.3472     12.8866
    0.3473     12.8695
    0.3474     12.8523
    0.3475     12.8351
    0.3476     12.8179
    0.3477     12.8007
    0.3478     12.7836
    0.3479     12.7664
    0.3480     12.7492
    0.3481     12.7320
    0.3482     12.7148
    0.3483     12.6977
    0.3484     12.6805
    0.3485     12.6633
    0.3486     12.6461
    0.3487     12.6289
    0.3488     12.6118
    0.3489     12.5946
    0.3490     12.5774
    0.3491     12.5602
    0.3492     12.5431
    0.3493     12.5259
    0.3494     12.5087
    0.3495     12.4915
    0.3496     12.4743
    0.3497     12.4572
    0.3498     12.4400
    0.3499     12.4228
    0.3500     12.4056
    0.3501     12.3884
    0.3502     12.3713
    0.3503     12.3541
    0.3504     12.3369
    0.3505     12.3197
    0.3506     12.3025
    0.3507     12.2854
    0.3508     12.2682
    0.3509     12.2510
    0.3510     12.2338
    0.3511     12.2166
    0.3512     12.1995
    0.3513     12.1823
    0.3514     12.1651
    0.3515     12.1479
    0.3516     12.1307
    0.3517     12.1136
    0.3518     12.0964
    0.3519     12.0792
    0.3520     12.0620
    0.3521     12.0448
    0.3522     12.0277
    0.3523     12.0105
    0.3524     11.9933
    0.3525     11.9761
    0.3526     11.9589
    0.3527     11.9418
    0.3528     11.9246
    0.3529     11.9074
    0.3530     11.8902
    0.3531     11.8731
    0.3532     11.8559
    0.3533     11.8387
    0.3534     11.8215
    0.3535     11.8043
    0.3536     11.7872
    0.3537     11.7700
    0.3538     11.7528
    0.3539     11.7356
    0.3540     11.7184
    0.3541     11.7013
    0.3542     11.6841
    0.3543     11.6669
    0.3544     11.6497
    0.3545     11.6325
    0.3546     11.6154
    0.3547     11.5982
    0.3548     11.5810
    0.3549     11.5638
    0.3550     11.5466
    0.3551     11.5295
    0.3552     11.5123
    0.3553     11.4951
    0.3554     11.4779
    0.3555     11.4607
    0.3556     11.4436
    0.3557     11.4264
    0.3558     11.4092
    0.3559     11.3920
    0.3560     11.3748
    0.3561     11.3577
    0.3562     11.3405
    0.3563     11.3233
    0.3564     11.3061
    0.3565     11.2889
    0.3566     11.2718
    0.3567     11.2546
    0.3568     11.2374
    0.3569     11.2202
    0.3570     11.2031
    0.3571     11.1859
    0.3572     11.1687
    0.3573     11.1515
    0.3574     11.1343
    0.3575     11.1172
    0.3576     11.1000
    0.3577     11.0828
    0.3578     11.0656
    0.3579     11.0484
    0.3580     11.0313
    0.3581     11.0141
    0.3582     10.9969
    0.3583     10.9797
    0.3584     10.9625
    0.3585     10.9454
    0.3586     10.9282
    0.3587     10.9110
    0.3588     10.8938
    0.3589     10.8766
    0.3590     10.8595
    0.3591     10.8423
    0.3592     10.8251
    0.3593     10.8079
    0.3594     10.7907
    0.3595     10.7736
    0.3596     10.7564
    0.3597     10.7392
    0.3598     10.7220
    0.3599     10.7048
    0.3600     10.6877
    0.3601     10.6705
    0.3602     10.6533
    0.3603     10.6361
    0.3604     10.6189
    0.3605     10.6018
    0.3606     10.5846
    0.3607     10.5674
    0.3608     10.5502
    0.3609     10.5331
    0.3610     10.5159
    0.3611     10.4987
    0.3612     10.4815
    0.3613     10.4643
    0.3614     10.4472
    0.3615     10.4300
    0.3616     10.4128
    0.3617     10.3956
    0.3618     10.3784
    0.3619     10.3613
    0.3620     10.3441
    0.3621     10.3269
    0.3622     10.3097
    0.3623     10.2925
    0.3624     10.2754
    0.3625     10.2582
    0.3626     10.2410
    0.3627     10.2238
    0.3628     10.2066
    0.3629     10.1895
    0.3630     10.1723
    0.3631     10.1551
    0.3632     10.1379
    0.3633     10.1207
    0.3634     10.1036
    0.3635     10.0864
    0.3636     10.0692
    0.3637     10.0520
    0.3638     10.0348
    0.3639     10.0177
    0.3640     10.0005
    0.3641      9.9833
    0.3642      9.9661
    0.3643      9.9489
    0.3644      9.9318
    0.3645      9.9146
    0.3646      9.8974
    0.3647      9.8802
    0.3648      9.8631
    0.3649      9.8459
    0.3650      9.8287
    0.3651      9.8115
    0.3652      9.7943
    0.3653      9.7772
    0.3654      9.7600
    0.3655      9.7428
    0.3656      9.7256
    0.3657      9.7084
    0.3658      9.6913
    0.3659      9.6741
    0.3660      9.6569
    0.3661      9.6397
    0.3662      9.6225
    0.3663      9.6054
    0.3664      9.5882
    0.3665      9.5710
    0.3666      9.5538
    0.3667      9.5366
    0.3668      9.5195
    0.3669      9.5023
    0.3670      9.4851
    0.3671      9.4679
    0.3672      9.4507
    0.3673      9.4336
    0.3674      9.4164
    0.3675      9.3992
    0.3676      9.3820
    0.3677      9.3648
    0.3678      9.3477
    0.3679      9.3305
    0.3680      9.3133
    0.3681      9.2961
    0.3682      9.2789
    0.3683      9.2618
    0.3684      9.2446
    0.3685      9.2274
    0.3686      9.2102
    0.3687      9.1931
    0.3688      9.1759
    0.3689      9.1587
    0.3690      9.1415
    0.3691      9.1243
    0.3692      9.1072
    0.3693      9.0900
    0.3694      9.0728
    0.3695      9.0556
    0.3696      9.0384
    0.3697      9.0213
    0.3698      9.0041
    0.3699      8.9869
    0.3700      8.9697
    0.3701      8.9525
    0.3702      8.9354
    0.3703      8.9182
    0.3704      8.9010
    0.3705      8.8838
    0.3706      8.8666
    0.3707      8.8495
    0.3708      8.8323
    0.3709      8.8151
    0.3710      8.7979
    0.3711      8.7807
    0.3712      8.7636
    0.3713      8.7464
    0.3714      8.7292
    0.3715      8.7120
    0.3716      8.6948
    0.3717      8.6777
    0.3718      8.6605
    0.3719      8.6433
    0.3720      8.6261
    0.3721      8.6089
    0.3722      8.5918
    0.3723      8.5746
    0.3724      8.5574
    0.3725      8.5402
    0.3726      8.5231
    0.3727      8.5059
    0.3728      8.4887
    0.3729      8.4715
    0.3730      8.4543
    0.3731      8.4372
    0.3732      8.4200
    0.3733      8.4028
    0.3734      8.3856
    0.3735      8.3684
    0.3736      8.3513
    0.3737      8.3341
    0.3738      8.3169
    0.3739      8.2997
    0.3740      8.2825
    0.3741      8.2654
    0.3742      8.2482
    0.3743      8.2310
    0.3744      8.2138
    0.3745      8.1966
    0.3746      8.1795
    0.3747      8.1623
    0.3748      8.1451
    0.3749      8.1279
    0.3750      8.1107
    0.3751      8.0936
    0.3752      8.0764
    0.3753      8.0592
    0.3754      8.0420
    0.3755      8.0248
    0.3756      8.0077
    0.3757      7.9905
    0.3758      7.9733
    0.3759      7.9561
    0.3760      7.9389
    0.3761      7.9218
    0.3762      7.9046
    0.3763      7.8874
    0.3764      7.8702
    0.3765      7.8531
    0.3766      7.8359
    0.3767      7.8187
    0.3768      7.8015
    0.3769      7.7843
    0.3770      7.7672
    0.3771      7.7500
    0.3772      7.7328
    0.3773      7.7156
    0.3774      7.6984
    0.3775      7.6813
    0.3776      7.6641
    0.3777      7.6469
    0.3778      7.6297
    0.3779      7.6125
    0.3780      7.5954
    0.3781      7.5782
    0.3782      7.5610
    0.3783      7.5438
    0.3784      7.5266
    0.3785      7.5095
    0.3786      7.4923
    0.3787      7.4751
    0.3788      7.4579
    0.3789      7.4407
    0.3790      7.4236
    0.3791      7.4064
    0.3792      7.3892
    0.3793      7.3720
    0.3794      7.3548
    0.3795      7.3377
    0.3796      7.3205
    0.3797      7.3033
    0.3798      7.2861
    0.3799      7.2689
    0.3800      7.2518
    0.3801      7.2346
    0.3802      7.2174
    0.3803      7.2002
    0.3804      7.1831
    0.3805      7.1659
    0.3806      7.1487
    0.3807      7.1315
    0.3808      7.1143
    0.3809      7.0972
    0.3810      7.0800
    0.3811      7.0628
    0.3812      7.0456
    0.3813      7.0284
    0.3814      7.0113
    0.3815      6.9941
    0.3816      6.9769
    0.3817      6.9597
    0.3818      6.9425
    0.3819      6.9254
    0.3820      6.9082
    0.3821      6.8910
    0.3822      6.8738
    0.3823      6.8566
    0.3824      6.8395
    0.3825      6.8223
    0.3826      6.8051
    0.3827      6.7879
    0.3828      6.7707
    0.3829      6.7536
    0.3830      6.7364
    0.3831      6.7192
    0.3832      6.7020
    0.3833      6.6848
    0.3834      6.6677
    0.3835      6.6505
    0.3836      6.6333
    0.3837      6.6161
    0.3838      6.5989
    0.3839      6.5818
    0.3840      6.5646
    0.3841      6.5474
    0.3842      6.5302
    0.3843      6.5131
    0.3844      6.4959
    0.3845      6.4787
    0.3846      6.4615
    0.3847      6.4443
    0.3848      6.4272
    0.3849      6.4100
    0.3850      6.3928
    0.3851      6.3756
    0.3852      6.3584
    0.3853      6.3413
    0.3854      6.3241
    0.3855      6.3069
    0.3856      6.2897
    0.3857      6.2725
    0.3858      6.2554
    0.3859      6.2382
    0.3860      6.2210
    0.3861      6.2038
    0.3862      6.1866
    0.3863      6.1695
    0.3864      6.1523
    0.3865      6.1351
    0.3866      6.1179
    0.3867      6.1007
    0.3868      6.0836
    0.3869      6.0664
    0.3870      6.0492
    0.3871      6.0320
    0.3872      6.0148
    0.3873      5.9977
    0.3874      5.9805
    0.3875      5.9633
    0.3876      5.9461
    0.3877      5.9290
    0.3878      5.9118
    0.3879      5.8946
    0.3880      5.8774
    0.3881      5.8602
    0.3882      5.8431
    0.3883      5.8259
    0.3884      5.8087
    0.3885      5.7915
    0.3886      5.7743
    0.3887      5.7572
    0.3888      5.7400
    0.3889      5.7228
    0.3890      5.7056
    0.3891      5.6884
    0.3892      5.6713
    0.3893      5.6541
    0.3894      5.6369
    0.3895      5.6197
    0.3896      5.6025
    0.3897      5.5854
    0.3898      5.5682
    0.3899      5.5510
    0.3900      5.5338
    0.3901      5.5166
    0.3902      5.4995
    0.3903      5.4823
    0.3904      5.4651
    0.3905      5.4479
    0.3906      5.4307
    0.3907      5.4136
    0.3908      5.3964
    0.3909      5.3792
    0.3910      5.3620
    0.3911      5.3448
    0.3912      5.3277
    0.3913      5.3105
    0.3914      5.2933
    0.3915      5.2761
    0.3916      5.2590
    0.3917      5.2418
    0.3918      5.2246
    0.3919      5.2074
    0.3920      5.1902
    0.3921      5.1731
    0.3922      5.1559
    0.3923      5.1387
    0.3924      5.1215
    0.3925      5.1043
    0.3926      5.0872
    0.3927      5.0700
    0.3928      5.0528
    0.3929      5.0356
    0.3930      5.0184
    0.3931      5.0013
    0.3932      4.9841
    0.3933      4.9669
    0.3934      4.9497
    0.3935      4.9325
    0.3936      4.9154
    0.3937      4.8982
    0.3938      4.8810
    0.3939      4.8638
    0.3940      4.8466
    0.3941      4.8295
    0.3942      4.8123
    0.3943      4.7951
    0.3944      4.7779
    0.3945      4.7607
    0.3946      4.7436
    0.3947      4.7264
    0.3948      4.7092
    0.3949      4.6920
    0.3950      4.6748
    0.3951      4.6577
    0.3952      4.6405
    0.3953      4.6233
    0.3954      4.6061
    0.3955      4.5890
    0.3956      4.5718
    0.3957      4.5546
    0.3958      4.5374
    0.3959      4.5202
    0.3960      4.5031
    0.3961      4.4859
    0.3962      4.4687
    0.3963      4.4515
    0.3964      4.4343
    0.3965      4.4172
    0.3966      4.4000
    0.3967      4.3828
    0.3968      4.3656
    0.3969      4.3484
    0.3970      4.3313
    0.3971      4.3141
    0.3972      4.2969
    0.3973      4.2797
    0.3974      4.2625
    0.3975      4.2454
    0.3976      4.2282
    0.3977      4.2110
    0.3978      4.1938
    0.3979      4.1766
    0.3980      4.1595
    0.3981      4.1423
    0.3982      4.1251
    0.3983      4.1079
    0.3984      4.0907
    0.3985      4.0736
    0.3986      4.0564
    0.3987      4.0392
    0.3988      4.0220
    0.3989      4.0048
    0.3990      3.9877
    0.3991      3.9705
    0.3992      3.9533
    0.3993      3.9361
    0.3994      3.9190
    0.3995      3.9018
    0.3996      3.8846
    0.3997      3.8674
    0.3998      3.8502
    0.3999      3.8331
    0.4000      3.8159
    0.4001      3.7987
    0.4002      3.7815
    0.4003      3.7643
    0.4004      3.7472
    0.4005      3.7300
    0.4006      3.7128
    0.4007      3.6956
    0.4008      3.6784
    0.4009      3.6613
    0.4010      3.6441
    0.4011      3.6269
    0.4012      3.6097
    0.4013      3.5925
    0.4014      3.5754
    0.4015      3.5582
    0.4016      3.5410
    0.4017      3.5238
    0.4018      3.5066
    0.4019      3.4895
    0.4020      3.4723
    0.4021      3.4551
    0.4022      3.4379
    0.4023      3.4207
    0.4024      3.4036
    0.4025      3.3864
    0.4026      3.3692
    0.4027      3.3520
    0.4028      3.3348
    0.4029      3.3177
    0.4030      3.3005
    0.4031      3.2833
    0.4032      3.2661
    0.4033      3.2490
    0.4034      3.2318
    0.4035      3.2146
    0.4036      3.1974
    0.4037      3.1802
    0.4038      3.1631
    0.4039      3.1459
    0.4040      3.1287
    0.4041      3.1115
    0.4042      3.0943
    0.4043      3.0772
    0.4044      3.0600
    0.4045      3.0428
    0.4046      3.0256
    0.4047      3.0084
    0.4048      2.9913
    0.4049      2.9741
    0.4050      2.9569
    0.4051      2.9397
    0.4052      2.9225
    0.4053      2.9054
    0.4054      2.8882
    0.4055      2.8710
    0.4056      2.8538
    0.4057      2.8366
    0.4058      2.8195
    0.4059      2.8023
    0.4060      2.7851
    0.4061      2.7679
    0.4062      2.7507
    0.4063      2.7336
    0.4064      2.7164
    0.4065      2.6992
    0.4066      2.6820
    0.4067      2.6648
    0.4068      2.6477
    0.4069      2.6305
    0.4070      2.6133
    0.4071      2.5961
    0.4072      2.5790
    0.4073      2.5618
    0.4074      2.5446
    0.4075      2.5274
    0.4076      2.5102
    0.4077      2.4931
    0.4078      2.4759
    0.4079      2.4587
    0.4080      2.4415
    0.4081      2.4243
    0.4082      2.4072
    0.4083      2.3900
    0.4084      2.3728
    0.4085      2.3556
    0.4086      2.3384
    0.4087      2.3213
    0.4088      2.3041
    0.4089      2.2869
    0.4090      2.2697
    0.4091      2.2525
    0.4092      2.2354
    0.4093      2.2182
    0.4094      2.2010
    0.4095      2.1838
    0.4096      2.1666
    0.4097      2.1495
    0.4098      2.1323
    0.4099      2.1151
    0.4100      2.0979
    0.4101      2.0807
    0.4102      2.0636
    0.4103      2.0464
    0.4104      2.0292
    0.4105      2.0120
    0.4106      1.9948
    0.4107      1.9777
    0.4108      1.9605
    0.4109      1.9433
    0.4110      1.9261
    0.4111      1.9090
    0.4112      1.8918
    0.4113      1.8746
    0.4114      1.8574
    0.4115      1.8402
    0.4116      1.8231
    0.4117      1.8059
    0.4118      1.7887
    0.4119      1.7715
    0.4120      1.7543
    0.4121      1.7372
    0.4122      1.7200
    0.4123      1.7028
    0.4124      1.6856
    0.4125      1.6684
    0.4126      1.6513
    0.4127      1.6341
    0.4128      1.6169
    0.4129      1.5997
    0.4130      1.5825
    0.4131      1.5654
    0.4132      1.5482
    0.4133      1.5310
    0.4134      1.5138
    0.4135      1.4966
    0.4136      1.4795
    0.4137      1.4623
    0.4138      1.4451
    0.4139      1.4279
    0.4140      1.4107
    0.4141      1.3936
    0.4142      1.3764
    0.4143      1.3592
    0.4144      1.3420
    0.4145      1.3248
    0.4146      1.3077
    0.4147      1.2905
    0.4148      1.2733
    0.4149      1.2561
    0.4150      1.2390
    0.4151      1.2218
    0.4152      1.2046
    0.4153      1.1874
    0.4154      1.1702
    0.4155      1.1531
    0.4156      1.1359
    0.4157      1.1187
    0.4158      1.1015
    0.4159      1.0843
    0.4160      1.0672
    0.4161      1.0500
    0.4162      1.0328
    0.4163      1.0156
    0.4164      0.9984
    0.4165      0.9813
    0.4166      0.9641
    0.4167      0.9469
    0.4168      0.9297
    0.4169      0.9125
    0.4170      0.8954
    0.4171      0.8782
    0.4172      0.8610
    0.4173      0.8438
    0.4174      0.8266
    0.4175      0.8095
    0.4176      0.7923
    0.4177      0.7751
    0.4178      0.7579
    0.4179      0.7407
    0.4180      0.7236
    0.4181      0.7064
    0.4182      0.6892
    0.4183      0.6720
    0.4184      0.6548
    0.4185      0.6377
    0.4186      0.6205
    0.4187      0.6033
    0.4188      0.5861
    0.4189      0.5690
    0.4190      0.5518
    0.4191      0.5346
    0.4192      0.5174
    0.4193      0.5002
    0.4194      0.4831
    0.4195      0.4659
    0.4196      0.4487
    0.4197      0.4315
    0.4198      0.4143
    0.4199      0.3972
    0.4200      0.3800
    0.4201      0.3628
    0.4202      0.3456
    0.4203      0.3284
    0.4204      0.3113
    0.4205      0.2941
    0.4206      0.2769
    0.4207      0.2597
    0.4208      0.2425
    0.4209      0.2254
    0.4210      0.2082
    0.4211      0.1910
    0.4212      0.1738
    0.4213      0.1566
    0.4214      0.1395
    0.4215      0.1223
    0.4216      0.1051
    0.4217      0.0879
    0.4218      0.0707
    0.4219      0.0536
    0.4220      0.0364
    0.4221      0.0192
    0.4222      0.0020
    0.4223     -0.0152
    0.4224     -0.0323
    0.4225     -0.0495
    0.4226     -0.0667
    0.4227     -0.0839
    0.4228     -0.1010
    0.4229     -0.1182
    0.4230     -0.1354
    0.4231     -0.1526
    0.4232     -0.1698
    0.4233     -0.1869
    0.4234     -0.2041
    0.4235     -0.2213
    0.4236     -0.2385
    0.4237     -0.2557
    0.4238     -0.2728
    0.4239     -0.2900
    0.4240     -0.3072
    0.4241     -0.3244
    0.4242     -0.3416
    0.4243     -0.3587
    0.4244     -0.3759
    0.4245     -0.3931
    0.4246     -0.4103
    0.4247     -0.4275
    0.4248     -0.4446
    0.4249     -0.4618
    0.4250     -0.4790
    0.4251     -0.4962
    0.4252     -0.5134
    0.4253     -0.5305
    0.4254     -0.5477
    0.4255     -0.5649
    0.4256     -0.5821
    0.4257     -0.5993
    0.4258     -0.6164
    0.4259     -0.6336
    0.4260     -0.6508
    0.4261     -0.6680
    0.4262     -0.6852
    0.4263     -0.7023
    0.4264     -0.7195
    0.4265     -0.7367
    0.4266     -0.7539
    0.4267     -0.7710
    0.4268     -0.7882
    0.4269     -0.8054
    0.4270     -0.8226
    0.4271     -0.8398
    0.4272     -0.8569
    0.4273     -0.8741
    0.4274     -0.8913
    0.4275     -0.9085
    0.4276     -0.9257
    0.4277     -0.9428
    0.4278     -0.9600
    0.4279     -0.9772
    0.4280     -0.9944
    0.4281     -1.0116
    0.4282     -1.0287
    0.4283     -1.0459
    0.4284     -1.0631
    0.4285     -1.0803
    0.4286     -1.0975
    0.4287     -1.1146
    0.4288     -1.1318
    0.4289     -1.1490
    0.4290     -1.1662
    0.4291     -1.1834
    0.4292     -1.2005
    0.4293     -1.2177
    0.4294     -1.2349
    0.4295     -1.2521
    0.4296     -1.2693
    0.4297     -1.2864
    0.4298     -1.3036
    0.4299     -1.3208
    0.4300     -1.3380
    0.4301     -1.3552
    0.4302     -1.3723
    0.4303     -1.3895
    0.4304     -1.4067
    0.4305     -1.4239
    0.4306     -1.4410
    0.4307     -1.4582
    0.4308     -1.4754
    0.4309     -1.4926
    0.4310     -1.5098
    0.4311     -1.5269
    0.4312     -1.5441
    0.4313     -1.5613
    0.4314     -1.5785
    0.4315     -1.5957
    0.4316     -1.6128
    0.4317     -1.6300
    0.4318     -1.6472
    0.4319     -1.6644
    0.4320     -1.6816
    0.4321     -1.6987
    0.4322     -1.7159
    0.4323     -1.7331
    0.4324     -1.7503
    0.4325     -1.7675
    0.4326     -1.7846
    0.4327     -1.8018
    0.4328     -1.8190
    0.4329     -1.8362
    0.4330     -1.8534
    0.4331     -1.8705
    0.4332     -1.8877
    0.4333     -1.9049
    0.4334     -1.9221
    0.4335     -1.9393
    0.4336     -1.9564
    0.4337     -1.9736
    0.4338     -1.9908
    0.4339     -2.0080
    0.4340     -2.0252
    0.4341     -2.0423
    0.4342     -2.0595
    0.4343     -2.0767
    0.4344     -2.0939
    0.4345     -2.1110
    0.4346     -2.1282
    0.4347     -2.1454
    0.4348     -2.1626
    0.4349     -2.1798
    0.4350     -2.1969
    0.4351     -2.2141
    0.4352     -2.2313
    0.4353     -2.2485
    0.4354     -2.2657
    0.4355     -2.2828
    0.4356     -2.3000
    0.4357     -2.3172
    0.4358     -2.3344
    0.4359     -2.3516
    0.4360     -2.3687
    0.4361     -2.3859
    0.4362     -2.4031
    0.4363     -2.4203
    0.4364     -2.4375
    0.4365     -2.4546
    0.4366     -2.4718
    0.4367     -2.4890
    0.4368     -2.5062
    0.4369     -2.5234
    0.4370     -2.5405
    0.4371     -2.5577
    0.4372     -2.5749
    0.4373     -2.5921
    0.4374     -2.6093
    0.4375     -2.6264
    0.4376     -2.6436
    0.4377     -2.6608
    0.4378     -2.6780
    0.4379     -2.6952
    0.4380     -2.7123
    0.4381     -2.7295
    0.4382     -2.7467
    0.4383     -2.7639
    0.4384     -2.7810
    0.4385     -2.7982
    0.4386     -2.8154
    0.4387     -2.8326
    0.4388     -2.8498
    0.4389     -2.8669
    0.4390     -2.8841
    0.4391     -2.9013
    0.4392     -2.9185
    0.4393     -2.9357
    0.4394     -2.9528
    0.4395     -2.9700
    0.4396     -2.9872
    0.4397     -3.0044
    0.4398     -3.0216
    0.4399     -3.0387
    0.4400     -3.0559
    0.4401     -3.0731
    0.4402     -3.0903
    0.4403     -3.1075
    0.4404     -3.1246
    0.4405     -3.1418
    0.4406     -3.1590
    0.4407     -3.1762
    0.4408     -3.1934
    0.4409     -3.2105
    0.4410     -3.2277
    0.4411     -3.2449
    0.4412     -3.2621
    0.4413     -3.2793
    0.4414     -3.2964
    0.4415     -3.3136
    0.4416     -3.3308
    0.4417     -3.3480
    0.4418     -3.3652
    0.4419     -3.3823
    0.4420     -3.3995
    0.4421     -3.4167
    0.4422     -3.4339
    0.4423     -3.4510
    0.4424     -3.4682
    0.4425     -3.4854
    0.4426     -3.5026
    0.4427     -3.5198
    0.4428     -3.5369
    0.4429     -3.5541
    0.4430     -3.5713
    0.4431     -3.5885
    0.4432     -3.6057
    0.4433     -3.6228
    0.4434     -3.6400
    0.4435     -3.6572
    0.4436     -3.6744
    0.4437     -3.6916
    0.4438     -3.7087
    0.4439     -3.7259
    0.4440     -3.7431
    0.4441     -3.7603
    0.4442     -3.7775
    0.4443     -3.7946
    0.4444     -3.8118
    0.4445     -3.8290
    0.4446     -3.8462
    0.4447     -3.8634
    0.4448     -3.8805
    0.4449     -3.8977
    0.4450     -3.9149
    0.4451     -3.9321
    0.4452     -3.9493
    0.4453     -3.9664
    0.4454     -3.9836
    0.4455     -4.0008
    0.4456     -4.0180
    0.4457     -4.0352
    0.4458     -4.0523
    0.4459     -4.0695
    0.4460     -4.0867
    0.4461     -4.1039
    0.4462     -4.1210
    0.4463     -4.1382
    0.4464     -4.1554
    0.4465     -4.1726
    0.4466     -4.1898
    0.4467     -4.2069
    0.4468     -4.2241
    0.4469     -4.2413
    0.4470     -4.2585
    0.4471     -4.2757
    0.4472     -4.2928
    0.4473     -4.3100
    0.4474     -4.3272
    0.4475     -4.3444
    0.4476     -4.3616
    0.4477     -4.3787
    0.4478     -4.3959
    0.4479     -4.4131
    0.4480     -4.4303
    0.4481     -4.4475
    0.4482     -4.4646
    0.4483     -4.4818
    0.4484     -4.4990
    0.4485     -4.5162
    0.4486     -4.5334
    0.4487     -4.5505
    0.4488     -4.5677
    0.4489     -4.5849
    0.4490     -4.6021
    0.4491     -4.6193
    0.4492     -4.6364
    0.4493     -4.6536
    0.4494     -4.6708
    0.4495     -4.6880
    0.4496     -4.7052
    0.4497     -4.7223
    0.4498     -4.7395
    0.4499     -4.7567
    0.4500     -4.7739
    0.4501     -4.7910
    0.4502     -4.8082
    0.4503     -4.8254
    0.4504     -4.8426
    0.4505     -4.8598
    0.4506     -4.8769
    0.4507     -4.8941
    0.4508     -4.9113
    0.4509     -4.9285
    0.4510     -4.9457
    0.4511     -4.9628
    0.4512     -4.9800
    0.4513     -4.9972
    0.4514     -5.0144
    0.4515     -5.0316
    0.4516     -5.0487
    0.4517     -5.0659
    0.4518     -5.0831
    0.4519     -5.1003
    0.4520     -5.1175
    0.4521     -5.1346
    0.4522     -5.1518
    0.4523     -5.1690
    0.4524     -5.1862
    0.4525     -5.2034
    0.4526     -5.2205
    0.4527     -5.2377
    0.4528     -5.2549
    0.4529     -5.2721
    0.4530     -5.2893
    0.4531     -5.3064
    0.4532     -5.3236
    0.4533     -5.3408
    0.4534     -5.3580
    0.4535     -5.3752
    0.4536     -5.3923
    0.4537     -5.4095
    0.4538     -5.4267
    0.4539     -5.4439
    0.4540     -5.4610
    0.4541     -5.4782
    0.4542     -5.4954
    0.4543     -5.5126
    0.4544     -5.5298
    0.4545     -5.5469
    0.4546     -5.5641
    0.4547     -5.5813
    0.4548     -5.5985
    0.4549     -5.6157
    0.4550     -5.6328
    0.4551     -5.6500
    0.4552     -5.6672
    0.4553     -5.6844
    0.4554     -5.7016
    0.4555     -5.7187
    0.4556     -5.7359
    0.4557     -5.7531
    0.4558     -5.7703
    0.4559     -5.7875
    0.4560     -5.8046
    0.4561     -5.8218
    0.4562     -5.8390
    0.4563     -5.8562
    0.4564     -5.8734
    0.4565     -5.8905
    0.4566     -5.9077
    0.4567     -5.9249
    0.4568     -5.9421
    0.4569     -5.9593
    0.4570     -5.9764
    0.4571     -5.9936
    0.4572     -6.0108
    0.4573     -6.0280
    0.4574     -6.0452
    0.4575     -6.0623
    0.4576     -6.0795
    0.4577     -6.0967
    0.4578     -6.1139
    0.4579     -6.1310
    0.4580     -6.1482
    0.4581     -6.1654
    0.4582     -6.1826
    0.4583     -6.1998
    0.4584     -6.2169
    0.4585     -6.2341
    0.4586     -6.2513
    0.4587     -6.2685
    0.4588     -6.2857
    0.4589     -6.3028
    0.4590     -6.3200
    0.4591     -6.3372
    0.4592     -6.3544
    0.4593     -6.3716
    0.4594     -6.3887
    0.4595     -6.4059
    0.4596     -6.4231
    0.4597     -6.4403
    0.4598     -6.4575
    0.4599     -6.4746
    0.4600     -6.4918
    0.4601     -6.5090
    0.4602     -6.5262
    0.4603     -6.5434
    0.4604     -6.5605
    0.4605     -6.5777
    0.4606     -6.5949
    0.4607     -6.6121
    0.4608     -6.6293
    0.4609     -6.6464
    0.4610     -6.6636
    0.4611     -6.6808
    0.4612     -6.6980
    0.4613     -6.7152
    0.4614     -6.7323
    0.4615     -6.7495
    0.4616     -6.7667
    0.4617     -6.7839
    0.4618     -6.8010
    0.4619     -6.8182
    0.4620     -6.8354
    0.4621     -6.8526
    0.4622     -6.8698
    0.4623     -6.8869
    0.4624     -6.9041
    0.4625     -6.9213
    0.4626     -6.9385
    0.4627     -6.9557
    0.4628     -6.9728
    0.4629     -6.9900
    0.4630     -7.0072
    0.4631     -7.0244
    0.4632     -7.0416
    0.4633     -7.0587
    0.4634     -7.0759
    0.4635     -7.0931
    0.4636     -7.1103
    0.4637     -7.1275
    0.4638     -7.1446
    0.4639     -7.1618
    0.4640     -7.1790
    0.4641     -7.1962
    0.4642     -7.2134
    0.4643     -7.2305
    0.4644     -7.2477
    0.4645     -7.2649
    0.4646     -7.2821
    0.4647     -7.2993
    0.4648     -7.3164
    0.4649     -7.3336
    0.4650     -7.3508
    0.4651     -7.3680
    0.4652     -7.3852
    0.4653     -7.4023
    0.4654     -7.4195
    0.4655     -7.4367
    0.4656     -7.4539
    0.4657     -7.4710
    0.4658     -7.4882
    0.4659     -7.5054
    0.4660     -7.5226
    0.4661     -7.5398
    0.4662     -7.5569
    0.4663     -7.5741
    0.4664     -7.5913
    0.4665     -7.6085
    0.4666     -7.6257
    0.4667     -7.6428
    0.4668     -7.6600
    0.4669     -7.6772
    0.4670     -7.6944
    0.4671     -7.7116
    0.4672     -7.7287
    0.4673     -7.7459
    0.4674     -7.7631
    0.4675     -7.7803
    0.4676     -7.7975
    0.4677     -7.8146
    0.4678     -7.8318
    0.4679     -7.8490
    0.4680     -7.8662
    0.4681     -7.8834
    0.4682     -7.9005
    0.4683     -7.9177
    0.4684     -7.9349
    0.4685     -7.9521
    0.4686     -7.9693
    0.4687     -7.9864
    0.4688     -8.0036
    0.4689     -8.0208
    0.4690     -8.0380
    0.4691     -8.0552
    0.4692     -8.0723
    0.4693     -8.0895
    0.4694     -8.1067
    0.4695     -8.1239
    0.4696     -8.1410
    0.4697     -8.1582
    0.4698     -8.1754
    0.4699     -8.1926
    0.4700     -8.2098
    0.4701     -8.2269
    0.4702     -8.2441
    0.4703     -8.2613
    0.4704     -8.2785
    0.4705     -8.2957
    0.4706     -8.3128
    0.4707     -8.3300
    0.4708     -8.3472
    0.4709     -8.3644
    0.4710     -8.3816
    0.4711     -8.3987
    0.4712     -8.4159
    0.4713     -8.4331
    0.4714     -8.4503
    0.4715     -8.4675
    0.4716     -8.4846
    0.4717     -8.5018
    0.4718     -8.5190
    0.4719     -8.5362
    0.4720     -8.5534
    0.4721     -8.5705
    0.4722     -8.5877
    0.4723     -8.6049
    0.4724     -8.6221
    0.4725     -8.6393
    0.4726     -8.6564
    0.4727     -8.6736
    0.4728     -8.6908
    0.4729     -8.7080
    0.4730     -8.7252
    0.4731     -8.7423
    0.4732     -8.7595
    0.4733     -8.7767
    0.4734     -8.7939
    0.4735     -8.8110
    0.4736     -8.8282
    0.4737     -8.8454
    0.4738     -8.8626
    0.4739     -8.8798
    0.4740     -8.8969
    0.4741     -8.9141
    0.4742     -8.9313
    0.4743     -8.9485
    0.4744     -8.9657
    0.4745     -8.9828
    0.4746     -9.0000
    0.4747     -9.0172
    0.4748     -9.0344
    0.4749     -9.0516
    0.4750     -9.0687
    0.4751     -9.0859
    0.4752     -9.1031
    0.4753     -9.1203
    0.4754     -9.1375
    0.4755     -9.1546
    0.4756     -9.1718
    0.4757     -9.1890
    0.4758     -9.2062
    0.4759     -9.2234
    0.4760     -9.2405
    0.4761     -9.2577
    0.4762     -9.2749
    0.4763     -9.2921
    0.4764     -9.3093
    0.4765     -9.3264
    0.4766     -9.3436
    0.4767     -9.3608
    0.4768     -9.3780
    0.4769     -9.3952
    0.4770     -9.4123
    0.4771     -9.4295
    0.4772     -9.4467
    0.4773     -9.4639
    0.4774     -9.4810
    0.4775     -9.4982
    0.4776     -9.5154
    0.4777     -9.5326
    0.4778     -9.5498
    0.4779     -9.5669
    0.4780     -9.5841
    0.4781     -9.6013
    0.4782     -9.6185
    0.4783     -9.6357
    0.4784     -9.6528
    0.4785     -9.6700
    0.4786     -9.6872
    0.4787     -9.7044
    0.4788     -9.7216
    0.4789     -9.7387
    0.4790     -9.7559
    0.4791     -9.7731
    0.4792     -9.7903
    0.4793     -9.8075
    0.4794     -9.8246
    0.4795     -9.8418
    0.4796     -9.8590
    0.4797     -9.8762
    0.4798     -9.8934
    0.4799     -9.9105
    0.4800     -9.9277
    0.4801     -9.9449
    0.4802     -9.9621
    0.4803     -9.9793
    0.4804     -9.9964
    0.4805    -10.0136
