#     D        Lambda1     Mv = -5.0
    0.0339     69.0400
    0.0339     69.5400
    0.0339     70.0400
    0.0339     70.5400
    0.0339     71.0400
    0.0339     71.5400
    0.0339     72.0400
    0.0339     72.5400
    0.0339     73.0400
    0.0339     73.5400
    0.0339     74.0400
    0.0339     74.5400
    0.0339     75.0400
    0.0339     75.5400
    0.0339     76.0400
    0.0339     76.5400
    0.0339     77.0400
    0.0339     77.5400
    0.0339     78.0400
    0.0339     78.5400
    0.0339     79.0400
    0.0339     79.5400
    0.0339     80.0400
    0.0339     80.5400
    0.0339     81.0400
    0.0339     81.5400
    0.0339     82.0400
    0.0339     82.5400
    0.0339     83.0400
    0.0339     83.5400
    0.0339     84.0400
    0.0339     84.5400
    0.0339     85.0400
    0.0339     68.5400
    0.0339     84.5400
    0.0339     84.0400
    0.0339     83.5400
    0.0339     83.0400
    0.0339     82.5400
    0.0339     82.0400
    0.0339     81.5400
    0.0339     81.0400
    0.0339     80.5400
    0.0339     80.0400
    0.0339     79.5400
    0.0339     79.0400
    0.0339     78.5400
    0.0339     78.0400
    0.0339     77.5400
    0.0339     77.0400
    0.0339     76.5400
    0.0339     76.0400
    0.0339     75.5400
    0.0339     75.0400
    0.0339     74.5400
    0.0339     74.0400
    0.0339     73.5400
    0.0339     73.0400
    0.0339     72.5400
    0.0339     72.0400
    0.0339     71.5400
    0.0339     71.0400
    0.0339     70.5400
    0.0339     70.0400
    0.0339     69.5400
    0.0339     69.0400
    0.0339     68.5400
    0.0339     68.0400
    0.0339     67.5400
    0.0339     67.0400
    0.0339     66.5400
    0.0339     66.0400
    0.0339     65.5400
    0.0339     65.0400
    0.0340     65.2242
    0.0341     64.9084
    0.0342     64.5926
    0.0343     64.2768
    0.0344     63.9611
    0.0346     63.6158
    0.0347     63.5202
    0.0348     63.4246
    0.0349     63.3290
    0.0350     63.2335
    0.0351     63.1379
    0.0352     63.0423
    0.0353     62.9467
    0.0354     62.8512
    0.0355     62.7556
    0.0356     62.6600
    0.0357     62.1600
    0.0357     61.6600
    0.0357     61.1600
    0.0358     61.2733
    0.0359     61.1999
    0.0360     61.1265
    0.0361     61.0531
    0.0362     60.9798
    0.0363     60.9064
    0.0364     60.8330
    0.0365     60.7596
    0.0366     60.6863
    0.0367     60.6129
    0.0368     60.5395
    0.0369     60.4662
    0.0370     60.3928
    0.0371     60.3194
    0.0372     60.2460
    0.0374     60.0204
    0.0375     59.8752
    0.0376     59.7301
    0.0377     59.5850
    0.0378     59.4398
    0.0379     59.2947
    0.0380     59.1496
    0.0381     59.0044
    0.0382     58.8593
    0.0383     58.7142
    0.0384     58.5690
    0.0386     58.3504
    0.0387     58.2451
    0.0388     58.1398
    0.0389     58.0345
    0.0390     57.9292
    0.0391     57.8239
    0.0392     57.7186
    0.0393     57.6133
    0.0394     57.5080
    0.0395     57.4027
    0.0397     57.2378
    0.0398     57.1631
    0.0399     57.0883
    0.0400     57.0135
    0.0401     56.9387
    0.0402     56.8639
    0.0403     56.7892
    0.0404     56.7144
    0.0405     56.6396
    0.0406     56.5648
    0.0407     56.4900
    0.0408     56.4153
    0.0409     56.3405
    0.0410     56.2657
    0.0411     56.1909
    0.0412     56.1162
    0.0413     56.0414
    0.0414     55.9666
    0.0415     55.8918
    0.0416     55.8170
    0.0417     55.7423
    0.0418     55.6675
    0.0420     55.5687
    0.0421     55.5206
    0.0422     55.4726
    0.0423     55.4245
    0.0424     55.3765
    0.0425     55.3284
    0.0426     55.2804
    0.0427     55.2323
    0.0428     55.1842
    0.0429     55.1362
    0.0430     55.0881
    0.0431     55.0401
    0.0432     54.9920
    0.0433     54.9440
    0.0434     54.8959
    0.0435     54.8478
    0.0436     54.7998
    0.0437     54.7517
    0.0438     54.7037
    0.0439     54.6556
    0.0440     54.6076
    0.0441     54.5595
    0.0442     54.5114
    0.0443     54.4634
    0.0444     54.4153
    0.0445     54.3673
    0.0446     54.3192
    0.0448     54.2283
    0.0449     54.1834
    0.0450     54.1386
    0.0451     54.0937
    0.0452     54.0489
    0.0453     54.0041
    0.0454     53.9592
    0.0455     53.9144
    0.0456     53.8696
    0.0457     53.8247
    0.0458     53.7799
    0.0459     53.7350
    0.0460     53.6902
    0.0461     53.6454
    0.0462     53.6005
    0.0463     53.5557
    0.0464     53.5109
    0.0465     53.4660
    0.0466     53.4212
    0.0467     53.3763
    0.0468     53.3315
    0.0469     53.2867
    0.0470     53.2418
    0.0471     53.1970
    0.0472     53.1522
    0.0473     53.1073
    0.0474     53.0625
    0.0475     53.0176
    0.0476     52.9728
    0.0477     52.9280
    0.0478     52.8831
    0.0479     52.8383
    0.0480     52.7935
    0.0482     52.6739
    0.0483     52.6115
    0.0484     52.5492
    0.0485     52.4868
    0.0486     52.4244
    0.0487     52.3620
    0.0488     52.2996
    0.0489     52.2372
    0.0490     52.1748
    0.0491     52.1124
    0.0492     52.0500
    0.0493     51.9877
    0.0494     51.9253
    0.0495     51.8629
    0.0496     51.8005
    0.0497     51.7381
    0.0498     51.6757
    0.0499     51.6133
    0.0500     51.5509
    0.0501     51.4885
    0.0502     51.4262
    0.0504     51.3385
    0.0505     51.3099
    0.0506     51.2813
    0.0507     51.2527
    0.0508     51.2241
    0.0509     51.1955
    0.0510     51.1669
    0.0511     51.1383
    0.0512     51.1097
    0.0513     51.0811
    0.0514     51.0525
    0.0515     51.0238
    0.0516     50.9952
    0.0517     50.9666
    0.0518     50.9380
    0.0519     50.9094
    0.0520     50.8808
    0.0521     50.8522
    0.0522     50.8236
    0.0523     50.7950
    0.0524     50.7664
    0.0525     50.7378
    0.0526     50.7092
    0.0527     50.6806
    0.0528     50.6519
    0.0529     50.6233
    0.0530     50.5947
    0.0531     50.5661
    0.0532     50.5375
    0.0533     50.5089
    0.0534     50.4803
    0.0535     50.4517
    0.0536     50.4231
    0.0537     50.3945
    0.0538     50.3659
    0.0539     50.3373
    0.0540     50.3087
    0.0541     50.2801
    0.0542     50.2514
    0.0544     50.1815
    0.0545     50.1449
    0.0546     50.1083
    0.0547     50.0717
    0.0548     50.0352
    0.0549     49.9986
    0.0550     49.9620
    0.0551     49.9254
    0.0552     49.8888
    0.0553     49.8523
    0.0554     49.8157
    0.0555     49.7791
    0.0556     49.7425
    0.0557     49.7060
    0.0558     49.6694
    0.0559     49.6328
    0.0560     49.5962
    0.0561     49.5596
    0.0562     49.5231
    0.0563     49.4865
    0.0564     49.4499
    0.0565     49.4133
    0.0566     49.3768
    0.0567     49.3402
    0.0568     49.3036
    0.0569     49.2670
    0.0570     49.2304
    0.0571     49.1939
    0.0572     49.1573
    0.0573     49.1207
    0.0574     49.0841
    0.0575     49.0476
    0.0576     49.0110
    0.0578     48.9433
    0.0579     48.9100
    0.0580     48.8767
    0.0581     48.8433
    0.0582     48.8100
    0.0583     48.7767
    0.0584     48.7433
    0.0585     48.7100
    0.0586     48.6767
    0.0587     48.6433
    0.0588     48.6100
    0.0589     48.5767
    0.0590     48.5433
    0.0591     48.5100
    0.0592     48.4767
    0.0593     48.4433
    0.0594     48.4100
    0.0595     48.3767
    0.0596     48.3433
    0.0597     48.3100
    0.0598     48.2767
    0.0599     48.2433
    0.0600     48.2100
    0.0601     48.1767
    0.0602     48.1433
    0.0603     48.1100
    0.0604     48.0767
    0.0605     48.0433
    0.0606     48.0100
    0.0607     47.9767
    0.0608     47.9433
    0.0609     47.9100
    0.0610     47.8767
    0.0612     47.8240
    0.0613     47.7985
    0.0614     47.7729
    0.0615     47.7474
    0.0616     47.7219
    0.0617     47.6963
    0.0618     47.6708
    0.0619     47.6452
    0.0620     47.6197
    0.0621     47.5942
    0.0622     47.5686
    0.0623     47.5431
    0.0624     47.5175
    0.0625     47.4920
    0.0626     47.4665
    0.0627     47.4409
    0.0628     47.4154
    0.0629     47.3898
    0.0630     47.3643
    0.0631     47.3388
    0.0632     47.3132
    0.0633     47.2877
    0.0634     47.2621
    0.0635     47.2366
    0.0636     47.2111
    0.0637     47.1855
    0.0638     47.1600
    0.0639     47.1344
    0.0640     47.1089
    0.0641     47.0834
    0.0642     47.0578
    0.0643     47.0323
    0.0644     47.0067
    0.0645     46.9812
    0.0646     46.9557
    0.0647     46.9301
    0.0648     46.9046
    0.0649     46.8790
    0.0650     46.8535
    0.0651     46.8280
    0.0652     46.8024
    0.0653     46.7769
    0.0654     46.7513
    0.0655     46.7258
    0.0656     46.7003
    0.0657     46.6747
    0.0658     46.6492
    0.0659     46.6236
    0.0660     46.5981
    0.0661     46.5726
    0.0663     46.5168
    0.0664     46.4888
    0.0665     46.4607
    0.0666     46.4327
    0.0667     46.4047
    0.0668     46.3767
    0.0669     46.3487
    0.0670     46.3207
    0.0671     46.2927
    0.0672     46.2646
    0.0673     46.2366
    0.0674     46.2086
    0.0675     46.1806
    0.0676     46.1526
    0.0677     46.1246
    0.0678     46.0966
    0.0679     46.0685
    0.0680     46.0405
    0.0681     46.0125
    0.0682     45.9845
    0.0683     45.9565
    0.0684     45.9285
    0.0685     45.9005
    0.0686     45.8724
    0.0687     45.8444
    0.0688     45.8164
    0.0689     45.7884
    0.0691     45.7319
    0.0692     45.7035
    0.0693     45.6752
    0.0694     45.6469
    0.0695     45.6186
    0.0696     45.5903
    0.0697     45.5619
    0.0698     45.5336
    0.0699     45.5053
    0.0700     45.4770
    0.0701     45.4487
    0.0702     45.4204
    0.0703     45.3920
    0.0704     45.3637
    0.0705     45.3354
    0.0706     45.3071
    0.0707     45.2788
    0.0708     45.2504
    0.0709     45.2221
    0.0710     45.1938
    0.0711     45.1655
    0.0712     45.1372
    0.0713     45.1088
    0.0714     45.0805
    0.0715     45.0522
    0.0716     45.0239
    0.0717     44.9956
    0.0718     44.9673
    0.0719     44.9389
    0.0720     44.9106
    0.0721     44.8823
    0.0722     44.8540
    0.0723     44.8257
    0.0725     44.7805
    0.0726     44.7585
    0.0727     44.7366
    0.0728     44.7147
    0.0729     44.6927
    0.0730     44.6708
    0.0731     44.6488
    0.0732     44.6269
    0.0733     44.6049
    0.0734     44.5830
    0.0735     44.5610
    0.0736     44.5391
    0.0737     44.5171
    0.0738     44.4952
    0.0739     44.4732
    0.0740     44.4513
    0.0741     44.4293
    0.0742     44.4074
    0.0743     44.3855
    0.0744     44.3635
    0.0745     44.3416
    0.0746     44.3196
    0.0747     44.2977
    0.0748     44.2757
    0.0749     44.2538
    0.0750     44.2318
    0.0751     44.2099
    0.0752     44.1879
    0.0753     44.1660
    0.0754     44.1440
    0.0755     44.1221
    0.0756     44.1001
    0.0757     44.0782
    0.0758     44.0562
    0.0759     44.0343
    0.0760     44.0124
    0.0761     43.9904
    0.0762     43.9685
    0.0763     43.9465
    0.0764     43.9246
    0.0765     43.9026
    0.0766     43.8807
    0.0767     43.8587
    0.0768     43.8368
    0.0769     43.8148
    0.0770     43.7929
    0.0771     43.7709
    0.0772     43.7490
    0.0773     43.7270
    0.0774     43.7051
    0.0775     43.6832
    0.0776     43.6612
    0.0777     43.6393
    0.0778     43.6173
    0.0779     43.5954
    0.0781     43.5492
    0.0782     43.5256
    0.0783     43.5019
    0.0784     43.4782
    0.0785     43.4545
    0.0786     43.4309
    0.0787     43.4072
    0.0788     43.3835
    0.0789     43.3598
    0.0790     43.3362
    0.0791     43.3125
    0.0792     43.2888
    0.0793     43.2652
    0.0794     43.2415
    0.0795     43.2178
    0.0796     43.1941
    0.0797     43.1705
    0.0798     43.1468
    0.0799     43.1231
    0.0800     43.0994
    0.0801     43.0758
    0.0802     43.0521
    0.0803     43.0284
    0.0804     43.0048
    0.0805     42.9811
    0.0806     42.9574
    0.0807     42.9337
    0.0808     42.9101
    0.0809     42.8864
    0.0810     42.8627
    0.0811     42.8390
    0.0812     42.8154
    0.0813     42.7917
    0.0814     42.7680
    0.0815     42.7444
    0.0816     42.7207
    0.0817     42.6970
    0.0818     42.6733
    0.0819     42.6497
    0.0820     42.6260
    0.0821     42.6023
    0.0822     42.5787
    0.0823     42.5550
    0.0824     42.5313
    0.0826     42.4750
    0.0827     42.4432
    0.0828     42.4114
    0.0829     42.3796
    0.0830     42.3478
    0.0831     42.3160
    0.0832     42.2842
    0.0833     42.2524
    0.0834     42.2206
    0.0835     42.1888
    0.0836     42.1570
    0.0837     42.1252
    0.0838     42.0934
    0.0839     42.0616
    0.0840     42.0298
    0.0841     41.9980
    0.0842     41.9662
    0.0843     41.9344
    0.0844     41.9026
    0.0845     41.8708
    0.0846     41.8390
    0.0847     41.8072
    0.0848     41.7754
    0.0849     41.7436
    0.0850     41.7118
    0.0851     41.6800
    0.0852     41.6482
    0.0853     41.6164
    0.0855     41.5739
    0.0856     41.5538
    0.0857     41.5337
    0.0858     41.5136
    0.0859     41.4935
    0.0860     41.4735
    0.0861     41.4534
    0.0862     41.4333
    0.0863     41.4132
    0.0864     41.3931
    0.0865     41.3731
    0.0866     41.3530
    0.0867     41.3329
    0.0868     41.3128
    0.0869     41.2928
    0.0870     41.2727
    0.0871     41.2526
    0.0872     41.2325
    0.0873     41.2124
    0.0874     41.1924
    0.0875     41.1723
    0.0876     41.1522
    0.0877     41.1321
    0.0878     41.1120
    0.0879     41.0920
    0.0880     41.0719
    0.0881     41.0518
    0.0882     41.0317
    0.0883     41.0117
    0.0884     40.9916
    0.0885     40.9715
    0.0886     40.9514
    0.0887     40.9313
    0.0888     40.9113
    0.0889     40.8912
    0.0890     40.8711
    0.0891     40.8510
    0.0892     40.8309
    0.0893     40.8109
    0.0894     40.7908
    0.0895     40.7707
    0.0896     40.7506
    0.0897     40.7306
    0.0898     40.7105
    0.0899     40.6904
    0.0900     40.6703
    0.0901     40.6502
    0.0902     40.6302
    0.0903     40.6101
    0.0904     40.5900
    0.0906     40.5500
    0.0907     40.5300
    0.0908     40.5100
    0.0909     40.4900
    0.0910     40.4700
    0.0911     40.4500
    0.0912     40.4300
    0.0913     40.4100
    0.0914     40.3900
    0.0915     40.3700
    0.0916     40.3500
    0.0917     40.3300
    0.0918     40.3100
    0.0919     40.2900
    0.0920     40.2700
    0.0921     40.2500
    0.0922     40.2300
    0.0923     40.2100
    0.0924     40.1900
    0.0925     40.1700
    0.0926     40.1500
    0.0927     40.1300
    0.0928     40.1100
    0.0929     40.0900
    0.0930     40.0700
    0.0931     40.0500
    0.0932     40.0300
    0.0933     40.0100
    0.0934     39.9900
    0.0935     39.9700
    0.0936     39.9500
    0.0937     39.9300
    0.0938     39.9100
    0.0939     39.8900
    0.0940     39.8700
    0.0941     39.8500
    0.0942     39.8300
    0.0943     39.8100
    0.0944     39.7900
    0.0945     39.7700
    0.0946     39.7500
    0.0947     39.7300
    0.0948     39.7100
    0.0949     39.6900
    0.0950     39.6700
    0.0951     39.6500
    0.0952     39.6300
    0.0953     39.6100
    0.0954     39.5900
    0.0955     39.5700
    0.0956     39.5500
    0.0957     39.5300
    0.0958     39.5100
    0.0959     39.4900
    0.0960     39.4700
    0.0962     39.4175
    0.0963     39.3892
    0.0964     39.3609
    0.0965     39.3326
    0.0966     39.3042
    0.0967     39.2759
    0.0968     39.2476
    0.0969     39.2193
    0.0970     39.1910
    0.0971     39.1627
    0.0972     39.1343
    0.0973     39.1060
    0.0974     39.0777
    0.0975     39.0494
    0.0976     39.0211
    0.0977     38.9927
    0.0978     38.9644
    0.0979     38.9361
    0.0980     38.9078
    0.0981     38.8795
    0.0982     38.8512
    0.0983     38.8228
    0.0984     38.7945
    0.0985     38.7662
    0.0986     38.7379
    0.0987     38.7096
    0.0988     38.6812
    0.0989     38.6529
    0.0990     38.6246
    0.0991     38.5963
    0.0992     38.5680
    0.0993     38.5396
    0.0994     38.5113
    0.0996     38.4710
    0.0997     38.4528
    0.0998     38.4347
    0.0999     38.4165
    0.1000     38.3983
    0.1001     38.3802
    0.1002     38.3620
    0.1003     38.3439
    0.1004     38.3257
    0.1005     38.3076
    0.1006     38.2894
    0.1007     38.2713
    0.1008     38.2531
    0.1009     38.2350
    0.1010     38.2168
    0.1011     38.1987
    0.1012     38.1805
    0.1013     38.1624
    0.1014     38.1442
    0.1015     38.1261
    0.1016     38.1079
    0.1017     38.0898
    0.1018     38.0716
    0.1019     38.0535
    0.1020     38.0353
    0.1021     38.0171
    0.1022     37.9990
    0.1023     37.9808
    0.1024     37.9627
    0.1025     37.9445
    0.1026     37.9264
    0.1027     37.9082
    0.1028     37.8901
    0.1029     37.8719
    0.1030     37.8538
    0.1031     37.8356
    0.1032     37.8175
    0.1033     37.7993
    0.1034     37.7812
    0.1035     37.7630
    0.1036     37.7449
    0.1037     37.7267
    0.1038     37.7086
    0.1039     37.6904
    0.1040     37.6723
    0.1041     37.6541
    0.1042     37.6359
    0.1043     37.6178
    0.1044     37.5996
    0.1045     37.5815
    0.1046     37.5633
    0.1047     37.5452
    0.1048     37.5270
    0.1049     37.5089
    0.1050     37.4907
    0.1051     37.4726
    0.1052     37.4544
    0.1053     37.4363
    0.1054     37.4181
    0.1055     37.4000
    0.1056     37.3818
    0.1058     37.3417
    0.1059     37.3215
    0.1060     37.3013
    0.1061     37.2811
    0.1062     37.2609
    0.1063     37.2408
    0.1064     37.2206
    0.1065     37.2004
    0.1066     37.1802
    0.1067     37.1601
    0.1068     37.1399
    0.1069     37.1197
    0.1070     37.0995
    0.1071     37.0793
    0.1072     37.0592
    0.1073     37.0390
    0.1074     37.0188
    0.1075     36.9986
    0.1076     36.9784
    0.1077     36.9583
    0.1078     36.9381
    0.1079     36.9179
    0.1080     36.8977
    0.1081     36.8776
    0.1082     36.8574
    0.1083     36.8372
    0.1084     36.8170
    0.1085     36.7968
    0.1086     36.7767
    0.1087     36.7565
    0.1088     36.7363
    0.1089     36.7161
    0.1090     36.6959
    0.1091     36.6758
    0.1092     36.6556
    0.1093     36.6354
    0.1094     36.6152
    0.1095     36.5951
    0.1096     36.5749
    0.1097     36.5547
    0.1098     36.5345
    0.1099     36.5143
    0.1100     36.4942
    0.1101     36.4740
    0.1102     36.4538
    0.1103     36.4336
    0.1104     36.4134
    0.1105     36.3933
    0.1106     36.3731
    0.1107     36.3529
    0.1108     36.3327
    0.1109     36.3126
    0.1110     36.2924
    0.1111     36.2722
    0.1112     36.2520
    0.1114     36.2125
    0.1115     36.1927
    0.1116     36.1730
    0.1117     36.1532
    0.1118     36.1335
    0.1119     36.1137
    0.1120     36.0940
    0.1121     36.0742
    0.1122     36.0545
    0.1123     36.0347
    0.1124     36.0150
    0.1125     35.9952
    0.1126     35.9755
    0.1127     35.9557
    0.1128     35.9360
    0.1129     35.9162
    0.1130     35.8965
    0.1131     35.8767
    0.1132     35.8570
    0.1133     35.8372
    0.1134     35.8175
    0.1135     35.7977
    0.1136     35.7780
    0.1137     35.7582
    0.1138     35.7385
    0.1139     35.7187
    0.1140     35.6990
    0.1141     35.6792
    0.1142     35.6595
    0.1143     35.6397
    0.1144     35.6200
    0.1145     35.6002
    0.1146     35.5805
    0.1147     35.5607
    0.1148     35.5410
    0.1149     35.5212
    0.1150     35.5015
    0.1151     35.4817
    0.1152     35.4620
    0.1154     35.4220
    0.1155     35.4020
    0.1156     35.3820
    0.1157     35.3620
    0.1158     35.3420
    0.1159     35.3220
    0.1160     35.3020
    0.1161     35.2820
    0.1162     35.2620
    0.1163     35.2420
    0.1164     35.2220
    0.1165     35.2020
    0.1166     35.1820
    0.1167     35.1620
    0.1168     35.1420
    0.1169     35.1220
    0.1170     35.1020
    0.1171     35.0820
    0.1172     35.0620
    0.1173     35.0420
    0.1174     35.0220
    0.1175     35.0020
    0.1176     34.9820
    0.1177     34.9620
    0.1178     34.9420
    0.1179     34.9220
    0.1180     34.9020
    0.1181     34.8820
    0.1182     34.8620
    0.1183     34.8420
    0.1184     34.8220
    0.1185     34.8020
    0.1186     34.7820
    0.1187     34.7620
    0.1188     34.7420
    0.1189     34.7220
    0.1190     34.7020
    0.1191     34.6820
    0.1192     34.6620
    0.1193     34.6420
    0.1194     34.6220
    0.1195     34.6020
    0.1196     34.5820
    0.1197     34.5620
    0.1198     34.5420
    0.1199     34.5220
    0.1200     34.5020
    0.1201     34.4820
    0.1202     34.4620
    0.1203     34.4420
    0.1204     34.4220
    0.1205     34.4020
    0.1206     34.3820
    0.1207     34.3620
    0.1208     34.3420
    0.1209     34.3220
    0.1210     34.3020
    0.1211     34.2820
    0.1212     34.2620
    0.1213     34.2420
    0.1214     34.2220
    0.1216     34.1796
    0.1217     34.1584
    0.1218     34.1371
    0.1219     34.1159
    0.1220     34.0946
    0.1221     34.0734
    0.1222     34.0521
    0.1223     34.0309
    0.1224     34.0096
    0.1225     33.9884
    0.1226     33.9671
    0.1227     33.9459
    0.1228     33.9246
    0.1229     33.9034
    0.1230     33.8821
    0.1231     33.8609
    0.1232     33.8396
    0.1233     33.8184
    0.1234     33.7971
    0.1235     33.7759
    0.1236     33.7546
    0.1237     33.7334
    0.1238     33.7121
    0.1239     33.6909
    0.1240     33.6696
    0.1241     33.6484
    0.1242     33.6271
    0.1243     33.6059
    0.1244     33.5846
    0.1245     33.5634
    0.1246     33.5421
    0.1247     33.5209
    0.1248     33.4996
    0.1249     33.4784
    0.1250     33.4571
    0.1251     33.4359
    0.1252     33.4146
    0.1253     33.3934
    0.1254     33.3721
    0.1256     33.3398
    0.1257     33.3239
    0.1258     33.3080
    0.1259     33.2921
    0.1260     33.2762
    0.1261     33.2603
    0.1262     33.2444
    0.1263     33.2285
    0.1264     33.2126
    0.1265     33.1967
    0.1266     33.1808
    0.1267     33.1649
    0.1268     33.1490
    0.1269     33.1331
    0.1270     33.1172
    0.1271     33.1013
    0.1272     33.0854
    0.1273     33.0695
    0.1274     33.0536
    0.1275     33.0377
    0.1276     33.0218
    0.1277     33.0059
    0.1278     32.9901
    0.1279     32.9742
    0.1280     32.9583
    0.1281     32.9424
    0.1282     32.9265
    0.1283     32.9106
    0.1284     32.8947
    0.1285     32.8788
    0.1286     32.8629
    0.1287     32.8470
    0.1288     32.8311
    0.1289     32.8152
    0.1290     32.7993
    0.1291     32.7834
    0.1292     32.7675
    0.1293     32.7516
    0.1295     32.7192
    0.1296     32.7030
    0.1297     32.6867
    0.1298     32.6705
    0.1299     32.6543
    0.1300     32.6381
    0.1301     32.6218
    0.1302     32.6056
    0.1303     32.5894
    0.1304     32.5732
    0.1305     32.5570
    0.1306     32.5407
    0.1307     32.5245
    0.1308     32.5083
    0.1309     32.4921
    0.1310     32.4758
    0.1311     32.4596
    0.1312     32.4434
    0.1313     32.4272
    0.1314     32.4110
    0.1315     32.3947
    0.1316     32.3785
    0.1317     32.3623
    0.1318     32.3461
    0.1319     32.3298
    0.1320     32.3136
    0.1321     32.2974
    0.1322     32.2812
    0.1323     32.2650
    0.1324     32.2487
    0.1325     32.2325
    0.1326     32.2163
    0.1327     32.2001
    0.1328     32.1838
    0.1329     32.1676
    0.1330     32.1514
    0.1331     32.1352
    0.1332     32.1190
    0.1333     32.1027
    0.1334     32.0865
    0.1335     32.0703
    0.1336     32.0541
    0.1337     32.0378
    0.1338     32.0216
    0.1340     31.9779
    0.1341     31.9557
    0.1342     31.9336
    0.1343     31.9114
    0.1344     31.8893
    0.1345     31.8671
    0.1346     31.8450
    0.1347     31.8228
    0.1348     31.8006
    0.1349     31.7785
    0.1350     31.7563
    0.1351     31.7342
    0.1352     31.7120
    0.1353     31.6899
    0.1354     31.6677
    0.1355     31.6455
    0.1356     31.6234
    0.1357     31.6012
    0.1358     31.5791
    0.1359     31.5569
    0.1360     31.5348
    0.1361     31.5126
    0.1362     31.4905
    0.1363     31.4683
    0.1364     31.4461
    0.1365     31.4240
    0.1366     31.4018
    0.1367     31.3797
    0.1368     31.3575
    0.1369     31.3354
    0.1370     31.3132
    0.1371     31.2910
    0.1372     31.2689
    0.1373     31.2467
    0.1374     31.2246
    0.1375     31.2024
    0.1376     31.1803
    0.1377     31.1581
    0.1378     31.1359
    0.1379     31.1138
    0.1380     31.0916
    0.1381     31.0695
    0.1382     31.0473
    0.1383     31.0252
    0.1384     31.0030
    0.1385     30.9808
    0.1386     30.9587
    0.1387     30.9365
    0.1388     30.9144
    0.1389     30.8922
    0.1391     30.8606
    0.1392     30.8451
    0.1393     30.8296
    0.1394     30.8141
    0.1395     30.7986
    0.1396     30.7831
    0.1397     30.7676
    0.1398     30.7521
    0.1399     30.7366
    0.1400     30.7212
    0.1401     30.7057
    0.1402     30.6902
    0.1403     30.6747
    0.1404     30.6592
    0.1405     30.6437
    0.1406     30.6282
    0.1407     30.6127
    0.1408     30.5972
    0.1409     30.5817
    0.1410     30.5663
    0.1411     30.5508
    0.1412     30.5353
    0.1413     30.5198
    0.1414     30.5043
    0.1415     30.4888
    0.1416     30.4733
    0.1417     30.4578
    0.1418     30.4423
    0.1419     30.4268
    0.1420     30.4114
    0.1421     30.3959
    0.1422     30.3804
    0.1423     30.3649
    0.1424     30.3494
    0.1425     30.3339
    0.1426     30.3184
    0.1427     30.3029
    0.1428     30.2874
    0.1429     30.2719
    0.1430     30.2565
    0.1431     30.2410
    0.1432     30.2255
    0.1433     30.2100
    0.1434     30.1945
    0.1435     30.1790
    0.1436     30.1635
    0.1437     30.1480
    0.1438     30.1325
    0.1439     30.1170
    0.1440     30.1015
    0.1441     30.0861
    0.1442     30.0706
    0.1443     30.0551
    0.1444     30.0396
    0.1445     30.0241
    0.1446     30.0086
    0.1447     29.9931
    0.1448     29.9776
    0.1449     29.9621
    0.1450     29.9466
    0.1451     29.9312
    0.1452     29.9157
    0.1453     29.9002
    0.1454     29.8847
    0.1455     29.8692
    0.1456     29.8537
    0.1457     29.8382
    0.1458     29.8227
    0.1459     29.8072
    0.1460     29.7917
    0.1461     29.7763
    0.1462     29.7608
    0.1463     29.7453
    0.1464     29.7298
    0.1465     29.7143
    0.1466     29.6988
    0.1467     29.6833
    0.1468     29.6678
    0.1469     29.6523
    0.1470     29.6368
    0.1471     29.6214
    0.1472     29.6059
    0.1473     29.5904
    0.1474     29.5749
    0.1475     29.5594
    0.1476     29.5439
    0.1477     29.5284
    0.1478     29.5129
    0.1479     29.4974
    0.1480     29.4819
    0.1481     29.4665
    0.1482     29.4510
    0.1483     29.4355
    0.1484     29.4200
    0.1485     29.4045
    0.1486     29.3890
    0.1487     29.3735
    0.1488     29.3580
    0.1489     29.3425
    0.1490     29.3270
    0.1491     29.3115
    0.1492     29.2961
    0.1493     29.2806
    0.1494     29.2651
    0.1495     29.2496
    0.1496     29.2341
    0.1497     29.2186
    0.1498     29.2031
    0.1499     29.1876
    0.1500     29.1721
    0.1501     29.1566
    0.1502     29.1412
    0.1503     29.1257
    0.1504     29.1102
    0.1505     29.0947
    0.1506     29.0792
    0.1507     29.0637
    0.1508     29.0482
    0.1509     29.0327
    0.1510     29.0172
    0.1511     29.0017
    0.1512     28.9863
    0.1513     28.9708
    0.1514     28.9553
    0.1515     28.9398
    0.1516     28.9243
    0.1517     28.9088
    0.1518     28.8933
    0.1519     28.8778
    0.1520     28.8623
    0.1521     28.8468
    0.1522     28.8314
    0.1523     28.8159
    0.1524     28.8004
    0.1525     28.7849
    0.1526     28.7694
    0.1527     28.7539
    0.1528     28.7384
    0.1529     28.7229
    0.1530     28.7074
    0.1531     28.6919
    0.1532     28.6765
    0.1533     28.6610
    0.1534     28.6455
    0.1535     28.6300
    0.1536     28.6145
    0.1537     28.5990
    0.1538     28.5835
    0.1539     28.5680
    0.1540     28.5525
    0.1541     28.5370
    0.1542     28.5215
    0.1543     28.5061
    0.1544     28.4906
    0.1545     28.4751
    0.1546     28.4596
    0.1547     28.4441
    0.1548     28.4286
    0.1549     28.4131
    0.1550     28.3976
    0.1551     28.3821
    0.1552     28.3666
    0.1553     28.3512
    0.1554     28.3357
    0.1555     28.3202
    0.1556     28.3047
    0.1557     28.2892
    0.1558     28.2737
    0.1559     28.2582
    0.1560     28.2427
    0.1561     28.2272
    0.1562     28.2117
    0.1563     28.1963
    0.1564     28.1808
    0.1565     28.1653
    0.1566     28.1498
    0.1567     28.1343
    0.1568     28.1188
    0.1569     28.1033
    0.1570     28.0878
    0.1571     28.0723
    0.1572     28.0568
    0.1573     28.0414
    0.1574     28.0259
    0.1575     28.0104
    0.1576     27.9949
    0.1577     27.9794
    0.1578     27.9639
    0.1579     27.9484
    0.1580     27.9329
    0.1581     27.9174
    0.1582     27.9019
    0.1583     27.8865
    0.1584     27.8710
    0.1585     27.8555
    0.1586     27.8400
    0.1587     27.8245
    0.1588     27.8090
    0.1589     27.7935
    0.1590     27.7780
    0.1591     27.7625
    0.1592     27.7470
    0.1593     27.7315
    0.1594     27.7161
    0.1595     27.7006
    0.1596     27.6851
    0.1597     27.6696
    0.1598     27.6541
    0.1599     27.6386
    0.1600     27.6231
    0.1601     27.6076
    0.1602     27.5921
    0.1603     27.5766
    0.1604     27.5612
    0.1605     27.5457
    0.1606     27.5302
    0.1607     27.5147
    0.1608     27.4992
    0.1609     27.4837
    0.1610     27.4682
    0.1611     27.4527
    0.1612     27.4372
    0.1613     27.4217
    0.1614     27.4063
    0.1615     27.3908
    0.1616     27.3753
    0.1617     27.3598
    0.1618     27.3443
    0.1619     27.3288
    0.1620     27.3133
    0.1621     27.2978
    0.1622     27.2823
    0.1623     27.2668
    0.1624     27.2514
    0.1625     27.2359
    0.1626     27.2204
    0.1627     27.2049
    0.1628     27.1894
    0.1629     27.1739
    0.1630     27.1584
    0.1631     27.1429
    0.1632     27.1274
    0.1633     27.1119
    0.1634     27.0965
    0.1635     27.0810
    0.1636     27.0655
    0.1637     27.0500
    0.1638     27.0345
    0.1639     27.0190
    0.1640     27.0035
    0.1641     26.9880
    0.1642     26.9725
    0.1643     26.9570
    0.1644     26.9415
    0.1645     26.9261
    0.1646     26.9106
    0.1647     26.8951
    0.1648     26.8796
    0.1649     26.8641
    0.1650     26.8486
    0.1651     26.8331
    0.1652     26.8176
    0.1653     26.8021
    0.1654     26.7866
    0.1655     26.7712
    0.1656     26.7557
    0.1657     26.7402
    0.1658     26.7247
    0.1659     26.7092
    0.1660     26.6937
    0.1661     26.6782
    0.1662     26.6627
    0.1663     26.6472
    0.1664     26.6317
    0.1665     26.6163
    0.1666     26.6008
    0.1667     26.5853
    0.1668     26.5698
    0.1669     26.5543
    0.1670     26.5388
    0.1671     26.5233
    0.1672     26.5078
    0.1673     26.4923
    0.1674     26.4768
    0.1675     26.4614
    0.1676     26.4459
    0.1677     26.4304
    0.1678     26.4149
    0.1679     26.3994
    0.1680     26.3839
    0.1681     26.3684
    0.1682     26.3529
    0.1683     26.3374
    0.1684     26.3219
    0.1685     26.3065
    0.1686     26.2910
    0.1687     26.2755
    0.1688     26.2600
    0.1689     26.2445
    0.1690     26.2290
    0.1691     26.2135
    0.1692     26.1980
    0.1693     26.1825
    0.1694     26.1670
    0.1695     26.1515
    0.1696     26.1361
    0.1697     26.1206
    0.1698     26.1051
    0.1699     26.0896
    0.1700     26.0741
    0.1701     26.0586
    0.1702     26.0431
    0.1703     26.0276
    0.1704     26.0121
    0.1705     25.9966
    0.1706     25.9812
    0.1707     25.9657
    0.1708     25.9502
    0.1709     25.9347
    0.1710     25.9192
    0.1711     25.9037
    0.1712     25.8882
    0.1713     25.8727
    0.1714     25.8572
    0.1715     25.8417
    0.1716     25.8263
    0.1717     25.8108
    0.1718     25.7953
    0.1719     25.7798
    0.1720     25.7643
    0.1721     25.7488
    0.1722     25.7333
    0.1723     25.7178
    0.1724     25.7023
    0.1725     25.6868
    0.1726     25.6714
    0.1727     25.6559
    0.1728     25.6404
    0.1729     25.6249
    0.1730     25.6094
    0.1731     25.5939
    0.1732     25.5784
    0.1733     25.5629
    0.1734     25.5474
    0.1735     25.5319
    0.1736     25.5165
    0.1737     25.5010
    0.1738     25.4855
    0.1739     25.4700
    0.1740     25.4545
    0.1741     25.4390
    0.1742     25.4235
    0.1743     25.4080
    0.1744     25.3925
    0.1745     25.3770
    0.1746     25.3615
    0.1747     25.3461
    0.1748     25.3306
    0.1749     25.3151
    0.1750     25.2996
    0.1751     25.2841
    0.1752     25.2686
    0.1753     25.2531
    0.1754     25.2376
    0.1755     25.2221
    0.1756     25.2066
    0.1757     25.1912
    0.1758     25.1757
    0.1759     25.1602
    0.1760     25.1447
    0.1761     25.1292
    0.1762     25.1137
    0.1763     25.0982
    0.1764     25.0827
    0.1765     25.0672
    0.1766     25.0517
    0.1767     25.0363
    0.1768     25.0208
    0.1769     25.0053
    0.1770     24.9898
    0.1771     24.9743
    0.1772     24.9588
    0.1773     24.9433
    0.1774     24.9278
    0.1775     24.9123
    0.1776     24.8968
    0.1777     24.8814
    0.1778     24.8659
    0.1779     24.8504
    0.1780     24.8349
    0.1781     24.8194
    0.1782     24.8039
    0.1783     24.7884
    0.1784     24.7729
    0.1785     24.7574
    0.1786     24.7419
    0.1787     24.7265
    0.1788     24.7110
    0.1789     24.6955
    0.1790     24.6800
    0.1791     24.6645
    0.1792     24.6490
    0.1793     24.6335
    0.1794     24.6180
    0.1795     24.6025
    0.1796     24.5870
    0.1797     24.5715
    0.1798     24.5561
    0.1799     24.5406
    0.1800     24.5251
    0.1801     24.5096
    0.1802     24.4941
    0.1803     24.4786
    0.1804     24.4631
    0.1805     24.4476
    0.1806     24.4321
    0.1807     24.4166
    0.1808     24.4012
    0.1809     24.3857
    0.1810     24.3702
    0.1811     24.3547
    0.1812     24.3392
    0.1813     24.3237
    0.1814     24.3082
    0.1815     24.2927
    0.1816     24.2772
    0.1817     24.2617
    0.1818     24.2463
    0.1819     24.2308
    0.1820     24.2153
    0.1821     24.1998
    0.1822     24.1843
    0.1823     24.1688
    0.1824     24.1533
    0.1825     24.1378
    0.1826     24.1223
    0.1827     24.1068
    0.1828     24.0914
    0.1829     24.0759
    0.1830     24.0604
    0.1831     24.0449
    0.1832     24.0294
    0.1833     24.0139
    0.1834     23.9984
    0.1835     23.9829
    0.1836     23.9674
    0.1837     23.9519
    0.1838     23.9365
    0.1839     23.9210
    0.1840     23.9055
    0.1841     23.8900
    0.1842     23.8745
    0.1843     23.8590
    0.1844     23.8435
    0.1845     23.8280
    0.1846     23.8125
    0.1847     23.7970
    0.1848     23.7815
    0.1849     23.7661
    0.1850     23.7506
    0.1851     23.7351
    0.1852     23.7196
    0.1853     23.7041
    0.1854     23.6886
    0.1855     23.6731
    0.1856     23.6576
    0.1857     23.6421
    0.1858     23.6266
    0.1859     23.6112
    0.1860     23.5957
    0.1861     23.5802
    0.1862     23.5647
    0.1863     23.5492
    0.1864     23.5337
    0.1865     23.5182
    0.1866     23.5027
    0.1867     23.4872
    0.1868     23.4717
    0.1869     23.4563
    0.1870     23.4408
    0.1871     23.4253
    0.1872     23.4098
    0.1873     23.3943
    0.1874     23.3788
    0.1875     23.3633
    0.1876     23.3478
    0.1877     23.3323
    0.1878     23.3168
    0.1879     23.3014
    0.1880     23.2859
    0.1881     23.2704
    0.1882     23.2549
    0.1883     23.2394
    0.1884     23.2239
    0.1885     23.2084
    0.1886     23.1929
    0.1887     23.1774
    0.1888     23.1619
    0.1889     23.1465
    0.1890     23.1310
    0.1891     23.1155
    0.1892     23.1000
    0.1893     23.0845
    0.1894     23.0690
    0.1895     23.0535
    0.1896     23.0380
    0.1897     23.0225
    0.1898     23.0070
    0.1899     22.9915
    0.1900     22.9761
    0.1901     22.9606
    0.1902     22.9451
    0.1903     22.9296
    0.1904     22.9141
    0.1905     22.8986
    0.1906     22.8831
    0.1907     22.8676
    0.1908     22.8521
    0.1909     22.8366
    0.1910     22.8212
    0.1911     22.8057
    0.1912     22.7902
    0.1913     22.7747
    0.1914     22.7592
    0.1915     22.7437
    0.1916     22.7282
    0.1917     22.7127
    0.1918     22.6972
    0.1919     22.6817
    0.1920     22.6663
    0.1921     22.6508
    0.1922     22.6353
    0.1923     22.6198
    0.1924     22.6043
    0.1925     22.5888
    0.1926     22.5733
    0.1927     22.5578
    0.1928     22.5423
    0.1929     22.5268
    0.1930     22.5114
    0.1931     22.4959
    0.1932     22.4804
    0.1933     22.4649
    0.1934     22.4494
    0.1935     22.4339
    0.1936     22.4184
    0.1937     22.4029
    0.1938     22.3874
    0.1939     22.3719
    0.1940     22.3565
    0.1941     22.3410
    0.1942     22.3255
    0.1943     22.3100
    0.1944     22.2945
    0.1945     22.2790
    0.1946     22.2635
    0.1947     22.2480
    0.1948     22.2325
    0.1949     22.2170
    0.1950     22.2015
    0.1951     22.1861
    0.1952     22.1706
    0.1953     22.1551
    0.1954     22.1396
    0.1955     22.1241
    0.1956     22.1086
    0.1957     22.0931
    0.1958     22.0776
    0.1959     22.0621
    0.1960     22.0466
    0.1961     22.0312
    0.1962     22.0157
    0.1963     22.0002
    0.1964     21.9847
    0.1965     21.9692
    0.1966     21.9537
    0.1967     21.9382
    0.1968     21.9227
    0.1969     21.9072
    0.1970     21.8917
    0.1971     21.8763
    0.1972     21.8608
    0.1973     21.8453
    0.1974     21.8298
    0.1975     21.8143
    0.1976     21.7988
    0.1977     21.7833
    0.1978     21.7678
    0.1979     21.7523
    0.1980     21.7368
    0.1981     21.7214
    0.1982     21.7059
    0.1983     21.6904
    0.1984     21.6749
    0.1985     21.6594
    0.1986     21.6439
    0.1987     21.6284
    0.1988     21.6129
    0.1989     21.5974
    0.1990     21.5819
    0.1991     21.5665
    0.1992     21.5510
    0.1993     21.5355
    0.1994     21.5200
    0.1995     21.5045
    0.1996     21.4890
    0.1997     21.4735
    0.1998     21.4580
    0.1999     21.4425
    0.2000     21.4270
    0.2001     21.4115
    0.2002     21.3961
    0.2003     21.3806
    0.2004     21.3651
    0.2005     21.3496
    0.2006     21.3341
    0.2007     21.3186
    0.2008     21.3031
    0.2009     21.2876
    0.2010     21.2721
    0.2011     21.2566
    0.2012     21.2412
    0.2013     21.2257
    0.2014     21.2102
    0.2015     21.1947
    0.2016     21.1792
    0.2017     21.1637
    0.2018     21.1482
    0.2019     21.1327
    0.2020     21.1172
    0.2021     21.1017
    0.2022     21.0863
    0.2023     21.0708
    0.2024     21.0553
    0.2025     21.0398
    0.2026     21.0243
    0.2027     21.0088
    0.2028     20.9933
    0.2029     20.9778
    0.2030     20.9623
    0.2031     20.9468
    0.2032     20.9314
    0.2033     20.9159
    0.2034     20.9004
    0.2035     20.8849
    0.2036     20.8694
    0.2037     20.8539
    0.2038     20.8384
    0.2039     20.8229
    0.2040     20.8074
    0.2041     20.7919
    0.2042     20.7765
    0.2043     20.7610
    0.2044     20.7455
    0.2045     20.7300
    0.2046     20.7145
    0.2047     20.6990
    0.2048     20.6835
    0.2049     20.6680
    0.2050     20.6525
    0.2051     20.6370
    0.2052     20.6215
    0.2053     20.6061
    0.2054     20.5906
    0.2055     20.5751
    0.2056     20.5596
    0.2057     20.5441
    0.2058     20.5286
    0.2059     20.5131
    0.2060     20.4976
    0.2061     20.4821
    0.2062     20.4666
    0.2063     20.4512
    0.2064     20.4357
    0.2065     20.4202
    0.2066     20.4047
    0.2067     20.3892
    0.2068     20.3737
    0.2069     20.3582
    0.2070     20.3427
    0.2071     20.3272
    0.2072     20.3117
    0.2073     20.2963
    0.2074     20.2808
    0.2075     20.2653
    0.2076     20.2498
    0.2077     20.2343
    0.2078     20.2188
    0.2079     20.2033
    0.2080     20.1878
    0.2081     20.1723
    0.2082     20.1568
    0.2083     20.1414
    0.2084     20.1259
    0.2085     20.1104
    0.2086     20.0949
    0.2087     20.0794
    0.2088     20.0639
    0.2089     20.0484
    0.2090     20.0329
    0.2091     20.0174
    0.2092     20.0019
    0.2093     19.9865
    0.2094     19.9710
    0.2095     19.9555
    0.2096     19.9400
    0.2097     19.9245
    0.2098     19.9090
    0.2099     19.8935
    0.2100     19.8780
    0.2101     19.8625
    0.2102     19.8470
    0.2103     19.8315
    0.2104     19.8161
    0.2105     19.8006
    0.2106     19.7851
    0.2107     19.7696
    0.2108     19.7541
    0.2109     19.7386
    0.2110     19.7231
    0.2111     19.7076
    0.2112     19.6921
    0.2113     19.6766
    0.2114     19.6612
    0.2115     19.6457
    0.2116     19.6302
    0.2117     19.6147
    0.2118     19.5992
    0.2119     19.5837
    0.2120     19.5682
    0.2121     19.5527
    0.2122     19.5372
    0.2123     19.5217
    0.2124     19.5063
    0.2125     19.4908
    0.2126     19.4753
    0.2127     19.4598
    0.2128     19.4443
    0.2129     19.4288
    0.2130     19.4133
    0.2131     19.3978
    0.2132     19.3823
    0.2133     19.3668
    0.2134     19.3514
    0.2135     19.3359
    0.2136     19.3204
    0.2137     19.3049
    0.2138     19.2894
    0.2139     19.2739
    0.2140     19.2584
    0.2141     19.2429
    0.2142     19.2274
    0.2143     19.2119
    0.2144     19.1965
    0.2145     19.1810
    0.2146     19.1655
    0.2147     19.1500
    0.2148     19.1345
    0.2149     19.1190
    0.2150     19.1035
    0.2151     19.0880
    0.2152     19.0725
    0.2153     19.0570
    0.2154     19.0415
    0.2155     19.0261
    0.2156     19.0106
    0.2157     18.9951
    0.2158     18.9796
    0.2159     18.9641
    0.2160     18.9486
    0.2161     18.9331
    0.2162     18.9176
    0.2163     18.9021
    0.2164     18.8866
    0.2165     18.8712
    0.2166     18.8557
    0.2167     18.8402
    0.2168     18.8247
    0.2169     18.8092
    0.2170     18.7937
    0.2171     18.7782
    0.2172     18.7627
    0.2173     18.7472
    0.2174     18.7317
    0.2175     18.7163
    0.2176     18.7008
    0.2177     18.6853
    0.2178     18.6698
    0.2179     18.6543
    0.2180     18.6388
    0.2181     18.6233
    0.2182     18.6078
    0.2183     18.5923
    0.2184     18.5768
    0.2185     18.5614
    0.2186     18.5459
    0.2187     18.5304
    0.2188     18.5149
    0.2189     18.4994
    0.2190     18.4839
    0.2191     18.4684
    0.2192     18.4529
    0.2193     18.4374
    0.2194     18.4219
    0.2195     18.4065
    0.2196     18.3910
    0.2197     18.3755
    0.2198     18.3600
    0.2199     18.3445
    0.2200     18.3290
    0.2201     18.3135
    0.2202     18.2980
    0.2203     18.2825
    0.2204     18.2670
    0.2205     18.2515
    0.2206     18.2361
    0.2207     18.2206
    0.2208     18.2051
    0.2209     18.1896
    0.2210     18.1741
    0.2211     18.1586
    0.2212     18.1431
    0.2213     18.1276
    0.2214     18.1121
    0.2215     18.0966
    0.2216     18.0812
    0.2217     18.0657
    0.2218     18.0502
    0.2219     18.0347
    0.2220     18.0192
    0.2221     18.0037
    0.2222     17.9882
    0.2223     17.9727
    0.2224     17.9572
    0.2225     17.9417
    0.2226     17.9263
    0.2227     17.9108
    0.2228     17.8953
    0.2229     17.8798
    0.2230     17.8643
    0.2231     17.8488
    0.2232     17.8333
    0.2233     17.8178
    0.2234     17.8023
    0.2235     17.7868
    0.2236     17.7714
    0.2237     17.7559
    0.2238     17.7404
    0.2239     17.7249
    0.2240     17.7094
    0.2241     17.6939
    0.2242     17.6784
    0.2243     17.6629
    0.2244     17.6474
    0.2245     17.6319
    0.2246     17.6165
    0.2247     17.6010
    0.2248     17.5855
    0.2249     17.5700
    0.2250     17.5545
    0.2251     17.5390
    0.2252     17.5235
    0.2253     17.5080
    0.2254     17.4925
    0.2255     17.4770
    0.2256     17.4615
    0.2257     17.4461
    0.2258     17.4306
    0.2259     17.4151
    0.2260     17.3996
    0.2261     17.3841
    0.2262     17.3686
    0.2263     17.3531
    0.2264     17.3376
    0.2265     17.3221
    0.2266     17.3066
    0.2267     17.2912
    0.2268     17.2757
    0.2269     17.2602
    0.2270     17.2447
    0.2271     17.2292
    0.2272     17.2137
    0.2273     17.1982
    0.2274     17.1827
    0.2275     17.1672
    0.2276     17.1517
    0.2277     17.1363
    0.2278     17.1208
    0.2279     17.1053
    0.2280     17.0898
    0.2281     17.0743
    0.2282     17.0588
    0.2283     17.0433
    0.2284     17.0278
    0.2285     17.0123
    0.2286     16.9968
    0.2287     16.9814
    0.2288     16.9659
    0.2289     16.9504
    0.2290     16.9349
    0.2291     16.9194
    0.2292     16.9039
    0.2293     16.8884
    0.2294     16.8729
    0.2295     16.8574
    0.2296     16.8419
    0.2297     16.8265
    0.2298     16.8110
    0.2299     16.7955
    0.2300     16.7800
    0.2301     16.7645
    0.2302     16.7490
    0.2303     16.7335
    0.2304     16.7180
    0.2305     16.7025
    0.2306     16.6870
    0.2307     16.6715
    0.2308     16.6561
    0.2309     16.6406
    0.2310     16.6251
    0.2311     16.6096
    0.2312     16.5941
    0.2313     16.5786
    0.2314     16.5631
    0.2315     16.5476
    0.2316     16.5321
    0.2317     16.5166
    0.2318     16.5012
    0.2319     16.4857
    0.2320     16.4702
    0.2321     16.4547
    0.2322     16.4392
    0.2323     16.4237
    0.2324     16.4082
    0.2325     16.3927
    0.2326     16.3772
    0.2327     16.3617
    0.2328     16.3463
    0.2329     16.3308
    0.2330     16.3153
    0.2331     16.2998
    0.2332     16.2843
    0.2333     16.2688
    0.2334     16.2533
    0.2335     16.2378
    0.2336     16.2223
    0.2337     16.2068
    0.2338     16.1914
    0.2339     16.1759
    0.2340     16.1604
    0.2341     16.1449
    0.2342     16.1294
    0.2343     16.1139
    0.2344     16.0984
    0.2345     16.0829
    0.2346     16.0674
    0.2347     16.0519
    0.2348     16.0365
    0.2349     16.0210
    0.2350     16.0055
    0.2351     15.9900
    0.2352     15.9745
    0.2353     15.9590
    0.2354     15.9435
    0.2355     15.9280
    0.2356     15.9125
    0.2357     15.8970
    0.2358     15.8815
    0.2359     15.8661
    0.2360     15.8506
    0.2361     15.8351
    0.2362     15.8196
    0.2363     15.8041
    0.2364     15.7886
    0.2365     15.7731
    0.2366     15.7576
    0.2367     15.7421
    0.2368     15.7266
    0.2369     15.7112
    0.2370     15.6957
    0.2371     15.6802
    0.2372     15.6647
    0.2373     15.6492
    0.2374     15.6337
    0.2375     15.6182
    0.2376     15.6027
    0.2377     15.5872
    0.2378     15.5717
    0.2379     15.5563
    0.2380     15.5408
    0.2381     15.5253
    0.2382     15.5098
    0.2383     15.4943
    0.2384     15.4788
    0.2385     15.4633
    0.2386     15.4478
    0.2387     15.4323
    0.2388     15.4168
    0.2389     15.4014
    0.2390     15.3859
    0.2391     15.3704
    0.2392     15.3549
    0.2393     15.3394
    0.2394     15.3239
    0.2395     15.3084
    0.2396     15.2929
    0.2397     15.2774
    0.2398     15.2619
    0.2399     15.2465
    0.2400     15.2310
    0.2401     15.2155
    0.2402     15.2000
    0.2403     15.1845
    0.2404     15.1690
    0.2405     15.1535
    0.2406     15.1380
    0.2407     15.1225
    0.2408     15.1070
    0.2409     15.0915
    0.2410     15.0761
    0.2411     15.0606
    0.2412     15.0451
    0.2413     15.0296
    0.2414     15.0141
    0.2415     14.9986
    0.2416     14.9831
    0.2417     14.9676
    0.2418     14.9521
    0.2419     14.9366
    0.2420     14.9212
    0.2421     14.9057
    0.2422     14.8902
    0.2423     14.8747
    0.2424     14.8592
    0.2425     14.8437
    0.2426     14.8282
    0.2427     14.8127
    0.2428     14.7972
    0.2429     14.7817
    0.2430     14.7663
    0.2431     14.7508
    0.2432     14.7353
    0.2433     14.7198
    0.2434     14.7043
    0.2435     14.6888
    0.2436     14.6733
    0.2437     14.6578
    0.2438     14.6423
    0.2439     14.6268
    0.2440     14.6114
    0.2441     14.5959
    0.2442     14.5804
    0.2443     14.5649
    0.2444     14.5494
    0.2445     14.5339
    0.2446     14.5184
    0.2447     14.5029
    0.2448     14.4874
    0.2449     14.4719
    0.2450     14.4565
    0.2451     14.4410
    0.2452     14.4255
    0.2453     14.4100
    0.2454     14.3945
    0.2455     14.3790
    0.2456     14.3635
    0.2457     14.3480
    0.2458     14.3325
    0.2459     14.3170
    0.2460     14.3015
    0.2461     14.2861
    0.2462     14.2706
    0.2463     14.2551
    0.2464     14.2396
    0.2465     14.2241
    0.2466     14.2086
    0.2467     14.1931
    0.2468     14.1776
    0.2469     14.1621
    0.2470     14.1466
    0.2471     14.1312
    0.2472     14.1157
    0.2473     14.1002
    0.2474     14.0847
    0.2475     14.0692
    0.2476     14.0537
    0.2477     14.0382
    0.2478     14.0227
    0.2479     14.0072
    0.2480     13.9917
    0.2481     13.9763
    0.2482     13.9608
    0.2483     13.9453
    0.2484     13.9298
    0.2485     13.9143
    0.2486     13.8988
    0.2487     13.8833
    0.2488     13.8678
    0.2489     13.8523
    0.2490     13.8368
    0.2491     13.8214
    0.2492     13.8059
    0.2493     13.7904
    0.2494     13.7749
    0.2495     13.7594
    0.2496     13.7439
    0.2497     13.7284
    0.2498     13.7129
    0.2499     13.6974
    0.2500     13.6819
    0.2501     13.6665
    0.2502     13.6510
    0.2503     13.6355
    0.2504     13.6200
    0.2505     13.6045
    0.2506     13.5890
    0.2507     13.5735
    0.2508     13.5580
    0.2509     13.5425
    0.2510     13.5270
    0.2511     13.5115
    0.2512     13.4961
    0.2513     13.4806
    0.2514     13.4651
    0.2515     13.4496
    0.2516     13.4341
    0.2517     13.4186
    0.2518     13.4031
    0.2519     13.3876
    0.2520     13.3721
    0.2521     13.3566
    0.2522     13.3412
    0.2523     13.3257
    0.2524     13.3102
    0.2525     13.2947
    0.2526     13.2792
    0.2527     13.2637
    0.2528     13.2482
    0.2529     13.2327
    0.2530     13.2172
    0.2531     13.2017
    0.2532     13.1863
    0.2533     13.1708
    0.2534     13.1553
    0.2535     13.1398
    0.2536     13.1243
    0.2537     13.1088
    0.2538     13.0933
    0.2539     13.0778
    0.2540     13.0623
    0.2541     13.0468
    0.2542     13.0314
    0.2543     13.0159
    0.2544     13.0004
    0.2545     12.9849
    0.2546     12.9694
    0.2547     12.9539
    0.2548     12.9384
    0.2549     12.9229
    0.2550     12.9074
    0.2551     12.8919
    0.2552     12.8765
    0.2553     12.8610
    0.2554     12.8455
    0.2555     12.8300
    0.2556     12.8145
    0.2557     12.7990
    0.2558     12.7835
    0.2559     12.7680
    0.2560     12.7525
    0.2561     12.7370
    0.2562     12.7215
    0.2563     12.7061
    0.2564     12.6906
    0.2565     12.6751
    0.2566     12.6596
    0.2567     12.6441
    0.2568     12.6286
    0.2569     12.6131
    0.2570     12.5976
    0.2571     12.5821
    0.2572     12.5666
    0.2573     12.5512
    0.2574     12.5357
    0.2575     12.5202
    0.2576     12.5047
    0.2577     12.4892
    0.2578     12.4737
    0.2579     12.4582
    0.2580     12.4427
    0.2581     12.4272
    0.2582     12.4117
    0.2583     12.3963
    0.2584     12.3808
    0.2585     12.3653
    0.2586     12.3498
    0.2587     12.3343
    0.2588     12.3188
    0.2589     12.3033
    0.2590     12.2878
    0.2591     12.2723
    0.2592     12.2568
    0.2593     12.2414
    0.2594     12.2259
    0.2595     12.2104
    0.2596     12.1949
    0.2597     12.1794
    0.2598     12.1639
    0.2599     12.1484
    0.2600     12.1329
    0.2601     12.1174
    0.2602     12.1019
    0.2603     12.0865
    0.2604     12.0710
    0.2605     12.0555
    0.2606     12.0400
    0.2607     12.0245
    0.2608     12.0090
    0.2609     11.9935
    0.2610     11.9780
    0.2611     11.9625
    0.2612     11.9470
    0.2613     11.9315
    0.2614     11.9161
    0.2615     11.9006
    0.2616     11.8851
    0.2617     11.8696
    0.2618     11.8541
    0.2619     11.8386
    0.2620     11.8231
    0.2621     11.8076
    0.2622     11.7921
    0.2623     11.7766
    0.2624     11.7612
    0.2625     11.7457
    0.2626     11.7302
    0.2627     11.7147
    0.2628     11.6992
    0.2629     11.6837
    0.2630     11.6682
    0.2631     11.6527
    0.2632     11.6372
    0.2633     11.6217
    0.2634     11.6063
    0.2635     11.5908
    0.2636     11.5753
    0.2637     11.5598
    0.2638     11.5443
    0.2639     11.5288
    0.2640     11.5133
    0.2641     11.4978
    0.2642     11.4823
    0.2643     11.4668
    0.2644     11.4514
    0.2645     11.4359
    0.2646     11.4204
    0.2647     11.4049
    0.2648     11.3894
    0.2649     11.3739
    0.2650     11.3584
    0.2651     11.3429
    0.2652     11.3274
    0.2653     11.3119
    0.2654     11.2965
    0.2655     11.2810
    0.2656     11.2655
    0.2657     11.2500
    0.2658     11.2345
    0.2659     11.2190
    0.2660     11.2035
    0.2661     11.1880
    0.2662     11.1725
    0.2663     11.1570
    0.2664     11.1415
    0.2665     11.1261
    0.2666     11.1106
    0.2667     11.0951
    0.2668     11.0796
    0.2669     11.0641
    0.2670     11.0486
    0.2671     11.0331
    0.2672     11.0176
    0.2673     11.0021
    0.2674     10.9866
    0.2675     10.9712
    0.2676     10.9557
    0.2677     10.9402
    0.2678     10.9247
    0.2679     10.9092
    0.2680     10.8937
    0.2681     10.8782
    0.2682     10.8627
    0.2683     10.8472
    0.2684     10.8317
    0.2685     10.8163
    0.2686     10.8008
    0.2687     10.7853
    0.2688     10.7698
    0.2689     10.7543
    0.2690     10.7388
    0.2691     10.7233
    0.2692     10.7078
    0.2693     10.6923
    0.2694     10.6768
    0.2695     10.6614
    0.2696     10.6459
    0.2697     10.6304
    0.2698     10.6149
    0.2699     10.5994
    0.2700     10.5839
    0.2701     10.5684
    0.2702     10.5529
    0.2703     10.5374
    0.2704     10.5219
    0.2705     10.5065
    0.2706     10.4910
    0.2707     10.4755
    0.2708     10.4600
    0.2709     10.4445
    0.2710     10.4290
    0.2711     10.4135
    0.2712     10.3980
    0.2713     10.3825
    0.2714     10.3670
    0.2715     10.3515
    0.2716     10.3361
    0.2717     10.3206
    0.2718     10.3051
    0.2719     10.2896
    0.2720     10.2741
    0.2721     10.2586
    0.2722     10.2431
    0.2723     10.2276
    0.2724     10.2121
    0.2725     10.1966
    0.2726     10.1812
    0.2727     10.1657
    0.2728     10.1502
    0.2729     10.1347
    0.2730     10.1192
    0.2731     10.1037
    0.2732     10.0882
    0.2733     10.0727
    0.2734     10.0572
    0.2735     10.0417
    0.2736     10.0263
    0.2737     10.0108
    0.2738      9.9953
    0.2739      9.9798
    0.2740      9.9643
    0.2741      9.9488
    0.2742      9.9333
    0.2743      9.9178
    0.2744      9.9023
    0.2745      9.8868
    0.2746      9.8714
    0.2747      9.8559
    0.2748      9.8404
    0.2749      9.8249
    0.2750      9.8094
    0.2751      9.7939
    0.2752      9.7784
    0.2753      9.7629
    0.2754      9.7474
    0.2755      9.7319
    0.2756      9.7165
    0.2757      9.7010
    0.2758      9.6855
    0.2759      9.6700
    0.2760      9.6545
    0.2761      9.6390
    0.2762      9.6235
    0.2763      9.6080
    0.2764      9.5925
    0.2765      9.5770
    0.2766      9.5615
    0.2767      9.5461
    0.2768      9.5306
    0.2769      9.5151
    0.2770      9.4996
    0.2771      9.4841
    0.2772      9.4686
    0.2773      9.4531
    0.2774      9.4376
    0.2775      9.4221
    0.2776      9.4066
    0.2777      9.3912
    0.2778      9.3757
    0.2779      9.3602
    0.2780      9.3447
    0.2781      9.3292
    0.2782      9.3137
    0.2783      9.2982
    0.2784      9.2827
    0.2785      9.2672
    0.2786      9.2517
    0.2787      9.2363
    0.2788      9.2208
    0.2789      9.2053
    0.2790      9.1898
    0.2791      9.1743
    0.2792      9.1588
    0.2793      9.1433
    0.2794      9.1278
    0.2795      9.1123
    0.2796      9.0968
    0.2797      9.0814
    0.2798      9.0659
    0.2799      9.0504
    0.2800      9.0349
    0.2801      9.0194
    0.2802      9.0039
    0.2803      8.9884
    0.2804      8.9729
    0.2805      8.9574
    0.2806      8.9419
    0.2807      8.9265
    0.2808      8.9110
    0.2809      8.8955
    0.2810      8.8800
    0.2811      8.8645
    0.2812      8.8490
    0.2813      8.8335
    0.2814      8.8180
    0.2815      8.8025
    0.2816      8.7870
    0.2817      8.7715
    0.2818      8.7561
    0.2819      8.7406
    0.2820      8.7251
    0.2821      8.7096
    0.2822      8.6941
    0.2823      8.6786
    0.2824      8.6631
    0.2825      8.6476
    0.2826      8.6321
    0.2827      8.6166
    0.2828      8.6012
    0.2829      8.5857
    0.2830      8.5702
    0.2831      8.5547
    0.2832      8.5392
    0.2833      8.5237
    0.2834      8.5082
    0.2835      8.4927
    0.2836      8.4772
    0.2837      8.4617
    0.2838      8.4463
    0.2839      8.4308
    0.2840      8.4153
    0.2841      8.3998
    0.2842      8.3843
    0.2843      8.3688
    0.2844      8.3533
    0.2845      8.3378
    0.2846      8.3223
    0.2847      8.3068
    0.2848      8.2914
    0.2849      8.2759
    0.2850      8.2604
    0.2851      8.2449
    0.2852      8.2294
    0.2853      8.2139
    0.2854      8.1984
    0.2855      8.1829
    0.2856      8.1674
    0.2857      8.1519
    0.2858      8.1365
    0.2859      8.1210
    0.2860      8.1055
    0.2861      8.0900
    0.2862      8.0745
    0.2863      8.0590
    0.2864      8.0435
    0.2865      8.0280
    0.2866      8.0125
    0.2867      7.9970
    0.2868      7.9816
    0.2869      7.9661
    0.2870      7.9506
    0.2871      7.9351
    0.2872      7.9196
    0.2873      7.9041
    0.2874      7.8886
    0.2875      7.8731
    0.2876      7.8576
    0.2877      7.8421
    0.2878      7.8266
    0.2879      7.8112
    0.2880      7.7957
    0.2881      7.7802
    0.2882      7.7647
    0.2883      7.7492
    0.2884      7.7337
    0.2885      7.7182
    0.2886      7.7027
    0.2887      7.6872
    0.2888      7.6717
    0.2889      7.6563
    0.2890      7.6408
    0.2891      7.6253
    0.2892      7.6098
    0.2893      7.5943
    0.2894      7.5788
    0.2895      7.5633
    0.2896      7.5478
    0.2897      7.5323
    0.2898      7.5168
    0.2899      7.5014
    0.2900      7.4859
    0.2901      7.4704
    0.2902      7.4549
    0.2903      7.4394
    0.2904      7.4239
    0.2905      7.4084
    0.2906      7.3929
    0.2907      7.3774
    0.2908      7.3619
    0.2909      7.3465
    0.2910      7.3310
    0.2911      7.3155
    0.2912      7.3000
    0.2913      7.2845
    0.2914      7.2690
    0.2915      7.2535
    0.2916      7.2380
    0.2917      7.2225
    0.2918      7.2070
    0.2919      7.1916
    0.2920      7.1761
    0.2921      7.1606
    0.2922      7.1451
    0.2923      7.1296
    0.2924      7.1141
    0.2925      7.0986
    0.2926      7.0831
    0.2927      7.0676
    0.2928      7.0521
    0.2929      7.0366
    0.2930      7.0212
    0.2931      7.0057
    0.2932      6.9902
    0.2933      6.9747
    0.2934      6.9592
    0.2935      6.9437
    0.2936      6.9282
    0.2937      6.9127
    0.2938      6.8972
    0.2939      6.8817
    0.2940      6.8663
    0.2941      6.8508
    0.2942      6.8353
    0.2943      6.8198
    0.2944      6.8043
    0.2945      6.7888
    0.2946      6.7733
    0.2947      6.7578
    0.2948      6.7423
    0.2949      6.7268
    0.2950      6.7114
    0.2951      6.6959
    0.2952      6.6804
    0.2953      6.6649
    0.2954      6.6494
    0.2955      6.6339
    0.2956      6.6184
    0.2957      6.6029
    0.2958      6.5874
    0.2959      6.5719
    0.2960      6.5565
    0.2961      6.5410
    0.2962      6.5255
    0.2963      6.5100
    0.2964      6.4945
    0.2965      6.4790
    0.2966      6.4635
    0.2967      6.4480
    0.2968      6.4325
    0.2969      6.4170
    0.2970      6.4016
    0.2971      6.3861
    0.2972      6.3706
    0.2973      6.3551
    0.2974      6.3396
    0.2975      6.3241
    0.2976      6.3086
    0.2977      6.2931
    0.2978      6.2776
    0.2979      6.2621
    0.2980      6.2466
    0.2981      6.2312
    0.2982      6.2157
    0.2983      6.2002
    0.2984      6.1847
    0.2985      6.1692
    0.2986      6.1537
    0.2987      6.1382
    0.2988      6.1227
    0.2989      6.1072
    0.2990      6.0917
    0.2991      6.0763
    0.2992      6.0608
    0.2993      6.0453
    0.2994      6.0298
    0.2995      6.0143
    0.2996      5.9988
    0.2997      5.9833
    0.2998      5.9678
    0.2999      5.9523
    0.3000      5.9368
    0.3001      5.9214
    0.3002      5.9059
    0.3003      5.8904
    0.3004      5.8749
    0.3005      5.8594
    0.3006      5.8439
    0.3007      5.8284
    0.3008      5.8129
    0.3009      5.7974
    0.3010      5.7819
    0.3011      5.7665
    0.3012      5.7510
    0.3013      5.7355
    0.3014      5.7200
    0.3015      5.7045
    0.3016      5.6890
    0.3017      5.6735
    0.3018      5.6580
    0.3019      5.6425
    0.3020      5.6270
    0.3021      5.6116
    0.3022      5.5961
    0.3023      5.5806
    0.3024      5.5651
    0.3025      5.5496
    0.3026      5.5341
    0.3027      5.5186
    0.3028      5.5031
    0.3029      5.4876
    0.3030      5.4721
    0.3031      5.4566
    0.3032      5.4412
    0.3033      5.4257
    0.3034      5.4102
    0.3035      5.3947
    0.3036      5.3792
    0.3037      5.3637
    0.3038      5.3482
    0.3039      5.3327
    0.3040      5.3172
    0.3041      5.3017
    0.3042      5.2863
    0.3043      5.2708
    0.3044      5.2553
    0.3045      5.2398
    0.3046      5.2243
    0.3047      5.2088
    0.3048      5.1933
    0.3049      5.1778
    0.3050      5.1623
    0.3051      5.1468
    0.3052      5.1314
    0.3053      5.1159
    0.3054      5.1004
    0.3055      5.0849
    0.3056      5.0694
    0.3057      5.0539
    0.3058      5.0384
    0.3059      5.0229
    0.3060      5.0074
    0.3061      4.9919
    0.3062      4.9765
    0.3063      4.9610
    0.3064      4.9455
    0.3065      4.9300
    0.3066      4.9145
    0.3067      4.8990
    0.3068      4.8835
    0.3069      4.8680
    0.3070      4.8525
    0.3071      4.8370
    0.3072      4.8216
    0.3073      4.8061
    0.3074      4.7906
    0.3075      4.7751
    0.3076      4.7596
    0.3077      4.7441
    0.3078      4.7286
    0.3079      4.7131
    0.3080      4.6976
    0.3081      4.6821
    0.3082      4.6666
    0.3083      4.6512
    0.3084      4.6357
    0.3085      4.6202
    0.3086      4.6047
    0.3087      4.5892
    0.3088      4.5737
    0.3089      4.5582
    0.3090      4.5427
    0.3091      4.5272
    0.3092      4.5117
    0.3093      4.4963
    0.3094      4.4808
    0.3095      4.4653
    0.3096      4.4498
    0.3097      4.4343
    0.3098      4.4188
    0.3099      4.4033
    0.3100      4.3878
    0.3101      4.3723
    0.3102      4.3568
    0.3103      4.3414
    0.3104      4.3259
    0.3105      4.3104
    0.3106      4.2949
    0.3107      4.2794
    0.3108      4.2639
    0.3109      4.2484
    0.3110      4.2329
    0.3111      4.2174
    0.3112      4.2019
    0.3113      4.1865
    0.3114      4.1710
    0.3115      4.1555
    0.3116      4.1400
    0.3117      4.1245
    0.3118      4.1090
    0.3119      4.0935
    0.3120      4.0780
    0.3121      4.0625
    0.3122      4.0470
    0.3123      4.0316
    0.3124      4.0161
    0.3125      4.0006
    0.3126      3.9851
    0.3127      3.9696
    0.3128      3.9541
    0.3129      3.9386
    0.3130      3.9231
    0.3131      3.9076
    0.3132      3.8921
    0.3133      3.8766
    0.3134      3.8612
    0.3135      3.8457
    0.3136      3.8302
    0.3137      3.8147
    0.3138      3.7992
    0.3139      3.7837
    0.3140      3.7682
    0.3141      3.7527
    0.3142      3.7372
    0.3143      3.7217
    0.3144      3.7063
    0.3145      3.6908
    0.3146      3.6753
    0.3147      3.6598
    0.3148      3.6443
    0.3149      3.6288
    0.3150      3.6133
    0.3151      3.5978
    0.3152      3.5823
    0.3153      3.5668
    0.3154      3.5514
    0.3155      3.5359
    0.3156      3.5204
    0.3157      3.5049
    0.3158      3.4894
    0.3159      3.4739
    0.3160      3.4584
    0.3161      3.4429
    0.3162      3.4274
    0.3163      3.4119
    0.3164      3.3965
    0.3165      3.3810
    0.3166      3.3655
    0.3167      3.3500
    0.3168      3.3345
    0.3169      3.3190
    0.3170      3.3035
    0.3171      3.2880
    0.3172      3.2725
    0.3173      3.2570
    0.3174      3.2416
    0.3175      3.2261
    0.3176      3.2106
    0.3177      3.1951
    0.3178      3.1796
    0.3179      3.1641
    0.3180      3.1486
    0.3181      3.1331
    0.3182      3.1176
    0.3183      3.1021
    0.3184      3.0866
    0.3185      3.0712
    0.3186      3.0557
    0.3187      3.0402
    0.3188      3.0247
    0.3189      3.0092
    0.3190      2.9937
    0.3191      2.9782
    0.3192      2.9627
    0.3193      2.9472
    0.3194      2.9317
    0.3195      2.9163
    0.3196      2.9008
    0.3197      2.8853
    0.3198      2.8698
    0.3199      2.8543
    0.3200      2.8388
    0.3201      2.8233
    0.3202      2.8078
    0.3203      2.7923
    0.3204      2.7768
    0.3205      2.7614
    0.3206      2.7459
    0.3207      2.7304
    0.3208      2.7149
    0.3209      2.6994
    0.3210      2.6839
    0.3211      2.6684
    0.3212      2.6529
    0.3213      2.6374
    0.3214      2.6219
    0.3215      2.6065
    0.3216      2.5910
    0.3217      2.5755
    0.3218      2.5600
    0.3219      2.5445
    0.3220      2.5290
    0.3221      2.5135
    0.3222      2.4980
    0.3223      2.4825
    0.3224      2.4670
    0.3225      2.4516
    0.3226      2.4361
    0.3227      2.4206
    0.3228      2.4051
    0.3229      2.3896
    0.3230      2.3741
    0.3231      2.3586
    0.3232      2.3431
    0.3233      2.3276
    0.3234      2.3121
    0.3235      2.2966
    0.3236      2.2812
    0.3237      2.2657
    0.3238      2.2502
    0.3239      2.2347
    0.3240      2.2192
    0.3241      2.2037
    0.3242      2.1882
    0.3243      2.1727
    0.3244      2.1572
    0.3245      2.1417
    0.3246      2.1263
    0.3247      2.1108
    0.3248      2.0953
    0.3249      2.0798
    0.3250      2.0643
    0.3251      2.0488
    0.3252      2.0333
    0.3253      2.0178
    0.3254      2.0023
    0.3255      1.9868
    0.3256      1.9714
    0.3257      1.9559
    0.3258      1.9404
    0.3259      1.9249
    0.3260      1.9094
    0.3261      1.8939
    0.3262      1.8784
    0.3263      1.8629
    0.3264      1.8474
    0.3265      1.8319
    0.3266      1.8165
    0.3267      1.8010
    0.3268      1.7855
    0.3269      1.7700
    0.3270      1.7545
    0.3271      1.7390
    0.3272      1.7235
    0.3273      1.7080
    0.3274      1.6925
    0.3275      1.6770
    0.3276      1.6616
    0.3277      1.6461
    0.3278      1.6306
    0.3279      1.6151
    0.3280      1.5996
    0.3281      1.5841
    0.3282      1.5686
    0.3283      1.5531
    0.3284      1.5376
    0.3285      1.5221
    0.3286      1.5066
    0.3287      1.4912
    0.3288      1.4757
    0.3289      1.4602
    0.3290      1.4447
    0.3291      1.4292
    0.3292      1.4137
    0.3293      1.3982
    0.3294      1.3827
    0.3295      1.3672
    0.3296      1.3517
    0.3297      1.3363
    0.3298      1.3208
    0.3299      1.3053
    0.3300      1.2898
    0.3301      1.2743
    0.3302      1.2588
    0.3303      1.2433
    0.3304      1.2278
    0.3305      1.2123
    0.3306      1.1968
    0.3307      1.1814
    0.3308      1.1659
    0.3309      1.1504
    0.3310      1.1349
    0.3311      1.1194
    0.3312      1.1039
    0.3313      1.0884
    0.3314      1.0729
    0.3315      1.0574
    0.3316      1.0419
    0.3317      1.0265
    0.3318      1.0110
    0.3319      0.9955
    0.3320      0.9800
    0.3321      0.9645
    0.3322      0.9490
    0.3323      0.9335
    0.3324      0.9180
    0.3325      0.9025
    0.3326      0.8870
    0.3327      0.8716
    0.3328      0.8561
    0.3329      0.8406
    0.3330      0.8251
    0.3331      0.8096
    0.3332      0.7941
    0.3333      0.7786
    0.3334      0.7631
    0.3335      0.7476
    0.3336      0.7321
    0.3337      0.7166
    0.3338      0.7012
    0.3339      0.6857
    0.3340      0.6702
    0.3341      0.6547
    0.3342      0.6392
    0.3343      0.6237
    0.3344      0.6082
    0.3345      0.5927
    0.3346      0.5772
    0.3347      0.5617
    0.3348      0.5463
    0.3349      0.5308
    0.3350      0.5153
    0.3351      0.4998
    0.3352      0.4843
    0.3353      0.4688
    0.3354      0.4533
    0.3355      0.4378
    0.3356      0.4223
    0.3357      0.4068
    0.3358      0.3914
    0.3359      0.3759
    0.3360      0.3604
    0.3361      0.3449
    0.3362      0.3294
    0.3363      0.3139
    0.3364      0.2984
    0.3365      0.2829
    0.3366      0.2674
    0.3367      0.2519
    0.3368      0.2365
    0.3369      0.2210
    0.3370      0.2055
    0.3371      0.1900
    0.3372      0.1745
    0.3373      0.1590
    0.3374      0.1435
    0.3375      0.1280
    0.3376      0.1125
    0.3377      0.0970
    0.3378      0.0816
    0.3379      0.0661
    0.3380      0.0506
    0.3381      0.0351
    0.3382      0.0196
    0.3383      0.0041
    0.3384     -0.0114
    0.3385     -0.0269
    0.3386     -0.0424
    0.3387     -0.0579
    0.3388     -0.0734
    0.3389     -0.0888
    0.3390     -0.1043
    0.3391     -0.1198
    0.3392     -0.1353
    0.3393     -0.1508
    0.3394     -0.1663
    0.3395     -0.1818
    0.3396     -0.1973
    0.3397     -0.2128
    0.3398     -0.2283
    0.3399     -0.2437
    0.3400     -0.2592
    0.3401     -0.2747
    0.3402     -0.2902
    0.3403     -0.3057
    0.3404     -0.3212
    0.3405     -0.3367
    0.3406     -0.3522
    0.3407     -0.3677
    0.3408     -0.3832
    0.3409     -0.3986
    0.3410     -0.4141
    0.3411     -0.4296
    0.3412     -0.4451
    0.3413     -0.4606
    0.3414     -0.4761
    0.3415     -0.4916
    0.3416     -0.5071
    0.3417     -0.5226
    0.3418     -0.5381
    0.3419     -0.5535
    0.3420     -0.5690
    0.3421     -0.5845
    0.3422     -0.6000
    0.3423     -0.6155
    0.3424     -0.6310
    0.3425     -0.6465
    0.3426     -0.6620
    0.3427     -0.6775
    0.3428     -0.6930
    0.3429     -0.7084
    0.3430     -0.7239
    0.3431     -0.7394
    0.3432     -0.7549
    0.3433     -0.7704
    0.3434     -0.7859
    0.3435     -0.8014
    0.3436     -0.8169
    0.3437     -0.8324
    0.3438     -0.8479
    0.3439     -0.8634
    0.3440     -0.8788
    0.3441     -0.8943
    0.3442     -0.9098
    0.3443     -0.9253
    0.3444     -0.9408
    0.3445     -0.9563
    0.3446     -0.9718
    0.3447     -0.9873
    0.3448     -1.0028
    0.3449     -1.0183
    0.3450     -1.0337
    0.3451     -1.0492
    0.3452     -1.0647
    0.3453     -1.0802
    0.3454     -1.0957
    0.3455     -1.1112
    0.3456     -1.1267
    0.3457     -1.1422
    0.3458     -1.1577
    0.3459     -1.1732
    0.3460     -1.1886
    0.3461     -1.2041
    0.3462     -1.2196
    0.3463     -1.2351
    0.3464     -1.2506
    0.3465     -1.2661
    0.3466     -1.2816
    0.3467     -1.2971
    0.3468     -1.3126
    0.3469     -1.3281
    0.3470     -1.3435
    0.3471     -1.3590
    0.3472     -1.3745
    0.3473     -1.3900
    0.3474     -1.4055
    0.3475     -1.4210
    0.3476     -1.4365
    0.3477     -1.4520
    0.3478     -1.4675
    0.3479     -1.4830
    0.3480     -1.4984
    0.3481     -1.5139
    0.3482     -1.5294
    0.3483     -1.5449
    0.3484     -1.5604
    0.3485     -1.5759
    0.3486     -1.5914
    0.3487     -1.6069
    0.3488     -1.6224
    0.3489     -1.6379
    0.3490     -1.6534
    0.3491     -1.6688
    0.3492     -1.6843
    0.3493     -1.6998
    0.3494     -1.7153
    0.3495     -1.7308
    0.3496     -1.7463
    0.3497     -1.7618
    0.3498     -1.7773
    0.3499     -1.7928
    0.3500     -1.8083
    0.3501     -1.8237
    0.3502     -1.8392
    0.3503     -1.8547
    0.3504     -1.8702
    0.3505     -1.8857
    0.3506     -1.9012
    0.3507     -1.9167
    0.3508     -1.9322
    0.3509     -1.9477
    0.3510     -1.9632
    0.3511     -1.9786
    0.3512     -1.9941
    0.3513     -2.0096
    0.3514     -2.0251
    0.3515     -2.0406
    0.3516     -2.0561
    0.3517     -2.0716
    0.3518     -2.0871
    0.3519     -2.1026
    0.3520     -2.1181
    0.3521     -2.1335
    0.3522     -2.1490
    0.3523     -2.1645
    0.3524     -2.1800
    0.3525     -2.1955
    0.3526     -2.2110
    0.3527     -2.2265
    0.3528     -2.2420
    0.3529     -2.2575
    0.3530     -2.2730
    0.3531     -2.2884
    0.3532     -2.3039
    0.3533     -2.3194
    0.3534     -2.3349
    0.3535     -2.3504
    0.3536     -2.3659
    0.3537     -2.3814
    0.3538     -2.3969
    0.3539     -2.4124
    0.3540     -2.4279
    0.3541     -2.4434
    0.3542     -2.4588
    0.3543     -2.4743
    0.3544     -2.4898
    0.3545     -2.5053
    0.3546     -2.5208
    0.3547     -2.5363
    0.3548     -2.5518
    0.3549     -2.5673
    0.3550     -2.5828
    0.3551     -2.5983
    0.3552     -2.6137
    0.3553     -2.6292
    0.3554     -2.6447
    0.3555     -2.6602
    0.3556     -2.6757
    0.3557     -2.6912
    0.3558     -2.7067
    0.3559     -2.7222
    0.3560     -2.7377
    0.3561     -2.7532
    0.3562     -2.7686
    0.3563     -2.7841
    0.3564     -2.7996
    0.3565     -2.8151
    0.3566     -2.8306
    0.3567     -2.8461
    0.3568     -2.8616
    0.3569     -2.8771
    0.3570     -2.8926
    0.3571     -2.9081
    0.3572     -2.9235
    0.3573     -2.9390
    0.3574     -2.9545
    0.3575     -2.9700
    0.3576     -2.9855
    0.3577     -3.0010
    0.3578     -3.0165
    0.3579     -3.0320
    0.3580     -3.0475
    0.3581     -3.0630
    0.3582     -3.0784
    0.3583     -3.0939
    0.3584     -3.1094
    0.3585     -3.1249
    0.3586     -3.1404
    0.3587     -3.1559
    0.3588     -3.1714
    0.3589     -3.1869
    0.3590     -3.2024
    0.3591     -3.2179
    0.3592     -3.2334
    0.3593     -3.2488
    0.3594     -3.2643
    0.3595     -3.2798
    0.3596     -3.2953
    0.3597     -3.3108
    0.3598     -3.3263
    0.3599     -3.3418
    0.3600     -3.3573
    0.3601     -3.3728
    0.3602     -3.3883
    0.3603     -3.4037
    0.3604     -3.4192
    0.3605     -3.4347
    0.3606     -3.4502
    0.3607     -3.4657
    0.3608     -3.4812
    0.3609     -3.4967
    0.3610     -3.5122
    0.3611     -3.5277
    0.3612     -3.5432
    0.3613     -3.5586
    0.3614     -3.5741
    0.3615     -3.5896
    0.3616     -3.6051
    0.3617     -3.6206
    0.3618     -3.6361
    0.3619     -3.6516
    0.3620     -3.6671
    0.3621     -3.6826
    0.3622     -3.6981
    0.3623     -3.7135
    0.3624     -3.7290
    0.3625     -3.7445
    0.3626     -3.7600
    0.3627     -3.7755
    0.3628     -3.7910
    0.3629     -3.8065
    0.3630     -3.8220
    0.3631     -3.8375
    0.3632     -3.8530
    0.3633     -3.8684
    0.3634     -3.8839
    0.3635     -3.8994
    0.3636     -3.9149
    0.3637     -3.9304
    0.3638     -3.9459
    0.3639     -3.9614
    0.3640     -3.9769
    0.3641     -3.9924
    0.3642     -4.0079
    0.3643     -4.0234
    0.3644     -4.0388
    0.3645     -4.0543
    0.3646     -4.0698
    0.3647     -4.0853
    0.3648     -4.1008
    0.3649     -4.1163
    0.3650     -4.1318
    0.3651     -4.1473
    0.3652     -4.1628
    0.3653     -4.1783
    0.3654     -4.1937
    0.3655     -4.2092
    0.3656     -4.2247
    0.3657     -4.2402
    0.3658     -4.2557
    0.3659     -4.2712
    0.3660     -4.2867
    0.3661     -4.3022
    0.3662     -4.3177
    0.3663     -4.3332
    0.3664     -4.3486
    0.3665     -4.3641
    0.3666     -4.3796
    0.3667     -4.3951
    0.3668     -4.4106
    0.3669     -4.4261
    0.3670     -4.4416
    0.3671     -4.4571
    0.3672     -4.4726
    0.3673     -4.4881
    0.3674     -4.5035
    0.3675     -4.5190
    0.3676     -4.5345
    0.3677     -4.5500
    0.3678     -4.5655
    0.3679     -4.5810
    0.3680     -4.5965
    0.3681     -4.6120
    0.3682     -4.6275
    0.3683     -4.6430
    0.3684     -4.6584
    0.3685     -4.6739
    0.3686     -4.6894
    0.3687     -4.7049
    0.3688     -4.7204
    0.3689     -4.7359
    0.3690     -4.7514
    0.3691     -4.7669
    0.3692     -4.7824
    0.3693     -4.7979
    0.3694     -4.8134
    0.3695     -4.8288
    0.3696     -4.8443
    0.3697     -4.8598
    0.3698     -4.8753
    0.3699     -4.8908
    0.3700     -4.9063
    0.3701     -4.9218
    0.3702     -4.9373
    0.3703     -4.9528
    0.3704     -4.9683
    0.3705     -4.9837
    0.3706     -4.9992
    0.3707     -5.0147
    0.3708     -5.0302
    0.3709     -5.0457
    0.3710     -5.0612
    0.3711     -5.0767
    0.3712     -5.0922
    0.3713     -5.1077
    0.3714     -5.1232
    0.3715     -5.1386
    0.3716     -5.1541
    0.3717     -5.1696
    0.3718     -5.1851
    0.3719     -5.2006
    0.3720     -5.2161
    0.3721     -5.2316
    0.3722     -5.2471
    0.3723     -5.2626
    0.3724     -5.2781
    0.3725     -5.2935
    0.3726     -5.3090
    0.3727     -5.3245
    0.3728     -5.3400
    0.3729     -5.3555
    0.3730     -5.3710
    0.3731     -5.3865
    0.3732     -5.4020
    0.3733     -5.4175
    0.3734     -5.4330
    0.3735     -5.4484
    0.3736     -5.4639
    0.3737     -5.4794
    0.3738     -5.4949
    0.3739     -5.5104
    0.3740     -5.5259
    0.3741     -5.5414
    0.3742     -5.5569
    0.3743     -5.5724
    0.3744     -5.5879
    0.3745     -5.6034
    0.3746     -5.6188
    0.3747     -5.6343
    0.3748     -5.6498
    0.3749     -5.6653
    0.3750     -5.6808
    0.3751     -5.6963
    0.3752     -5.7118
    0.3753     -5.7273
    0.3754     -5.7428
    0.3755     -5.7583
    0.3756     -5.7737
    0.3757     -5.7892
    0.3758     -5.8047
    0.3759     -5.8202
    0.3760     -5.8357
    0.3761     -5.8512
    0.3762     -5.8667
    0.3763     -5.8822
    0.3764     -5.8977
    0.3765     -5.9132
    0.3766     -5.9286
    0.3767     -5.9441
    0.3768     -5.9596
    0.3769     -5.9751
    0.3770     -5.9906
    0.3771     -6.0061
    0.3772     -6.0216
    0.3773     -6.0371
    0.3774     -6.0526
    0.3775     -6.0681
    0.3776     -6.0835
    0.3777     -6.0990
    0.3778     -6.1145
    0.3779     -6.1300
    0.3780     -6.1455
    0.3781     -6.1610
    0.3782     -6.1765
    0.3783     -6.1920
    0.3784     -6.2075
    0.3785     -6.2230
    0.3786     -6.2384
    0.3787     -6.2539
    0.3788     -6.2694
    0.3789     -6.2849
    0.3790     -6.3004
    0.3791     -6.3159
    0.3792     -6.3314
    0.3793     -6.3469
    0.3794     -6.3624
    0.3795     -6.3779
    0.3796     -6.3934
    0.3797     -6.4088
    0.3798     -6.4243
    0.3799     -6.4398
    0.3800     -6.4553
    0.3801     -6.4708
    0.3802     -6.4863
    0.3803     -6.5018
    0.3804     -6.5173
    0.3805     -6.5328
    0.3806     -6.5483
    0.3807     -6.5637
    0.3808     -6.5792
    0.3809     -6.5947
    0.3810     -6.6102
    0.3811     -6.6257
    0.3812     -6.6412
    0.3813     -6.6567
    0.3814     -6.6722
    0.3815     -6.6877
    0.3816     -6.7032
    0.3817     -6.7186
    0.3818     -6.7341
    0.3819     -6.7496
    0.3820     -6.7651
    0.3821     -6.7806
    0.3822     -6.7961
    0.3823     -6.8116
    0.3824     -6.8271
    0.3825     -6.8426
    0.3826     -6.8581
    0.3827     -6.8735
    0.3828     -6.8890
    0.3829     -6.9045
    0.3830     -6.9200
    0.3831     -6.9355
    0.3832     -6.9510
    0.3833     -6.9665
    0.3834     -6.9820
    0.3835     -6.9975
    0.3836     -7.0130
    0.3837     -7.0284
    0.3838     -7.0439
    0.3839     -7.0594
    0.3840     -7.0749
    0.3841     -7.0904
    0.3842     -7.1059
    0.3843     -7.1214
    0.3844     -7.1369
    0.3845     -7.1524
    0.3846     -7.1679
    0.3847     -7.1834
    0.3848     -7.1988
    0.3849     -7.2143
    0.3850     -7.2298
    0.3851     -7.2453
    0.3852     -7.2608
    0.3853     -7.2763
    0.3854     -7.2918
    0.3855     -7.3073
    0.3856     -7.3228
    0.3857     -7.3383
    0.3858     -7.3537
    0.3859     -7.3692
    0.3860     -7.3847
    0.3861     -7.4002
    0.3862     -7.4157
    0.3863     -7.4312
    0.3864     -7.4467
    0.3865     -7.4622
    0.3866     -7.4777
    0.3867     -7.4932
    0.3868     -7.5086
    0.3869     -7.5241
    0.3870     -7.5396
    0.3871     -7.5551
    0.3872     -7.5706
    0.3873     -7.5861
    0.3874     -7.6016
    0.3875     -7.6171
    0.3876     -7.6326
    0.3877     -7.6481
    0.3878     -7.6635
    0.3879     -7.6790
    0.3880     -7.6945
    0.3881     -7.7100
    0.3882     -7.7255
    0.3883     -7.7410
    0.3884     -7.7565
    0.3885     -7.7720
    0.3886     -7.7875
    0.3887     -7.8030
    0.3888     -7.8184
    0.3889     -7.8339
    0.3890     -7.8494
    0.3891     -7.8649
    0.3892     -7.8804
    0.3893     -7.8959
    0.3894     -7.9114
    0.3895     -7.9269
    0.3896     -7.9424
    0.3897     -7.9579
    0.3898     -7.9734
    0.3899     -7.9888
    0.3900     -8.0043
    0.3901     -8.0198
    0.3902     -8.0353
    0.3903     -8.0508
    0.3904     -8.0663
    0.3905     -8.0818
    0.3906     -8.0973
    0.3907     -8.1128
    0.3908     -8.1283
    0.3909     -8.1437
    0.3910     -8.1592
    0.3911     -8.1747
    0.3912     -8.1902
    0.3913     -8.2057
    0.3914     -8.2212
    0.3915     -8.2367
    0.3916     -8.2522
    0.3917     -8.2677
    0.3918     -8.2832
    0.3919     -8.2986
    0.3920     -8.3141
    0.3921     -8.3296
    0.3922     -8.3451
    0.3923     -8.3606
    0.3924     -8.3761
    0.3925     -8.3916
    0.3926     -8.4071
    0.3927     -8.4226
    0.3928     -8.4381
    0.3929     -8.4535
    0.3930     -8.4690
    0.3931     -8.4845
    0.3932     -8.5000
    0.3933     -8.5155
    0.3934     -8.5310
    0.3935     -8.5465
    0.3936     -8.5620
    0.3937     -8.5775
    0.3938     -8.5930
    0.3939     -8.6084
    0.3940     -8.6239
    0.3941     -8.6394
    0.3942     -8.6549
    0.3943     -8.6704
    0.3944     -8.6859
    0.3945     -8.7014
    0.3946     -8.7169
    0.3947     -8.7324
    0.3948     -8.7479
    0.3949     -8.7634
    0.3950     -8.7788
    0.3951     -8.7943
    0.3952     -8.8098
    0.3953     -8.8253
    0.3954     -8.8408
    0.3955     -8.8563
    0.3956     -8.8718
    0.3957     -8.8873
    0.3958     -8.9028
    0.3959     -8.9183
    0.3960     -8.9337
    0.3961     -8.9492
    0.3962     -8.9647
    0.3963     -8.9802
    0.3964     -8.9957
    0.3965     -9.0112
    0.3966     -9.0267
    0.3967     -9.0422
    0.3968     -9.0577
    0.3969     -9.0732
    0.3970     -9.0886
    0.3971     -9.1041
    0.3972     -9.1196
    0.3973     -9.1351
    0.3974     -9.1506
    0.3975     -9.1661
    0.3976     -9.1816
    0.3977     -9.1971
    0.3978     -9.2126
    0.3979     -9.2281
    0.3980     -9.2435
    0.3981     -9.2590
    0.3982     -9.2745
    0.3983     -9.2900
    0.3984     -9.3055
    0.3985     -9.3210
    0.3986     -9.3365
    0.3987     -9.3520
    0.3988     -9.3675
    0.3989     -9.3830
    0.3990     -9.3984
    0.3991     -9.4139
    0.3992     -9.4294
    0.3993     -9.4449
    0.3994     -9.4604
    0.3995     -9.4759
    0.3996     -9.4914
    0.3997     -9.5069
    0.3998     -9.5224
    0.3999     -9.5379
    0.4000     -9.5534
    0.4001     -9.5688
    0.4002     -9.5843
    0.4003     -9.5998
    0.4004     -9.6153
    0.4005     -9.6308
    0.4006     -9.6463
    0.4007     -9.6618
    0.4008     -9.6773
    0.4009     -9.6928
    0.4010     -9.7083
    0.4011     -9.7237
    0.4012     -9.7392
    0.4013     -9.7547
    0.4014     -9.7702
    0.4015     -9.7857
    0.4016     -9.8012
    0.4017     -9.8167
    0.4018     -9.8322
    0.4019     -9.8477
    0.4020     -9.8632
    0.4021     -9.8786
    0.4022     -9.8941
    0.4023     -9.9096
    0.4024     -9.9251
    0.4025     -9.9406
    0.4026     -9.9561
    0.4027     -9.9716
    0.4028     -9.9871
    0.4029    -10.0026
