#     D        Lambda1     Mv = -6.0
    0.0155     85.1257
    0.0156     84.8436
    0.0157     84.5614
    0.0158     84.2793
    0.0159     83.9971
    0.0160     83.7150
    0.0161     83.4329
    0.0162     83.1507
    0.0163     82.8686
    0.0164     82.5864
    0.0165     82.3043
    0.0166     82.0221
    0.0167     81.7400
    0.0168     81.4579
    0.0169     81.1757
    0.0170     80.8936
    0.0171     80.6114
    0.0172     80.3293
    0.0173     80.0471
    0.0174     79.7650
    0.0175     79.4829
    0.0176     79.2007
    0.0177     78.9186
    0.0178     78.6364
    0.0179     78.3543
    0.0180     78.0721
    0.0181     77.7900
    0.0182     77.5079
    0.0183     77.2257
    0.0184     76.9436
    0.0185     76.6614
    0.0186     76.3793
    0.0187     76.0971
    0.0188     75.8150
    0.0189     75.5329
    0.0190     75.2507
    0.0191     74.9686
    0.0192     74.6864
    0.0193     74.4043
    0.0194     74.1221
    0.0195     73.8400
    0.0196     73.5579
    0.0197     73.2757
    0.0198     72.9936
    0.0199     72.7114
    0.0200     72.4293
    0.0201     72.1471
    0.0202     71.8650
    0.0203     71.5829
    0.0204     71.3007
    0.0205     71.0186
    0.0206     70.7364
    0.0207     70.4543
    0.0208     70.1721
    0.0209     69.8900
    0.0210     69.6079
    0.0211     69.3257
    0.0212     69.0436
    0.0213     68.7614
    0.0214     68.4793
    0.0215     67.9793
    0.0215     67.4793
    0.0215     66.9793
    0.0215     66.4793
    0.0215     65.9793
    0.0215     65.4793
    0.0215     64.9793
    0.0216     65.0042
    0.0217     64.8644
    0.0218     64.7246
    0.0219     64.5848
    0.0220     64.4450
    0.0221     64.3051
    0.0222     64.1653
    0.0223     64.0255
    0.0224     63.8857
    0.0225     63.7458
    0.0227     63.2495
    0.0228     62.9126
    0.0229     62.5758
    0.0230     62.2389
    0.0231     61.9021
    0.0233     61.5253
    0.0234     61.4005
    0.0235     61.2758
    0.0236     61.1510
    0.0237     61.0262
    0.0238     60.9014
    0.0239     60.7766
    0.0240     60.6519
    0.0241     60.5271
    0.0242     60.4023
    0.0244     59.9443
    0.0245     59.6300
    0.0246     59.3157
    0.0247     59.0014
    0.0248     58.6871
    0.0250     58.4109
    0.0251     58.3315
    0.0252     58.2521
    0.0253     58.1726
    0.0254     58.0932
    0.0255     58.0138
    0.0256     57.9344
    0.0257     57.8550
    0.0258     57.7756
    0.0259     57.6962
    0.0260     57.6168
    0.0261     57.5374
    0.0262     57.4579
    0.0263     57.3785
    0.0264     57.2991
    0.0265     57.2197
    0.0267     57.0247
    0.0268     56.9211
    0.0269     56.8176
    0.0270     56.7140
    0.0271     56.6105
    0.0272     56.5069
    0.0273     56.4034
    0.0274     56.2998
    0.0275     56.1963
    0.0276     56.0927
    0.0277     55.9892
    0.0278     55.8856
    0.0279     55.7821
    0.0280     55.6785
    0.0281     55.5750
    0.0282     55.4714
    0.0284     55.3217
    0.0285     55.2540
    0.0286     55.1863
    0.0287     55.1186
    0.0288     55.0509
    0.0289     54.9832
    0.0290     54.9155
    0.0291     54.8478
    0.0292     54.7801
    0.0293     54.7124
    0.0294     54.6447
    0.0295     54.5770
    0.0296     54.5093
    0.0297     54.4416
    0.0298     54.3739
    0.0299     54.3062
    0.0300     54.2385
    0.0301     54.1708
    0.0302     54.1031
    0.0303     54.0354
    0.0304     53.9677
    0.0305     53.9000
    0.0307     53.7407
    0.0308     53.6611
    0.0309     53.5814
    0.0310     53.5018
    0.0311     53.4221
    0.0312     53.3425
    0.0313     53.2628
    0.0314     53.1832
    0.0315     53.1035
    0.0316     53.0239
    0.0317     52.9442
    0.0318     52.8646
    0.0319     52.7850
    0.0320     52.7053
    0.0321     52.6257
    0.0322     52.5460
    0.0323     52.4664
    0.0324     52.3867
    0.0325     52.3071
    0.0326     52.2274
    0.0327     52.1478
    0.0329     52.0279
    0.0330     51.9764
    0.0331     51.9248
    0.0332     51.8733
    0.0333     51.8218
    0.0334     51.7703
    0.0335     51.7188
    0.0336     51.6673
    0.0337     51.6158
    0.0338     51.5642
    0.0339     51.5127
    0.0340     51.4612
    0.0341     51.4097
    0.0342     51.3582
    0.0343     51.3067
    0.0344     51.2552
    0.0345     51.2036
    0.0346     51.1521
    0.0347     51.1006
    0.0348     51.0491
    0.0349     50.9976
    0.0350     50.9461
    0.0351     50.8945
    0.0352     50.8430
    0.0353     50.7915
    0.0354     50.7400
    0.0355     50.6885
    0.0356     50.6370
    0.0357     50.5855
    0.0358     50.5339
    0.0359     50.4824
    0.0360     50.4309
    0.0361     50.3794
    0.0362     50.3279
    0.0363     50.2764
    0.0364     50.2248
    0.0365     50.1733
    0.0366     50.1218
    0.0367     50.0703
    0.0369     49.9396
    0.0370     49.8728
    0.0371     49.8059
    0.0372     49.7391
    0.0373     49.6722
    0.0374     49.6053
    0.0375     49.5385
    0.0376     49.4716
    0.0377     49.4047
    0.0378     49.3379
    0.0379     49.2710
    0.0380     49.2041
    0.0381     49.1373
    0.0382     49.0704
    0.0383     49.0036
    0.0384     48.9367
    0.0386     48.8622
    0.0387     48.8265
    0.0388     48.7908
    0.0389     48.7551
    0.0390     48.7194
    0.0391     48.6837
    0.0392     48.6481
    0.0393     48.6124
    0.0394     48.5767
    0.0395     48.5410
    0.0396     48.5053
    0.0397     48.4696
    0.0398     48.4339
    0.0399     48.3982
    0.0400     48.3625
    0.0401     48.3269
    0.0402     48.2912
    0.0403     48.2555
    0.0404     48.2198
    0.0405     48.1841
    0.0406     48.1484
    0.0407     48.1127
    0.0408     48.0770
    0.0409     48.0413
    0.0410     48.0057
    0.0411     47.9700
    0.0412     47.9343
    0.0414     47.8496
    0.0415     47.8057
    0.0416     47.7617
    0.0417     47.7177
    0.0418     47.6738
    0.0419     47.6298
    0.0420     47.5858
    0.0421     47.5418
    0.0422     47.4979
    0.0423     47.4539
    0.0424     47.4099
    0.0425     47.3660
    0.0426     47.3220
    0.0427     47.2780
    0.0428     47.2340
    0.0429     47.1901
    0.0430     47.1461
    0.0431     47.1021
    0.0432     47.0582
    0.0433     47.0142
    0.0434     46.9702
    0.0435     46.9262
    0.0436     46.8823
    0.0437     46.8383
    0.0438     46.7943
    0.0439     46.7504
    0.0440     46.7064
    0.0442     46.6131
    0.0443     46.5653
    0.0444     46.5175
    0.0445     46.4697
    0.0446     46.4219
    0.0447     46.3742
    0.0448     46.3264
    0.0449     46.2786
    0.0450     46.2308
    0.0451     46.1830
    0.0452     46.1352
    0.0453     46.0874
    0.0454     46.0396
    0.0455     45.9919
    0.0456     45.9441
    0.0457     45.8963
    0.0458     45.8485
    0.0459     45.8007
    0.0460     45.7529
    0.0461     45.7051
    0.0462     45.6573
    0.0463     45.6096
    0.0465     45.5462
    0.0466     45.5162
    0.0467     45.4863
    0.0468     45.4564
    0.0469     45.4265
    0.0470     45.3966
    0.0471     45.3667
    0.0472     45.3368
    0.0473     45.3069
    0.0474     45.2770
    0.0475     45.2470
    0.0476     45.2171
    0.0477     45.1872
    0.0478     45.1573
    0.0479     45.1274
    0.0480     45.0975
    0.0481     45.0676
    0.0482     45.0377
    0.0483     45.0078
    0.0484     44.9778
    0.0485     44.9479
    0.0486     44.9180
    0.0487     44.8881
    0.0488     44.8582
    0.0489     44.8283
    0.0490     44.7984
    0.0491     44.7685
    0.0492     44.7385
    0.0493     44.7086
    0.0494     44.6787
    0.0495     44.6488
    0.0496     44.6189
    0.0497     44.5890
    0.0498     44.5591
    0.0499     44.5292
    0.0500     44.4993
    0.0501     44.4693
    0.0502     44.4394
    0.0503     44.4095
    0.0504     44.3796
    0.0505     44.3497
    0.0506     44.3198
    0.0507     44.2899
    0.0508     44.2600
    0.0509     44.2301
    0.0510     44.2001
    0.0511     44.1702
    0.0512     44.1403
    0.0513     44.1104
    0.0514     44.0805
    0.0515     44.0506
    0.0516     44.0207
    0.0517     43.9908
    0.0518     43.9608
    0.0519     43.9309
    0.0521     43.8638
    0.0522     43.8282
    0.0523     43.7927
    0.0524     43.7571
    0.0525     43.7215
    0.0526     43.6860
    0.0527     43.6504
    0.0528     43.6149
    0.0529     43.5793
    0.0530     43.5437
    0.0531     43.5082
    0.0532     43.4726
    0.0533     43.4371
    0.0534     43.4015
    0.0535     43.3659
    0.0536     43.3304
    0.0537     43.2948
    0.0538     43.2593
    0.0539     43.2237
    0.0540     43.1881
    0.0541     43.1526
    0.0542     43.1170
    0.0543     43.0815
    0.0544     43.0459
    0.0545     43.0103
    0.0546     42.9748
    0.0547     42.9392
    0.0548     42.9037
    0.0549     42.8681
    0.0550     42.8325
    0.0551     42.7970
    0.0552     42.7614
    0.0553     42.7259
    0.0554     42.6903
    0.0555     42.6547
    0.0556     42.6192
    0.0557     42.5836
    0.0558     42.5481
    0.0559     42.5125
    0.0560     42.4769
    0.0561     42.4414
    0.0562     42.4058
    0.0563     42.3703
    0.0564     42.3347
    0.0565     42.2991
    0.0566     42.2636
    0.0567     42.2280
    0.0568     42.1925
    0.0569     42.1569
    0.0570     42.1213
    0.0572     42.0543
    0.0573     42.0216
    0.0574     41.9890
    0.0575     41.9563
    0.0576     41.9236
    0.0577     41.8910
    0.0578     41.8583
    0.0579     41.8257
    0.0580     41.7930
    0.0581     41.7604
    0.0582     41.7277
    0.0583     41.6950
    0.0584     41.6624
    0.0585     41.6297
    0.0586     41.5971
    0.0587     41.5644
    0.0588     41.5317
    0.0589     41.4991
    0.0590     41.4664
    0.0591     41.4338
    0.0592     41.4011
    0.0593     41.3685
    0.0594     41.3358
    0.0595     41.3031
    0.0596     41.2705
    0.0597     41.2378
    0.0598     41.2052
    0.0599     41.1725
    0.0600     41.1398
    0.0601     41.1072
    0.0602     41.0745
    0.0603     41.0419
    0.0604     41.0092
    0.0605     40.9766
    0.0606     40.9439
    0.0607     40.9112
    0.0608     40.8786
    0.0609     40.8459
    0.0610     40.8133
    0.0612     40.7415
    0.0613     40.7055
    0.0614     40.6694
    0.0615     40.6334
    0.0616     40.5974
    0.0617     40.5613
    0.0618     40.5253
    0.0619     40.4892
    0.0620     40.4532
    0.0621     40.4171
    0.0622     40.3811
    0.0623     40.3451
    0.0624     40.3090
    0.0625     40.2730
    0.0626     40.2369
    0.0627     40.2009
    0.0628     40.1648
    0.0629     40.1288
    0.0630     40.0928
    0.0631     40.0567
    0.0632     40.0207
    0.0633     39.9846
    0.0634     39.9486
    0.0635     39.9125
    0.0636     39.8765
    0.0637     39.8405
    0.0638     39.8044
    0.0640     39.7395
    0.0641     39.7079
    0.0642     39.6764
    0.0643     39.6448
    0.0644     39.6132
    0.0645     39.5817
    0.0646     39.5501
    0.0647     39.5186
    0.0648     39.4870
    0.0649     39.4554
    0.0650     39.4239
    0.0651     39.3923
    0.0652     39.3607
    0.0653     39.3292
    0.0654     39.2976
    0.0655     39.2660
    0.0656     39.2345
    0.0657     39.2029
    0.0658     39.1714
    0.0659     39.1398
    0.0660     39.1082
    0.0661     39.0767
    0.0662     39.0451
    0.0663     39.0135
    0.0664     38.9820
    0.0665     38.9504
    0.0666     38.9188
    0.0667     38.8873
    0.0668     38.8557
    0.0669     38.8242
    0.0670     38.7926
    0.0671     38.7610
    0.0672     38.7295
    0.0674     38.6739
    0.0675     38.6469
    0.0676     38.6198
    0.0677     38.5927
    0.0678     38.5656
    0.0679     38.5385
    0.0680     38.5114
    0.0681     38.4843
    0.0682     38.4572
    0.0683     38.4302
    0.0684     38.4031
    0.0685     38.3760
    0.0686     38.3489
    0.0687     38.3218
    0.0688     38.2947
    0.0689     38.2676
    0.0690     38.2405
    0.0691     38.2134
    0.0692     38.1864
    0.0693     38.1593
    0.0694     38.1322
    0.0695     38.1051
    0.0696     38.0780
    0.0697     38.0509
    0.0698     38.0238
    0.0699     37.9967
    0.0700     37.9696
    0.0701     37.9426
    0.0702     37.9155
    0.0703     37.8884
    0.0704     37.8613
    0.0705     37.8342
    0.0706     37.8071
    0.0707     37.7800
    0.0708     37.7529
    0.0709     37.7258
    0.0710     37.6988
    0.0711     37.6717
    0.0713     37.6139
    0.0714     37.5838
    0.0715     37.5537
    0.0716     37.5236
    0.0717     37.4935
    0.0718     37.4635
    0.0719     37.4334
    0.0720     37.4033
    0.0721     37.3732
    0.0722     37.3431
    0.0723     37.3130
    0.0724     37.2829
    0.0725     37.2528
    0.0726     37.2227
    0.0727     37.1927
    0.0728     37.1626
    0.0729     37.1325
    0.0730     37.1024
    0.0731     37.0723
    0.0732     37.0422
    0.0733     37.0121
    0.0734     36.9820
    0.0735     36.9519
    0.0736     36.9219
    0.0737     36.8918
    0.0738     36.8617
    0.0739     36.8316
    0.0740     36.8015
    0.0741     36.7714
    0.0742     36.7413
    0.0743     36.7112
    0.0744     36.6812
    0.0745     36.6511
    0.0747     36.5985
    0.0748     36.5742
    0.0749     36.5500
    0.0750     36.5258
    0.0751     36.5015
    0.0752     36.4773
    0.0753     36.4530
    0.0754     36.4288
    0.0755     36.4045
    0.0756     36.3803
    0.0757     36.3561
    0.0758     36.3318
    0.0759     36.3076
    0.0760     36.2833
    0.0761     36.2591
    0.0762     36.2348
    0.0763     36.2106
    0.0764     36.1864
    0.0765     36.1621
    0.0766     36.1379
    0.0767     36.1136
    0.0768     36.0894
    0.0769     36.0652
    0.0770     36.0409
    0.0771     36.0167
    0.0772     35.9924
    0.0773     35.9682
    0.0774     35.9439
    0.0775     35.9197
    0.0776     35.8955
    0.0777     35.8712
    0.0778     35.8470
    0.0779     35.8227
    0.0780     35.7985
    0.0781     35.7742
    0.0782     35.7500
    0.0783     35.7258
    0.0784     35.7015
    0.0785     35.6773
    0.0787     35.6224
    0.0788     35.5944
    0.0789     35.5663
    0.0790     35.5383
    0.0791     35.5103
    0.0792     35.4823
    0.0793     35.4543
    0.0794     35.4263
    0.0795     35.3983
    0.0796     35.3702
    0.0797     35.3422
    0.0798     35.3142
    0.0799     35.2862
    0.0800     35.2582
    0.0801     35.2302
    0.0802     35.2022
    0.0803     35.1741
    0.0804     35.1461
    0.0805     35.1181
    0.0806     35.0901
    0.0807     35.0621
    0.0808     35.0341
    0.0809     35.0061
    0.0810     34.9781
    0.0811     34.9500
    0.0812     34.9220
    0.0813     34.8940
    0.0815     34.8459
    0.0816     34.8232
    0.0817     34.8005
    0.0818     34.7777
    0.0819     34.7550
    0.0820     34.7323
    0.0821     34.7095
    0.0822     34.6868
    0.0823     34.6641
    0.0824     34.6414
    0.0825     34.6186
    0.0826     34.5959
    0.0827     34.5732
    0.0828     34.5505
    0.0829     34.5277
    0.0830     34.5050
    0.0831     34.4823
    0.0832     34.4595
    0.0833     34.4368
    0.0834     34.4141
    0.0835     34.3914
    0.0836     34.3686
    0.0837     34.3459
    0.0838     34.3232
    0.0839     34.3005
    0.0840     34.2777
    0.0841     34.2550
    0.0842     34.2323
    0.0843     34.2095
    0.0844     34.1868
    0.0845     34.1641
    0.0846     34.1414
    0.0847     34.1186
    0.0848     34.0959
    0.0849     34.0732
    0.0850     34.0505
    0.0851     34.0277
    0.0852     34.0050
    0.0853     33.9823
    0.0855     33.9228
    0.0856     33.8927
    0.0857     33.8627
    0.0858     33.8326
    0.0859     33.8025
    0.0860     33.7724
    0.0861     33.7423
    0.0862     33.7122
    0.0863     33.6821
    0.0864     33.6520
    0.0865     33.6219
    0.0866     33.5919
    0.0867     33.5618
    0.0868     33.5317
    0.0869     33.5016
    0.0870     33.4715
    0.0871     33.4414
    0.0872     33.4113
    0.0873     33.3812
    0.0874     33.3512
    0.0875     33.3211
    0.0876     33.2910
    0.0877     33.2609
    0.0878     33.2308
    0.0879     33.2007
    0.0880     33.1706
    0.0881     33.1405
    0.0882     33.1104
    0.0883     33.0804
    0.0884     33.0503
    0.0885     33.0202
    0.0886     32.9901
    0.0887     32.9600
    0.0889     32.9104
    0.0890     32.8857
    0.0891     32.8609
    0.0892     32.8361
    0.0893     32.8113
    0.0894     32.7865
    0.0895     32.7618
    0.0896     32.7370
    0.0897     32.7122
    0.0898     32.6874
    0.0899     32.6627
    0.0900     32.6379
    0.0901     32.6131
    0.0902     32.5883
    0.0903     32.5635
    0.0904     32.5388
    0.0905     32.5140
    0.0906     32.4892
    0.0907     32.4644
    0.0908     32.4396
    0.0909     32.4149
    0.0910     32.3901
    0.0911     32.3653
    0.0912     32.3405
    0.0913     32.3158
    0.0914     32.2910
    0.0915     32.2662
    0.0916     32.2414
    0.0917     32.2166
    0.0918     32.1919
    0.0919     32.1671
    0.0920     32.1423
    0.0922     32.0924
    0.0923     32.0673
    0.0924     32.0423
    0.0925     32.0172
    0.0926     31.9921
    0.0927     31.9671
    0.0928     31.9420
    0.0929     31.9169
    0.0930     31.8918
    0.0931     31.8668
    0.0932     31.8417
    0.0933     31.8166
    0.0934     31.7915
    0.0935     31.7665
    0.0936     31.7414
    0.0937     31.7163
    0.0938     31.6912
    0.0939     31.6662
    0.0940     31.6411
    0.0941     31.6160
    0.0942     31.5909
    0.0943     31.5659
    0.0944     31.5408
    0.0945     31.5157
    0.0946     31.4906
    0.0947     31.4656
    0.0948     31.4405
    0.0949     31.4154
    0.0950     31.3904
    0.0951     31.3653
    0.0952     31.3402
    0.0953     31.3151
    0.0954     31.2901
    0.0956     31.2427
    0.0957     31.2199
    0.0958     31.1971
    0.0959     31.1743
    0.0960     31.1515
    0.0961     31.1287
    0.0962     31.1059
    0.0963     31.0832
    0.0964     31.0604
    0.0965     31.0376
    0.0966     31.0148
    0.0967     30.9920
    0.0968     30.9692
    0.0969     30.9465
    0.0970     30.9237
    0.0971     30.9009
    0.0972     30.8781
    0.0973     30.8553
    0.0974     30.8325
    0.0975     30.8097
    0.0976     30.7870
    0.0977     30.7642
    0.0978     30.7414
    0.0979     30.7186
    0.0980     30.6958
    0.0981     30.6730
    0.0982     30.6503
    0.0983     30.6275
    0.0984     30.6047
    0.0985     30.5819
    0.0986     30.5591
    0.0987     30.5363
    0.0988     30.5135
    0.0989     30.4908
    0.0990     30.4680
    0.0991     30.4452
    0.0992     30.4224
    0.0993     30.3996
    0.0994     30.3768
    0.0996     30.3434
    0.0997     30.3277
    0.0998     30.3120
    0.0999     30.2964
    0.1000     30.2807
    0.1001     30.2650
    0.1002     30.2494
    0.1003     30.2337
    0.1004     30.2180
    0.1005     30.2024
    0.1006     30.1867
    0.1007     30.1710
    0.1008     30.1553
    0.1009     30.1397
    0.1010     30.1240
    0.1011     30.1083
    0.1012     30.0927
    0.1013     30.0770
    0.1014     30.0613
    0.1015     30.0457
    0.1016     30.0300
    0.1017     30.0143
    0.1018     29.9987
    0.1019     29.9830
    0.1020     29.9673
    0.1021     29.9517
    0.1022     29.9360
    0.1023     29.9203
    0.1024     29.9047
    0.1025     29.8890
    0.1026     29.8733
    0.1027     29.8577
    0.1028     29.8420
    0.1029     29.8263
    0.1030     29.8106
    0.1031     29.7950
    0.1032     29.7793
    0.1033     29.7636
    0.1034     29.7480
    0.1035     29.7323
    0.1036     29.7166
    0.1037     29.7010
    0.1038     29.6853
    0.1039     29.6696
    0.1040     29.6540
    0.1041     29.6383
    0.1042     29.6226
    0.1043     29.6070
    0.1044     29.5913
    0.1045     29.5756
    0.1046     29.5600
    0.1047     29.5443
    0.1048     29.5286
    0.1049     29.5129
    0.1050     29.4973
    0.1051     29.4816
    0.1052     29.4659
    0.1053     29.4503
    0.1054     29.4346
    0.1055     29.4189
    0.1056     29.4033
    0.1057     29.3876
    0.1058     29.3719
    0.1059     29.3563
    0.1060     29.3406
    0.1061     29.3249
    0.1062     29.3093
    0.1063     29.2936
    0.1064     29.2779
    0.1065     29.2623
    0.1066     29.2466
    0.1067     29.2309
    0.1068     29.2153
    0.1069     29.1996
    0.1070     29.1839
    0.1071     29.1682
    0.1072     29.1526
    0.1073     29.1369
    0.1074     29.1212
    0.1075     29.1056
    0.1076     29.0899
    0.1077     29.0742
    0.1078     29.0586
    0.1079     29.0429
    0.1080     29.0272
    0.1081     29.0116
    0.1082     28.9959
    0.1083     28.9802
    0.1084     28.9646
    0.1085     28.9489
    0.1086     28.9332
    0.1087     28.9176
    0.1088     28.9019
    0.1089     28.8862
    0.1090     28.8706
    0.1091     28.8549
    0.1092     28.8392
    0.1093     28.8235
    0.1094     28.8079
    0.1095     28.7922
    0.1096     28.7765
    0.1097     28.7609
    0.1098     28.7452
    0.1099     28.7295
    0.1100     28.7139
    0.1101     28.6982
    0.1102     28.6825
    0.1103     28.6669
    0.1104     28.6512
    0.1105     28.6355
    0.1106     28.6199
    0.1107     28.6042
    0.1108     28.5885
    0.1109     28.5729
    0.1110     28.5572
    0.1111     28.5415
    0.1112     28.5259
    0.1113     28.5102
    0.1114     28.4945
    0.1115     28.4788
    0.1116     28.4632
    0.1117     28.4475
    0.1118     28.4318
    0.1119     28.4162
    0.1120     28.4005
    0.1121     28.3848
    0.1122     28.3692
    0.1123     28.3535
    0.1124     28.3378
    0.1125     28.3222
    0.1126     28.3065
    0.1127     28.2908
    0.1128     28.2752
    0.1129     28.2595
    0.1130     28.2438
    0.1131     28.2282
    0.1132     28.2125
    0.1133     28.1968
    0.1134     28.1812
    0.1135     28.1655
    0.1136     28.1498
    0.1137     28.1341
    0.1138     28.1185
    0.1139     28.1028
    0.1140     28.0871
    0.1141     28.0715
    0.1142     28.0558
    0.1143     28.0401
    0.1144     28.0245
    0.1145     28.0088
    0.1146     27.9931
    0.1147     27.9775
    0.1148     27.9618
    0.1149     27.9461
    0.1150     27.9305
    0.1151     27.9148
    0.1152     27.8991
    0.1153     27.8835
    0.1154     27.8678
    0.1155     27.8521
    0.1156     27.8365
    0.1157     27.8208
    0.1158     27.8051
    0.1159     27.7894
    0.1160     27.7738
    0.1161     27.7581
    0.1162     27.7424
    0.1163     27.7268
    0.1164     27.7111
    0.1165     27.6954
    0.1166     27.6798
    0.1167     27.6641
    0.1168     27.6484
    0.1169     27.6328
    0.1170     27.6171
    0.1171     27.6014
    0.1172     27.5858
    0.1173     27.5701
    0.1174     27.5544
    0.1175     27.5388
    0.1176     27.5231
    0.1177     27.5074
    0.1178     27.4918
    0.1179     27.4761
    0.1180     27.4604
    0.1181     27.4447
    0.1182     27.4291
    0.1183     27.4134
    0.1184     27.3977
    0.1185     27.3821
    0.1186     27.3664
    0.1187     27.3507
    0.1188     27.3351
    0.1189     27.3194
    0.1190     27.3037
    0.1191     27.2881
    0.1192     27.2724
    0.1193     27.2567
    0.1194     27.2411
    0.1195     27.2254
    0.1196     27.2097
    0.1197     27.1941
    0.1198     27.1784
    0.1199     27.1627
    0.1200     27.1471
    0.1201     27.1314
    0.1202     27.1157
    0.1203     27.1000
    0.1204     27.0844
    0.1205     27.0687
    0.1206     27.0530
    0.1207     27.0374
    0.1208     27.0217
    0.1209     27.0060
    0.1210     26.9904
    0.1211     26.9747
    0.1212     26.9590
    0.1213     26.9434
    0.1214     26.9277
    0.1215     26.9120
    0.1216     26.8964
    0.1217     26.8807
    0.1218     26.8650
    0.1219     26.8494
    0.1220     26.8337
    0.1221     26.8180
    0.1222     26.8024
    0.1223     26.7867
    0.1224     26.7710
    0.1225     26.7553
    0.1226     26.7397
    0.1227     26.7240
    0.1228     26.7083
    0.1229     26.6927
    0.1230     26.6770
    0.1231     26.6613
    0.1232     26.6457
    0.1233     26.6300
    0.1234     26.6143
    0.1235     26.5987
    0.1236     26.5830
    0.1237     26.5673
    0.1238     26.5517
    0.1239     26.5360
    0.1240     26.5203
    0.1241     26.5047
    0.1242     26.4890
    0.1243     26.4733
    0.1244     26.4577
    0.1245     26.4420
    0.1246     26.4263
    0.1247     26.4106
    0.1248     26.3950
    0.1249     26.3793
    0.1250     26.3636
    0.1251     26.3480
    0.1252     26.3323
    0.1253     26.3166
    0.1254     26.3010
    0.1255     26.2853
    0.1256     26.2696
    0.1257     26.2540
    0.1258     26.2383
    0.1259     26.2226
    0.1260     26.2070
    0.1261     26.1913
    0.1262     26.1756
    0.1263     26.1600
    0.1264     26.1443
    0.1265     26.1286
    0.1266     26.1129
    0.1267     26.0973
    0.1268     26.0816
    0.1269     26.0659
    0.1270     26.0503
    0.1271     26.0346
    0.1272     26.0189
    0.1273     26.0033
    0.1274     25.9876
    0.1275     25.9719
    0.1276     25.9563
    0.1277     25.9406
    0.1278     25.9249
    0.1279     25.9093
    0.1280     25.8936
    0.1281     25.8779
    0.1282     25.8623
    0.1283     25.8466
    0.1284     25.8309
    0.1285     25.8153
    0.1286     25.7996
    0.1287     25.7839
    0.1288     25.7682
    0.1289     25.7526
    0.1290     25.7369
    0.1291     25.7212
    0.1292     25.7056
    0.1293     25.6899
    0.1294     25.6742
    0.1295     25.6586
    0.1296     25.6429
    0.1297     25.6272
    0.1298     25.6116
    0.1299     25.5959
    0.1300     25.5802
    0.1301     25.5646
    0.1302     25.5489
    0.1303     25.5332
    0.1304     25.5176
    0.1305     25.5019
    0.1306     25.4862
    0.1307     25.4706
    0.1308     25.4549
    0.1309     25.4392
    0.1310     25.4235
    0.1311     25.4079
    0.1312     25.3922
    0.1313     25.3765
    0.1314     25.3609
    0.1315     25.3452
    0.1316     25.3295
    0.1317     25.3139
    0.1318     25.2982
    0.1319     25.2825
    0.1320     25.2669
    0.1321     25.2512
    0.1322     25.2355
    0.1323     25.2199
    0.1324     25.2042
    0.1325     25.1885
    0.1326     25.1729
    0.1327     25.1572
    0.1328     25.1415
    0.1329     25.1259
    0.1330     25.1102
    0.1331     25.0945
    0.1332     25.0788
    0.1333     25.0632
    0.1334     25.0475
    0.1335     25.0318
    0.1336     25.0162
    0.1337     25.0005
    0.1338     24.9848
    0.1339     24.9692
    0.1340     24.9535
    0.1341     24.9378
    0.1342     24.9222
    0.1343     24.9065
    0.1344     24.8908
    0.1345     24.8752
    0.1346     24.8595
    0.1347     24.8438
    0.1348     24.8282
    0.1349     24.8125
    0.1350     24.7968
    0.1351     24.7812
    0.1352     24.7655
    0.1353     24.7498
    0.1354     24.7341
    0.1355     24.7185
    0.1356     24.7028
    0.1357     24.6871
    0.1358     24.6715
    0.1359     24.6558
    0.1360     24.6401
    0.1361     24.6245
    0.1362     24.6088
    0.1363     24.5931
    0.1364     24.5775
    0.1365     24.5618
    0.1366     24.5461
    0.1367     24.5305
    0.1368     24.5148
    0.1369     24.4991
    0.1370     24.4835
    0.1371     24.4678
    0.1372     24.4521
    0.1373     24.4365
    0.1374     24.4208
    0.1375     24.4051
    0.1376     24.3894
    0.1377     24.3738
    0.1378     24.3581
    0.1379     24.3424
    0.1380     24.3268
    0.1381     24.3111
    0.1382     24.2954
    0.1383     24.2798
    0.1384     24.2641
    0.1385     24.2484
    0.1386     24.2328
    0.1387     24.2171
    0.1388     24.2014
    0.1389     24.1858
    0.1390     24.1701
    0.1391     24.1544
    0.1392     24.1388
    0.1393     24.1231
    0.1394     24.1074
    0.1395     24.0918
    0.1396     24.0761
    0.1397     24.0604
    0.1398     24.0447
    0.1399     24.0291
    0.1400     24.0134
    0.1401     23.9977
    0.1402     23.9821
    0.1403     23.9664
    0.1404     23.9507
    0.1405     23.9351
    0.1406     23.9194
    0.1407     23.9037
    0.1408     23.8881
    0.1409     23.8724
    0.1410     23.8567
    0.1411     23.8411
    0.1412     23.8254
    0.1413     23.8097
    0.1414     23.7941
    0.1415     23.7784
    0.1416     23.7627
    0.1417     23.7471
    0.1418     23.7314
    0.1419     23.7157
    0.1420     23.7000
    0.1421     23.6844
    0.1422     23.6687
    0.1423     23.6530
    0.1424     23.6374
    0.1425     23.6217
    0.1426     23.6060
    0.1427     23.5904
    0.1428     23.5747
    0.1429     23.5590
    0.1430     23.5434
    0.1431     23.5277
    0.1432     23.5120
    0.1433     23.4964
    0.1434     23.4807
    0.1435     23.4650
    0.1436     23.4494
    0.1437     23.4337
    0.1438     23.4180
    0.1439     23.4024
    0.1440     23.3867
    0.1441     23.3710
    0.1442     23.3553
    0.1443     23.3397
    0.1444     23.3240
    0.1445     23.3083
    0.1446     23.2927
    0.1447     23.2770
    0.1448     23.2613
    0.1449     23.2457
    0.1450     23.2300
    0.1451     23.2143
    0.1452     23.1987
    0.1453     23.1830
    0.1454     23.1673
    0.1455     23.1517
    0.1456     23.1360
    0.1457     23.1203
    0.1458     23.1047
    0.1459     23.0890
    0.1460     23.0733
    0.1461     23.0577
    0.1462     23.0420
    0.1463     23.0263
    0.1464     23.0106
    0.1465     22.9950
    0.1466     22.9793
    0.1467     22.9636
    0.1468     22.9480
    0.1469     22.9323
    0.1470     22.9166
    0.1471     22.9010
    0.1472     22.8853
    0.1473     22.8696
    0.1474     22.8540
    0.1475     22.8383
    0.1476     22.8226
    0.1477     22.8070
    0.1478     22.7913
    0.1479     22.7756
    0.1480     22.7600
    0.1481     22.7443
    0.1482     22.7286
    0.1483     22.7129
    0.1484     22.6973
    0.1485     22.6816
    0.1486     22.6659
    0.1487     22.6503
    0.1488     22.6346
    0.1489     22.6189
    0.1490     22.6033
    0.1491     22.5876
    0.1492     22.5719
    0.1493     22.5563
    0.1494     22.5406
    0.1495     22.5249
    0.1496     22.5093
    0.1497     22.4936
    0.1498     22.4779
    0.1499     22.4623
    0.1500     22.4466
    0.1501     22.4309
    0.1502     22.4153
    0.1503     22.3996
    0.1504     22.3839
    0.1505     22.3682
    0.1506     22.3526
    0.1507     22.3369
    0.1508     22.3212
    0.1509     22.3056
    0.1510     22.2899
    0.1511     22.2742
    0.1512     22.2586
    0.1513     22.2429
    0.1514     22.2272
    0.1515     22.2116
    0.1516     22.1959
    0.1517     22.1802
    0.1518     22.1646
    0.1519     22.1489
    0.1520     22.1332
    0.1521     22.1176
    0.1522     22.1019
    0.1523     22.0862
    0.1524     22.0706
    0.1525     22.0549
    0.1526     22.0392
    0.1527     22.0235
    0.1528     22.0079
    0.1529     21.9922
    0.1530     21.9765
    0.1531     21.9609
    0.1532     21.9452
    0.1533     21.9295
    0.1534     21.9139
    0.1535     21.8982
    0.1536     21.8825
    0.1537     21.8669
    0.1538     21.8512
    0.1539     21.8355
    0.1540     21.8199
    0.1541     21.8042
    0.1542     21.7885
    0.1543     21.7729
    0.1544     21.7572
    0.1545     21.7415
    0.1546     21.7259
    0.1547     21.7102
    0.1548     21.6945
    0.1549     21.6788
    0.1550     21.6632
    0.1551     21.6475
    0.1552     21.6318
    0.1553     21.6162
    0.1554     21.6005
    0.1555     21.5848
    0.1556     21.5692
    0.1557     21.5535
    0.1558     21.5378
    0.1559     21.5222
    0.1560     21.5065
    0.1561     21.4908
    0.1562     21.4752
    0.1563     21.4595
    0.1564     21.4438
    0.1565     21.4282
    0.1566     21.4125
    0.1567     21.3968
    0.1568     21.3812
    0.1569     21.3655
    0.1570     21.3498
    0.1571     21.3341
    0.1572     21.3185
    0.1573     21.3028
    0.1574     21.2871
    0.1575     21.2715
    0.1576     21.2558
    0.1577     21.2401
    0.1578     21.2245
    0.1579     21.2088
    0.1580     21.1931
    0.1581     21.1775
    0.1582     21.1618
    0.1583     21.1461
    0.1584     21.1305
    0.1585     21.1148
    0.1586     21.0991
    0.1587     21.0835
    0.1588     21.0678
    0.1589     21.0521
    0.1590     21.0365
    0.1591     21.0208
    0.1592     21.0051
    0.1593     20.9894
    0.1594     20.9738
    0.1595     20.9581
    0.1596     20.9424
    0.1597     20.9268
    0.1598     20.9111
    0.1599     20.8954
    0.1600     20.8798
    0.1601     20.8641
    0.1602     20.8484
    0.1603     20.8328
    0.1604     20.8171
    0.1605     20.8014
    0.1606     20.7858
    0.1607     20.7701
    0.1608     20.7544
    0.1609     20.7388
    0.1610     20.7231
    0.1611     20.7074
    0.1612     20.6918
    0.1613     20.6761
    0.1614     20.6604
    0.1615     20.6447
    0.1616     20.6291
    0.1617     20.6134
    0.1618     20.5977
    0.1619     20.5821
    0.1620     20.5664
    0.1621     20.5507
    0.1622     20.5351
    0.1623     20.5194
    0.1624     20.5037
    0.1625     20.4881
    0.1626     20.4724
    0.1627     20.4567
    0.1628     20.4411
    0.1629     20.4254
    0.1630     20.4097
    0.1631     20.3941
    0.1632     20.3784
    0.1633     20.3627
    0.1634     20.3471
    0.1635     20.3314
    0.1636     20.3157
    0.1637     20.3000
    0.1638     20.2844
    0.1639     20.2687
    0.1640     20.2530
    0.1641     20.2374
    0.1642     20.2217
    0.1643     20.2060
    0.1644     20.1904
    0.1645     20.1747
    0.1646     20.1590
    0.1647     20.1434
    0.1648     20.1277
    0.1649     20.1120
    0.1650     20.0964
    0.1651     20.0807
    0.1652     20.0650
    0.1653     20.0494
    0.1654     20.0337
    0.1655     20.0180
    0.1656     20.0024
    0.1657     19.9867
    0.1658     19.9710
    0.1659     19.9553
    0.1660     19.9397
    0.1661     19.9240
    0.1662     19.9083
    0.1663     19.8927
    0.1664     19.8770
    0.1665     19.8613
    0.1666     19.8457
    0.1667     19.8300
    0.1668     19.8143
    0.1669     19.7987
    0.1670     19.7830
    0.1671     19.7673
    0.1672     19.7517
    0.1673     19.7360
    0.1674     19.7203
    0.1675     19.7047
    0.1676     19.6890
    0.1677     19.6733
    0.1678     19.6577
    0.1679     19.6420
    0.1680     19.6263
    0.1681     19.6106
    0.1682     19.5950
    0.1683     19.5793
    0.1684     19.5636
    0.1685     19.5480
    0.1686     19.5323
    0.1687     19.5166
    0.1688     19.5010
    0.1689     19.4853
    0.1690     19.4696
    0.1691     19.4540
    0.1692     19.4383
    0.1693     19.4226
    0.1694     19.4070
    0.1695     19.3913
    0.1696     19.3756
    0.1697     19.3600
    0.1698     19.3443
    0.1699     19.3286
    0.1700     19.3129
    0.1701     19.2973
    0.1702     19.2816
    0.1703     19.2659
    0.1704     19.2503
    0.1705     19.2346
    0.1706     19.2189
    0.1707     19.2033
    0.1708     19.1876
    0.1709     19.1719
    0.1710     19.1563
    0.1711     19.1406
    0.1712     19.1249
    0.1713     19.1093
    0.1714     19.0936
    0.1715     19.0779
    0.1716     19.0623
    0.1717     19.0466
    0.1718     19.0309
    0.1719     19.0153
    0.1720     18.9996
    0.1721     18.9839
    0.1722     18.9682
    0.1723     18.9526
    0.1724     18.9369
    0.1725     18.9212
    0.1726     18.9056
    0.1727     18.8899
    0.1728     18.8742
    0.1729     18.8586
    0.1730     18.8429
    0.1731     18.8272
    0.1732     18.8116
    0.1733     18.7959
    0.1734     18.7802
    0.1735     18.7646
    0.1736     18.7489
    0.1737     18.7332
    0.1738     18.7176
    0.1739     18.7019
    0.1740     18.6862
    0.1741     18.6706
    0.1742     18.6549
    0.1743     18.6392
    0.1744     18.6235
    0.1745     18.6079
    0.1746     18.5922
    0.1747     18.5765
    0.1748     18.5609
    0.1749     18.5452
    0.1750     18.5295
    0.1751     18.5139
    0.1752     18.4982
    0.1753     18.4825
    0.1754     18.4669
    0.1755     18.4512
    0.1756     18.4355
    0.1757     18.4199
    0.1758     18.4042
    0.1759     18.3885
    0.1760     18.3729
    0.1761     18.3572
    0.1762     18.3415
    0.1763     18.3259
    0.1764     18.3102
    0.1765     18.2945
    0.1766     18.2788
    0.1767     18.2632
    0.1768     18.2475
    0.1769     18.2318
    0.1770     18.2162
    0.1771     18.2005
    0.1772     18.1848
    0.1773     18.1692
    0.1774     18.1535
    0.1775     18.1378
    0.1776     18.1222
    0.1777     18.1065
    0.1778     18.0908
    0.1779     18.0752
    0.1780     18.0595
    0.1781     18.0438
    0.1782     18.0282
    0.1783     18.0125
    0.1784     17.9968
    0.1785     17.9812
    0.1786     17.9655
    0.1787     17.9498
    0.1788     17.9341
    0.1789     17.9185
    0.1790     17.9028
    0.1791     17.8871
    0.1792     17.8715
    0.1793     17.8558
    0.1794     17.8401
    0.1795     17.8245
    0.1796     17.8088
    0.1797     17.7931
    0.1798     17.7775
    0.1799     17.7618
    0.1800     17.7461
    0.1801     17.7305
    0.1802     17.7148
    0.1803     17.6991
    0.1804     17.6835
    0.1805     17.6678
    0.1806     17.6521
    0.1807     17.6365
    0.1808     17.6208
    0.1809     17.6051
    0.1810     17.5894
    0.1811     17.5738
    0.1812     17.5581
    0.1813     17.5424
    0.1814     17.5268
    0.1815     17.5111
    0.1816     17.4954
    0.1817     17.4798
    0.1818     17.4641
    0.1819     17.4484
    0.1820     17.4328
    0.1821     17.4171
    0.1822     17.4014
    0.1823     17.3858
    0.1824     17.3701
    0.1825     17.3544
    0.1826     17.3388
    0.1827     17.3231
    0.1828     17.3074
    0.1829     17.2918
    0.1830     17.2761
    0.1831     17.2604
    0.1832     17.2447
    0.1833     17.2291
    0.1834     17.2134
    0.1835     17.1977
    0.1836     17.1821
    0.1837     17.1664
    0.1838     17.1507
    0.1839     17.1351
    0.1840     17.1194
    0.1841     17.1037
    0.1842     17.0881
    0.1843     17.0724
    0.1844     17.0567
    0.1845     17.0411
    0.1846     17.0254
    0.1847     17.0097
    0.1848     16.9941
    0.1849     16.9784
    0.1850     16.9627
    0.1851     16.9471
    0.1852     16.9314
    0.1853     16.9157
    0.1854     16.9000
    0.1855     16.8844
    0.1856     16.8687
    0.1857     16.8530
    0.1858     16.8374
    0.1859     16.8217
    0.1860     16.8060
    0.1861     16.7904
    0.1862     16.7747
    0.1863     16.7590
    0.1864     16.7434
    0.1865     16.7277
    0.1866     16.7120
    0.1867     16.6964
    0.1868     16.6807
    0.1869     16.6650
    0.1870     16.6494
    0.1871     16.6337
    0.1872     16.6180
    0.1873     16.6024
    0.1874     16.5867
    0.1875     16.5710
    0.1876     16.5553
    0.1877     16.5397
    0.1878     16.5240
    0.1879     16.5083
    0.1880     16.4927
    0.1881     16.4770
    0.1882     16.4613
    0.1883     16.4457
    0.1884     16.4300
    0.1885     16.4143
    0.1886     16.3987
    0.1887     16.3830
    0.1888     16.3673
    0.1889     16.3517
    0.1890     16.3360
    0.1891     16.3203
    0.1892     16.3047
    0.1893     16.2890
    0.1894     16.2733
    0.1895     16.2577
    0.1896     16.2420
    0.1897     16.2263
    0.1898     16.2106
    0.1899     16.1950
    0.1900     16.1793
    0.1901     16.1636
    0.1902     16.1480
    0.1903     16.1323
    0.1904     16.1166
    0.1905     16.1010
    0.1906     16.0853
    0.1907     16.0696
    0.1908     16.0540
    0.1909     16.0383
    0.1910     16.0226
    0.1911     16.0070
    0.1912     15.9913
    0.1913     15.9756
    0.1914     15.9600
    0.1915     15.9443
    0.1916     15.9286
    0.1917     15.9129
    0.1918     15.8973
    0.1919     15.8816
    0.1920     15.8659
    0.1921     15.8503
    0.1922     15.8346
    0.1923     15.8189
    0.1924     15.8033
    0.1925     15.7876
    0.1926     15.7719
    0.1927     15.7563
    0.1928     15.7406
    0.1929     15.7249
    0.1930     15.7093
    0.1931     15.6936
    0.1932     15.6779
    0.1933     15.6623
    0.1934     15.6466
    0.1935     15.6309
    0.1936     15.6153
    0.1937     15.5996
    0.1938     15.5839
    0.1939     15.5682
    0.1940     15.5526
    0.1941     15.5369
    0.1942     15.5212
    0.1943     15.5056
    0.1944     15.4899
    0.1945     15.4742
    0.1946     15.4586
    0.1947     15.4429
    0.1948     15.4272
    0.1949     15.4116
    0.1950     15.3959
    0.1951     15.3802
    0.1952     15.3646
    0.1953     15.3489
    0.1954     15.3332
    0.1955     15.3176
    0.1956     15.3019
    0.1957     15.2862
    0.1958     15.2706
    0.1959     15.2549
    0.1960     15.2392
    0.1961     15.2235
    0.1962     15.2079
    0.1963     15.1922
    0.1964     15.1765
    0.1965     15.1609
    0.1966     15.1452
    0.1967     15.1295
    0.1968     15.1139
    0.1969     15.0982
    0.1970     15.0825
    0.1971     15.0669
    0.1972     15.0512
    0.1973     15.0355
    0.1974     15.0199
    0.1975     15.0042
    0.1976     14.9885
    0.1977     14.9729
    0.1978     14.9572
    0.1979     14.9415
    0.1980     14.9259
    0.1981     14.9102
    0.1982     14.8945
    0.1983     14.8788
    0.1984     14.8632
    0.1985     14.8475
    0.1986     14.8318
    0.1987     14.8162
    0.1988     14.8005
    0.1989     14.7848
    0.1990     14.7692
    0.1991     14.7535
    0.1992     14.7378
    0.1993     14.7222
    0.1994     14.7065
    0.1995     14.6908
    0.1996     14.6752
    0.1997     14.6595
    0.1998     14.6438
    0.1999     14.6282
    0.2000     14.6125
    0.2001     14.5968
    0.2002     14.5812
    0.2003     14.5655
    0.2004     14.5498
    0.2005     14.5341
    0.2006     14.5185
    0.2007     14.5028
    0.2008     14.4871
    0.2009     14.4715
    0.2010     14.4558
    0.2011     14.4401
    0.2012     14.4245
    0.2013     14.4088
    0.2014     14.3931
    0.2015     14.3775
    0.2016     14.3618
    0.2017     14.3461
    0.2018     14.3305
    0.2019     14.3148
    0.2020     14.2991
    0.2021     14.2835
    0.2022     14.2678
    0.2023     14.2521
    0.2024     14.2365
    0.2025     14.2208
    0.2026     14.2051
    0.2027     14.1894
    0.2028     14.1738
    0.2029     14.1581
    0.2030     14.1424
    0.2031     14.1268
    0.2032     14.1111
    0.2033     14.0954
    0.2034     14.0798
    0.2035     14.0641
    0.2036     14.0484
    0.2037     14.0328
    0.2038     14.0171
    0.2039     14.0014
    0.2040     13.9858
    0.2041     13.9701
    0.2042     13.9544
    0.2043     13.9388
    0.2044     13.9231
    0.2045     13.9074
    0.2046     13.8918
    0.2047     13.8761
    0.2048     13.8604
    0.2049     13.8447
    0.2050     13.8291
    0.2051     13.8134
    0.2052     13.7977
    0.2053     13.7821
    0.2054     13.7664
    0.2055     13.7507
    0.2056     13.7351
    0.2057     13.7194
    0.2058     13.7037
    0.2059     13.6881
    0.2060     13.6724
    0.2061     13.6567
    0.2062     13.6411
    0.2063     13.6254
    0.2064     13.6097
    0.2065     13.5941
    0.2066     13.5784
    0.2067     13.5627
    0.2068     13.5471
    0.2069     13.5314
    0.2070     13.5157
    0.2071     13.5000
    0.2072     13.4844
    0.2073     13.4687
    0.2074     13.4530
    0.2075     13.4374
    0.2076     13.4217
    0.2077     13.4060
    0.2078     13.3904
    0.2079     13.3747
    0.2080     13.3590
    0.2081     13.3434
    0.2082     13.3277
    0.2083     13.3120
    0.2084     13.2964
    0.2085     13.2807
    0.2086     13.2650
    0.2087     13.2494
    0.2088     13.2337
    0.2089     13.2180
    0.2090     13.2024
    0.2091     13.1867
    0.2092     13.1710
    0.2093     13.1553
    0.2094     13.1397
    0.2095     13.1240
    0.2096     13.1083
    0.2097     13.0927
    0.2098     13.0770
    0.2099     13.0613
    0.2100     13.0457
    0.2101     13.0300
    0.2102     13.0143
    0.2103     12.9987
    0.2104     12.9830
    0.2105     12.9673
    0.2106     12.9517
    0.2107     12.9360
    0.2108     12.9203
    0.2109     12.9047
    0.2110     12.8890
    0.2111     12.8733
    0.2112     12.8577
    0.2113     12.8420
    0.2114     12.8263
    0.2115     12.8106
    0.2116     12.7950
    0.2117     12.7793
    0.2118     12.7636
    0.2119     12.7480
    0.2120     12.7323
    0.2121     12.7166
    0.2122     12.7010
    0.2123     12.6853
    0.2124     12.6696
    0.2125     12.6540
    0.2126     12.6383
    0.2127     12.6226
    0.2128     12.6070
    0.2129     12.5913
    0.2130     12.5756
    0.2131     12.5600
    0.2132     12.5443
    0.2133     12.5286
    0.2134     12.5130
    0.2135     12.4973
    0.2136     12.4816
    0.2137     12.4659
    0.2138     12.4503
    0.2139     12.4346
    0.2140     12.4189
    0.2141     12.4033
    0.2142     12.3876
    0.2143     12.3719
    0.2144     12.3563
    0.2145     12.3406
    0.2146     12.3249
    0.2147     12.3093
    0.2148     12.2936
    0.2149     12.2779
    0.2150     12.2623
    0.2151     12.2466
    0.2152     12.2309
    0.2153     12.2153
    0.2154     12.1996
    0.2155     12.1839
    0.2156     12.1682
    0.2157     12.1526
    0.2158     12.1369
    0.2159     12.1212
    0.2160     12.1056
    0.2161     12.0899
    0.2162     12.0742
    0.2163     12.0586
    0.2164     12.0429
    0.2165     12.0272
    0.2166     12.0116
    0.2167     11.9959
    0.2168     11.9802
    0.2169     11.9646
    0.2170     11.9489
    0.2171     11.9332
    0.2172     11.9176
    0.2173     11.9019
    0.2174     11.8862
    0.2175     11.8706
    0.2176     11.8549
    0.2177     11.8392
    0.2178     11.8235
    0.2179     11.8079
    0.2180     11.7922
    0.2181     11.7765
    0.2182     11.7609
    0.2183     11.7452
    0.2184     11.7295
    0.2185     11.7139
    0.2186     11.6982
    0.2187     11.6825
    0.2188     11.6669
    0.2189     11.6512
    0.2190     11.6355
    0.2191     11.6199
    0.2192     11.6042
    0.2193     11.5885
    0.2194     11.5729
    0.2195     11.5572
    0.2196     11.5415
    0.2197     11.5259
    0.2198     11.5102
    0.2199     11.4945
    0.2200     11.4788
    0.2201     11.4632
    0.2202     11.4475
    0.2203     11.4318
    0.2204     11.4162
    0.2205     11.4005
    0.2206     11.3848
    0.2207     11.3692
    0.2208     11.3535
    0.2209     11.3378
    0.2210     11.3222
    0.2211     11.3065
    0.2212     11.2908
    0.2213     11.2752
    0.2214     11.2595
    0.2215     11.2438
    0.2216     11.2282
    0.2217     11.2125
    0.2218     11.1968
    0.2219     11.1812
    0.2220     11.1655
    0.2221     11.1498
    0.2222     11.1341
    0.2223     11.1185
    0.2224     11.1028
    0.2225     11.0871
    0.2226     11.0715
    0.2227     11.0558
    0.2228     11.0401
    0.2229     11.0245
    0.2230     11.0088
    0.2231     10.9931
    0.2232     10.9775
    0.2233     10.9618
    0.2234     10.9461
    0.2235     10.9305
    0.2236     10.9148
    0.2237     10.8991
    0.2238     10.8835
    0.2239     10.8678
    0.2240     10.8521
    0.2241     10.8365
    0.2242     10.8208
    0.2243     10.8051
    0.2244     10.7894
    0.2245     10.7738
    0.2246     10.7581
    0.2247     10.7424
    0.2248     10.7268
    0.2249     10.7111
    0.2250     10.6954
    0.2251     10.6798
    0.2252     10.6641
    0.2253     10.6484
    0.2254     10.6328
    0.2255     10.6171
    0.2256     10.6014
    0.2257     10.5858
    0.2258     10.5701
    0.2259     10.5544
    0.2260     10.5388
    0.2261     10.5231
    0.2262     10.5074
    0.2263     10.4918
    0.2264     10.4761
    0.2265     10.4604
    0.2266     10.4447
    0.2267     10.4291
    0.2268     10.4134
    0.2269     10.3977
    0.2270     10.3821
    0.2271     10.3664
    0.2272     10.3507
    0.2273     10.3351
    0.2274     10.3194
    0.2275     10.3037
    0.2276     10.2881
    0.2277     10.2724
    0.2278     10.2567
    0.2279     10.2411
    0.2280     10.2254
    0.2281     10.2097
    0.2282     10.1941
    0.2283     10.1784
    0.2284     10.1627
    0.2285     10.1471
    0.2286     10.1314
    0.2287     10.1157
    0.2288     10.1000
    0.2289     10.0844
    0.2290     10.0687
    0.2291     10.0530
    0.2292     10.0374
    0.2293     10.0217
    0.2294     10.0060
    0.2295      9.9904
    0.2296      9.9747
    0.2297      9.9590
    0.2298      9.9434
    0.2299      9.9277
    0.2300      9.9120
    0.2301      9.8964
    0.2302      9.8807
    0.2303      9.8650
    0.2304      9.8494
    0.2305      9.8337
    0.2306      9.8180
    0.2307      9.8024
    0.2308      9.7867
    0.2309      9.7710
    0.2310      9.7553
    0.2311      9.7397
    0.2312      9.7240
    0.2313      9.7083
    0.2314      9.6927
    0.2315      9.6770
    0.2316      9.6613
    0.2317      9.6457
    0.2318      9.6300
    0.2319      9.6143
    0.2320      9.5987
    0.2321      9.5830
    0.2322      9.5673
    0.2323      9.5517
    0.2324      9.5360
    0.2325      9.5203
    0.2326      9.5047
    0.2327      9.4890
    0.2328      9.4733
    0.2329      9.4577
    0.2330      9.4420
    0.2331      9.4263
    0.2332      9.4106
    0.2333      9.3950
    0.2334      9.3793
    0.2335      9.3636
    0.2336      9.3480
    0.2337      9.3323
    0.2338      9.3166
    0.2339      9.3010
    0.2340      9.2853
    0.2341      9.2696
    0.2342      9.2540
    0.2343      9.2383
    0.2344      9.2226
    0.2345      9.2070
    0.2346      9.1913
    0.2347      9.1756
    0.2348      9.1600
    0.2349      9.1443
    0.2350      9.1286
    0.2351      9.1130
    0.2352      9.0973
    0.2353      9.0816
    0.2354      9.0659
    0.2355      9.0503
    0.2356      9.0346
    0.2357      9.0189
    0.2358      9.0033
    0.2359      8.9876
    0.2360      8.9719
    0.2361      8.9563
    0.2362      8.9406
    0.2363      8.9249
    0.2364      8.9093
    0.2365      8.8936
    0.2366      8.8779
    0.2367      8.8623
    0.2368      8.8466
    0.2369      8.8309
    0.2370      8.8153
    0.2371      8.7996
    0.2372      8.7839
    0.2373      8.7682
    0.2374      8.7526
    0.2375      8.7369
    0.2376      8.7212
    0.2377      8.7056
    0.2378      8.6899
    0.2379      8.6742
    0.2380      8.6586
    0.2381      8.6429
    0.2382      8.6272
    0.2383      8.6116
    0.2384      8.5959
    0.2385      8.5802
    0.2386      8.5646
    0.2387      8.5489
    0.2388      8.5332
    0.2389      8.5176
    0.2390      8.5019
    0.2391      8.4862
    0.2392      8.4706
    0.2393      8.4549
    0.2394      8.4392
    0.2395      8.4235
    0.2396      8.4079
    0.2397      8.3922
    0.2398      8.3765
    0.2399      8.3609
    0.2400      8.3452
    0.2401      8.3295
    0.2402      8.3139
    0.2403      8.2982
    0.2404      8.2825
    0.2405      8.2669
    0.2406      8.2512
    0.2407      8.2355
    0.2408      8.2199
    0.2409      8.2042
    0.2410      8.1885
    0.2411      8.1729
    0.2412      8.1572
    0.2413      8.1415
    0.2414      8.1259
    0.2415      8.1102
    0.2416      8.0945
    0.2417      8.0788
    0.2418      8.0632
    0.2419      8.0475
    0.2420      8.0318
    0.2421      8.0162
    0.2422      8.0005
    0.2423      7.9848
    0.2424      7.9692
    0.2425      7.9535
    0.2426      7.9378
    0.2427      7.9222
    0.2428      7.9065
    0.2429      7.8908
    0.2430      7.8752
    0.2431      7.8595
    0.2432      7.8438
    0.2433      7.8282
    0.2434      7.8125
    0.2435      7.7968
    0.2436      7.7812
    0.2437      7.7655
    0.2438      7.7498
    0.2439      7.7341
    0.2440      7.7185
    0.2441      7.7028
    0.2442      7.6871
    0.2443      7.6715
    0.2444      7.6558
    0.2445      7.6401
    0.2446      7.6245
    0.2447      7.6088
    0.2448      7.5931
    0.2449      7.5775
    0.2450      7.5618
    0.2451      7.5461
    0.2452      7.5305
    0.2453      7.5148
    0.2454      7.4991
    0.2455      7.4835
    0.2456      7.4678
    0.2457      7.4521
    0.2458      7.4365
    0.2459      7.4208
    0.2460      7.4051
    0.2461      7.3894
    0.2462      7.3738
    0.2463      7.3581
    0.2464      7.3424
    0.2465      7.3268
    0.2466      7.3111
    0.2467      7.2954
    0.2468      7.2798
    0.2469      7.2641
    0.2470      7.2484
    0.2471      7.2328
    0.2472      7.2171
    0.2473      7.2014
    0.2474      7.1858
    0.2475      7.1701
    0.2476      7.1544
    0.2477      7.1388
    0.2478      7.1231
    0.2479      7.1074
    0.2480      7.0918
    0.2481      7.0761
    0.2482      7.0604
    0.2483      7.0447
    0.2484      7.0291
    0.2485      7.0134
    0.2486      6.9977
    0.2487      6.9821
    0.2488      6.9664
    0.2489      6.9507
    0.2490      6.9351
    0.2491      6.9194
    0.2492      6.9037
    0.2493      6.8881
    0.2494      6.8724
    0.2495      6.8567
    0.2496      6.8411
    0.2497      6.8254
    0.2498      6.8097
    0.2499      6.7941
    0.2500      6.7784
    0.2501      6.7627
    0.2502      6.7471
    0.2503      6.7314
    0.2504      6.7157
    0.2505      6.7000
    0.2506      6.6844
    0.2507      6.6687
    0.2508      6.6530
    0.2509      6.6374
    0.2510      6.6217
    0.2511      6.6060
    0.2512      6.5904
    0.2513      6.5747
    0.2514      6.5590
    0.2515      6.5434
    0.2516      6.5277
    0.2517      6.5120
    0.2518      6.4964
    0.2519      6.4807
    0.2520      6.4650
    0.2521      6.4494
    0.2522      6.4337
    0.2523      6.4180
    0.2524      6.4024
    0.2525      6.3867
    0.2526      6.3710
    0.2527      6.3553
    0.2528      6.3397
    0.2529      6.3240
    0.2530      6.3083
    0.2531      6.2927
    0.2532      6.2770
    0.2533      6.2613
    0.2534      6.2457
    0.2535      6.2300
    0.2536      6.2143
    0.2537      6.1987
    0.2538      6.1830
    0.2539      6.1673
    0.2540      6.1517
    0.2541      6.1360
    0.2542      6.1203
    0.2543      6.1047
    0.2544      6.0890
    0.2545      6.0733
    0.2546      6.0577
    0.2547      6.0420
    0.2548      6.0263
    0.2549      6.0106
    0.2550      5.9950
    0.2551      5.9793
    0.2552      5.9636
    0.2553      5.9480
    0.2554      5.9323
    0.2555      5.9166
    0.2556      5.9010
    0.2557      5.8853
    0.2558      5.8696
    0.2559      5.8540
    0.2560      5.8383
    0.2561      5.8226
    0.2562      5.8070
    0.2563      5.7913
    0.2564      5.7756
    0.2565      5.7600
    0.2566      5.7443
    0.2567      5.7286
    0.2568      5.7130
    0.2569      5.6973
    0.2570      5.6816
    0.2571      5.6659
    0.2572      5.6503
    0.2573      5.6346
    0.2574      5.6189
    0.2575      5.6033
    0.2576      5.5876
    0.2577      5.5719
    0.2578      5.5563
    0.2579      5.5406
    0.2580      5.5249
    0.2581      5.5093
    0.2582      5.4936
    0.2583      5.4779
    0.2584      5.4623
    0.2585      5.4466
    0.2586      5.4309
    0.2587      5.4153
    0.2588      5.3996
    0.2589      5.3839
    0.2590      5.3682
    0.2591      5.3526
    0.2592      5.3369
    0.2593      5.3212
    0.2594      5.3056
    0.2595      5.2899
    0.2596      5.2742
    0.2597      5.2586
    0.2598      5.2429
    0.2599      5.2272
    0.2600      5.2116
    0.2601      5.1959
    0.2602      5.1802
    0.2603      5.1646
    0.2604      5.1489
    0.2605      5.1332
    0.2606      5.1176
    0.2607      5.1019
    0.2608      5.0862
    0.2609      5.0706
    0.2610      5.0549
    0.2611      5.0392
    0.2612      5.0235
    0.2613      5.0079
    0.2614      4.9922
    0.2615      4.9765
    0.2616      4.9609
    0.2617      4.9452
    0.2618      4.9295
    0.2619      4.9139
    0.2620      4.8982
    0.2621      4.8825
    0.2622      4.8669
    0.2623      4.8512
    0.2624      4.8355
    0.2625      4.8199
    0.2626      4.8042
    0.2627      4.7885
    0.2628      4.7729
    0.2629      4.7572
    0.2630      4.7415
    0.2631      4.7259
    0.2632      4.7102
    0.2633      4.6945
    0.2634      4.6788
    0.2635      4.6632
    0.2636      4.6475
    0.2637      4.6318
    0.2638      4.6162
    0.2639      4.6005
    0.2640      4.5848
    0.2641      4.5692
    0.2642      4.5535
    0.2643      4.5378
    0.2644      4.5222
    0.2645      4.5065
    0.2646      4.4908
    0.2647      4.4752
    0.2648      4.4595
    0.2649      4.4438
    0.2650      4.4282
    0.2651      4.4125
    0.2652      4.3968
    0.2653      4.3812
    0.2654      4.3655
    0.2655      4.3498
    0.2656      4.3341
    0.2657      4.3185
    0.2658      4.3028
    0.2659      4.2871
    0.2660      4.2715
    0.2661      4.2558
    0.2662      4.2401
    0.2663      4.2245
    0.2664      4.2088
    0.2665      4.1931
    0.2666      4.1775
    0.2667      4.1618
    0.2668      4.1461
    0.2669      4.1305
    0.2670      4.1148
    0.2671      4.0991
    0.2672      4.0835
    0.2673      4.0678
    0.2674      4.0521
    0.2675      4.0365
    0.2676      4.0208
    0.2677      4.0051
    0.2678      3.9894
    0.2679      3.9738
    0.2680      3.9581
    0.2681      3.9424
    0.2682      3.9268
    0.2683      3.9111
    0.2684      3.8954
    0.2685      3.8798
    0.2686      3.8641
    0.2687      3.8484
    0.2688      3.8328
    0.2689      3.8171
    0.2690      3.8014
    0.2691      3.7858
    0.2692      3.7701
    0.2693      3.7544
    0.2694      3.7388
    0.2695      3.7231
    0.2696      3.7074
    0.2697      3.6918
    0.2698      3.6761
    0.2699      3.6604
    0.2700      3.6447
    0.2701      3.6291
    0.2702      3.6134
    0.2703      3.5977
    0.2704      3.5821
    0.2705      3.5664
    0.2706      3.5507
    0.2707      3.5351
    0.2708      3.5194
    0.2709      3.5037
    0.2710      3.4881
    0.2711      3.4724
    0.2712      3.4567
    0.2713      3.4411
    0.2714      3.4254
    0.2715      3.4097
    0.2716      3.3941
    0.2717      3.3784
    0.2718      3.3627
    0.2719      3.3471
    0.2720      3.3314
    0.2721      3.3157
    0.2722      3.3000
    0.2723      3.2844
    0.2724      3.2687
    0.2725      3.2530
    0.2726      3.2374
    0.2727      3.2217
    0.2728      3.2060
    0.2729      3.1904
    0.2730      3.1747
    0.2731      3.1590
    0.2732      3.1434
    0.2733      3.1277
    0.2734      3.1120
    0.2735      3.0964
    0.2736      3.0807
    0.2737      3.0650
    0.2738      3.0494
    0.2739      3.0337
    0.2740      3.0180
    0.2741      3.0024
    0.2742      2.9867
    0.2743      2.9710
    0.2744      2.9553
    0.2745      2.9397
    0.2746      2.9240
    0.2747      2.9083
    0.2748      2.8927
    0.2749      2.8770
    0.2750      2.8613
    0.2751      2.8457
    0.2752      2.8300
    0.2753      2.8143
    0.2754      2.7987
    0.2755      2.7830
    0.2756      2.7673
    0.2757      2.7517
    0.2758      2.7360
    0.2759      2.7203
    0.2760      2.7047
    0.2761      2.6890
    0.2762      2.6733
    0.2763      2.6577
    0.2764      2.6420
    0.2765      2.6263
    0.2766      2.6106
    0.2767      2.5950
    0.2768      2.5793
    0.2769      2.5636
    0.2770      2.5480
    0.2771      2.5323
    0.2772      2.5166
    0.2773      2.5010
    0.2774      2.4853
    0.2775      2.4696
    0.2776      2.4540
    0.2777      2.4383
    0.2778      2.4226
    0.2779      2.4070
    0.2780      2.3913
    0.2781      2.3756
    0.2782      2.3600
    0.2783      2.3443
    0.2784      2.3286
    0.2785      2.3130
    0.2786      2.2973
    0.2787      2.2816
    0.2788      2.2659
    0.2789      2.2503
    0.2790      2.2346
    0.2791      2.2189
    0.2792      2.2033
    0.2793      2.1876
    0.2794      2.1719
    0.2795      2.1563
    0.2796      2.1406
    0.2797      2.1249
    0.2798      2.1093
    0.2799      2.0936
    0.2800      2.0779
    0.2801      2.0623
    0.2802      2.0466
    0.2803      2.0309
    0.2804      2.0153
    0.2805      1.9996
    0.2806      1.9839
    0.2807      1.9682
    0.2808      1.9526
    0.2809      1.9369
    0.2810      1.9212
    0.2811      1.9056
    0.2812      1.8899
    0.2813      1.8742
    0.2814      1.8586
    0.2815      1.8429
    0.2816      1.8272
    0.2817      1.8116
    0.2818      1.7959
    0.2819      1.7802
    0.2820      1.7646
    0.2821      1.7489
    0.2822      1.7332
    0.2823      1.7176
    0.2824      1.7019
    0.2825      1.6862
    0.2826      1.6706
    0.2827      1.6549
    0.2828      1.6392
    0.2829      1.6235
    0.2830      1.6079
    0.2831      1.5922
    0.2832      1.5765
    0.2833      1.5609
    0.2834      1.5452
    0.2835      1.5295
    0.2836      1.5139
    0.2837      1.4982
    0.2838      1.4825
    0.2839      1.4669
    0.2840      1.4512
    0.2841      1.4355
    0.2842      1.4199
    0.2843      1.4042
    0.2844      1.3885
    0.2845      1.3729
    0.2846      1.3572
    0.2847      1.3415
    0.2848      1.3259
    0.2849      1.3102
    0.2850      1.2945
    0.2851      1.2788
    0.2852      1.2632
    0.2853      1.2475
    0.2854      1.2318
    0.2855      1.2162
    0.2856      1.2005
    0.2857      1.1848
    0.2858      1.1692
    0.2859      1.1535
    0.2860      1.1378
    0.2861      1.1222
    0.2862      1.1065
    0.2863      1.0908
    0.2864      1.0752
    0.2865      1.0595
    0.2866      1.0438
    0.2867      1.0282
    0.2868      1.0125
    0.2869      0.9968
    0.2870      0.9812
    0.2871      0.9655
    0.2872      0.9498
    0.2873      0.9341
    0.2874      0.9185
    0.2875      0.9028
    0.2876      0.8871
    0.2877      0.8715
    0.2878      0.8558
    0.2879      0.8401
    0.2880      0.8245
    0.2881      0.8088
    0.2882      0.7931
    0.2883      0.7775
    0.2884      0.7618
    0.2885      0.7461
    0.2886      0.7305
    0.2887      0.7148
    0.2888      0.6991
    0.2889      0.6835
    0.2890      0.6678
    0.2891      0.6521
    0.2892      0.6365
    0.2893      0.6208
    0.2894      0.6051
    0.2895      0.5894
    0.2896      0.5738
    0.2897      0.5581
    0.2898      0.5424
    0.2899      0.5268
    0.2900      0.5111
    0.2901      0.4954
    0.2902      0.4798
    0.2903      0.4641
    0.2904      0.4484
    0.2905      0.4328
    0.2906      0.4171
    0.2907      0.4014
    0.2908      0.3858
    0.2909      0.3701
    0.2910      0.3544
    0.2911      0.3388
    0.2912      0.3231
    0.2913      0.3074
    0.2914      0.2918
    0.2915      0.2761
    0.2916      0.2604
    0.2917      0.2447
    0.2918      0.2291
    0.2919      0.2134
    0.2920      0.1977
    0.2921      0.1821
    0.2922      0.1664
    0.2923      0.1507
    0.2924      0.1351
    0.2925      0.1194
    0.2926      0.1037
    0.2927      0.0881
    0.2928      0.0724
    0.2929      0.0567
    0.2930      0.0411
    0.2931      0.0254
    0.2932      0.0097
    0.2933     -0.0059
    0.2934     -0.0216
    0.2935     -0.0373
    0.2936     -0.0529
    0.2937     -0.0686
    0.2938     -0.0843
    0.2939     -0.1000
    0.2940     -0.1156
    0.2941     -0.1313
    0.2942     -0.1470
    0.2943     -0.1626
    0.2944     -0.1783
    0.2945     -0.1940
    0.2946     -0.2096
    0.2947     -0.2253
    0.2948     -0.2410
    0.2949     -0.2566
    0.2950     -0.2723
    0.2951     -0.2880
    0.2952     -0.3036
    0.2953     -0.3193
    0.2954     -0.3350
    0.2955     -0.3506
    0.2956     -0.3663
    0.2957     -0.3820
    0.2958     -0.3976
    0.2959     -0.4133
    0.2960     -0.4290
    0.2961     -0.4447
    0.2962     -0.4603
    0.2963     -0.4760
    0.2964     -0.4917
    0.2965     -0.5073
    0.2966     -0.5230
    0.2967     -0.5387
    0.2968     -0.5543
    0.2969     -0.5700
    0.2970     -0.5857
    0.2971     -0.6013
    0.2972     -0.6170
    0.2973     -0.6327
    0.2974     -0.6483
    0.2975     -0.6640
    0.2976     -0.6797
    0.2977     -0.6953
    0.2978     -0.7110
    0.2979     -0.7267
    0.2980     -0.7423
    0.2981     -0.7580
    0.2982     -0.7737
    0.2983     -0.7894
    0.2984     -0.8050
    0.2985     -0.8207
    0.2986     -0.8364
    0.2987     -0.8520
    0.2988     -0.8677
    0.2989     -0.8834
    0.2990     -0.8990
    0.2991     -0.9147
    0.2992     -0.9304
    0.2993     -0.9460
    0.2994     -0.9617
    0.2995     -0.9774
    0.2996     -0.9930
    0.2997     -1.0087
    0.2998     -1.0244
    0.2999     -1.0400
    0.3000     -1.0557
    0.3001     -1.0714
    0.3002     -1.0870
    0.3003     -1.1027
    0.3004     -1.1184
    0.3005     -1.1341
    0.3006     -1.1497
    0.3007     -1.1654
    0.3008     -1.1811
    0.3009     -1.1967
    0.3010     -1.2124
    0.3011     -1.2281
    0.3012     -1.2437
    0.3013     -1.2594
    0.3014     -1.2751
    0.3015     -1.2907
    0.3016     -1.3064
    0.3017     -1.3221
    0.3018     -1.3377
    0.3019     -1.3534
    0.3020     -1.3691
    0.3021     -1.3847
    0.3022     -1.4004
    0.3023     -1.4161
    0.3024     -1.4318
    0.3025     -1.4474
    0.3026     -1.4631
    0.3027     -1.4788
    0.3028     -1.4944
    0.3029     -1.5101
    0.3030     -1.5258
    0.3031     -1.5414
    0.3032     -1.5571
    0.3033     -1.5728
    0.3034     -1.5884
    0.3035     -1.6041
    0.3036     -1.6198
    0.3037     -1.6354
    0.3038     -1.6511
    0.3039     -1.6668
    0.3040     -1.6824
    0.3041     -1.6981
    0.3042     -1.7138
    0.3043     -1.7294
    0.3044     -1.7451
    0.3045     -1.7608
    0.3046     -1.7765
    0.3047     -1.7921
    0.3048     -1.8078
    0.3049     -1.8235
    0.3050     -1.8391
    0.3051     -1.8548
    0.3052     -1.8705
    0.3053     -1.8861
    0.3054     -1.9018
    0.3055     -1.9175
    0.3056     -1.9331
    0.3057     -1.9488
    0.3058     -1.9645
    0.3059     -1.9801
    0.3060     -1.9958
    0.3061     -2.0115
    0.3062     -2.0271
    0.3063     -2.0428
    0.3064     -2.0585
    0.3065     -2.0741
    0.3066     -2.0898
    0.3067     -2.1055
    0.3068     -2.1212
    0.3069     -2.1368
    0.3070     -2.1525
    0.3071     -2.1682
    0.3072     -2.1838
    0.3073     -2.1995
    0.3074     -2.2152
    0.3075     -2.2308
    0.3076     -2.2465
    0.3077     -2.2622
    0.3078     -2.2778
    0.3079     -2.2935
    0.3080     -2.3092
    0.3081     -2.3248
    0.3082     -2.3405
    0.3083     -2.3562
    0.3084     -2.3718
    0.3085     -2.3875
    0.3086     -2.4032
    0.3087     -2.4188
    0.3088     -2.4345
    0.3089     -2.4502
    0.3090     -2.4659
    0.3091     -2.4815
    0.3092     -2.4972
    0.3093     -2.5129
    0.3094     -2.5285
    0.3095     -2.5442
    0.3096     -2.5599
    0.3097     -2.5755
    0.3098     -2.5912
    0.3099     -2.6069
    0.3100     -2.6225
    0.3101     -2.6382
    0.3102     -2.6539
    0.3103     -2.6695
    0.3104     -2.6852
    0.3105     -2.7009
    0.3106     -2.7165
    0.3107     -2.7322
    0.3108     -2.7479
    0.3109     -2.7635
    0.3110     -2.7792
    0.3111     -2.7949
    0.3112     -2.8106
    0.3113     -2.8262
    0.3114     -2.8419
    0.3115     -2.8576
    0.3116     -2.8732
    0.3117     -2.8889
    0.3118     -2.9046
    0.3119     -2.9202
    0.3120     -2.9359
    0.3121     -2.9516
    0.3122     -2.9672
    0.3123     -2.9829
    0.3124     -2.9986
    0.3125     -3.0142
    0.3126     -3.0299
    0.3127     -3.0456
    0.3128     -3.0612
    0.3129     -3.0769
    0.3130     -3.0926
    0.3131     -3.1082
    0.3132     -3.1239
    0.3133     -3.1396
    0.3134     -3.1553
    0.3135     -3.1709
    0.3136     -3.1866
    0.3137     -3.2023
    0.3138     -3.2179
    0.3139     -3.2336
    0.3140     -3.2493
    0.3141     -3.2649
    0.3142     -3.2806
    0.3143     -3.2963
    0.3144     -3.3119
    0.3145     -3.3276
    0.3146     -3.3433
    0.3147     -3.3589
    0.3148     -3.3746
    0.3149     -3.3903
    0.3150     -3.4059
    0.3151     -3.4216
    0.3152     -3.4373
    0.3153     -3.4529
    0.3154     -3.4686
    0.3155     -3.4843
    0.3156     -3.5000
    0.3157     -3.5156
    0.3158     -3.5313
    0.3159     -3.5470
    0.3160     -3.5626
    0.3161     -3.5783
    0.3162     -3.5940
    0.3163     -3.6096
    0.3164     -3.6253
    0.3165     -3.6410
    0.3166     -3.6566
    0.3167     -3.6723
    0.3168     -3.6880
    0.3169     -3.7036
    0.3170     -3.7193
    0.3171     -3.7350
    0.3172     -3.7506
    0.3173     -3.7663
    0.3174     -3.7820
    0.3175     -3.7976
    0.3176     -3.8133
    0.3177     -3.8290
    0.3178     -3.8447
    0.3179     -3.8603
    0.3180     -3.8760
    0.3181     -3.8917
    0.3182     -3.9073
    0.3183     -3.9230
    0.3184     -3.9387
    0.3185     -3.9543
    0.3186     -3.9700
    0.3187     -3.9857
    0.3188     -4.0013
    0.3189     -4.0170
    0.3190     -4.0327
    0.3191     -4.0483
    0.3192     -4.0640
    0.3193     -4.0797
    0.3194     -4.0953
    0.3195     -4.1110
    0.3196     -4.1267
    0.3197     -4.1423
    0.3198     -4.1580
    0.3199     -4.1737
    0.3200     -4.1894
    0.3201     -4.2050
    0.3202     -4.2207
    0.3203     -4.2364
    0.3204     -4.2520
    0.3205     -4.2677
    0.3206     -4.2834
    0.3207     -4.2990
    0.3208     -4.3147
    0.3209     -4.3304
    0.3210     -4.3460
    0.3211     -4.3617
    0.3212     -4.3774
    0.3213     -4.3930
    0.3214     -4.4087
    0.3215     -4.4244
    0.3216     -4.4400
    0.3217     -4.4557
    0.3218     -4.4714
    0.3219     -4.4870
    0.3220     -4.5027
    0.3221     -4.5184
    0.3222     -4.5341
    0.3223     -4.5497
    0.3224     -4.5654
    0.3225     -4.5811
    0.3226     -4.5967
    0.3227     -4.6124
    0.3228     -4.6281
    0.3229     -4.6437
    0.3230     -4.6594
    0.3231     -4.6751
    0.3232     -4.6907
    0.3233     -4.7064
    0.3234     -4.7221
    0.3235     -4.7377
    0.3236     -4.7534
    0.3237     -4.7691
    0.3238     -4.7847
    0.3239     -4.8004
    0.3240     -4.8161
    0.3241     -4.8317
    0.3242     -4.8474
    0.3243     -4.8631
    0.3244     -4.8788
    0.3245     -4.8944
    0.3246     -4.9101
    0.3247     -4.9258
    0.3248     -4.9414
    0.3249     -4.9571
    0.3250     -4.9728
    0.3251     -4.9884
    0.3252     -5.0041
    0.3253     -5.0198
    0.3254     -5.0354
    0.3255     -5.0511
    0.3256     -5.0668
    0.3257     -5.0824
    0.3258     -5.0981
    0.3259     -5.1138
    0.3260     -5.1294
    0.3261     -5.1451
    0.3262     -5.1608
    0.3263     -5.1765
    0.3264     -5.1921
    0.3265     -5.2078
    0.3266     -5.2235
    0.3267     -5.2391
    0.3268     -5.2548
    0.3269     -5.2705
    0.3270     -5.2861
    0.3271     -5.3018
    0.3272     -5.3175
    0.3273     -5.3331
    0.3274     -5.3488
    0.3275     -5.3645
    0.3276     -5.3801
    0.3277     -5.3958
    0.3278     -5.4115
    0.3279     -5.4271
    0.3280     -5.4428
    0.3281     -5.4585
    0.3282     -5.4741
    0.3283     -5.4898
    0.3284     -5.5055
    0.3285     -5.5212
    0.3286     -5.5368
    0.3287     -5.5525
    0.3288     -5.5682
    0.3289     -5.5838
    0.3290     -5.5995
    0.3291     -5.6152
    0.3292     -5.6308
    0.3293     -5.6465
    0.3294     -5.6622
    0.3295     -5.6778
    0.3296     -5.6935
    0.3297     -5.7092
    0.3298     -5.7248
    0.3299     -5.7405
    0.3300     -5.7562
    0.3301     -5.7718
    0.3302     -5.7875
    0.3303     -5.8032
    0.3304     -5.8188
    0.3305     -5.8345
    0.3306     -5.8502
    0.3307     -5.8659
    0.3308     -5.8815
    0.3309     -5.8972
    0.3310     -5.9129
    0.3311     -5.9285
    0.3312     -5.9442
    0.3313     -5.9599
    0.3314     -5.9755
    0.3315     -5.9912
    0.3316     -6.0069
    0.3317     -6.0225
    0.3318     -6.0382
    0.3319     -6.0539
    0.3320     -6.0695
    0.3321     -6.0852
    0.3322     -6.1009
    0.3323     -6.1165
    0.3324     -6.1322
    0.3325     -6.1479
    0.3326     -6.1635
    0.3327     -6.1792
    0.3328     -6.1949
    0.3329     -6.2106
    0.3330     -6.2262
    0.3331     -6.2419
    0.3332     -6.2576
    0.3333     -6.2732
    0.3334     -6.2889
    0.3335     -6.3046
    0.3336     -6.3202
    0.3337     -6.3359
    0.3338     -6.3516
    0.3339     -6.3672
    0.3340     -6.3829
    0.3341     -6.3986
    0.3342     -6.4142
    0.3343     -6.4299
    0.3344     -6.4456
    0.3345     -6.4612
    0.3346     -6.4769
    0.3347     -6.4926
    0.3348     -6.5082
    0.3349     -6.5239
    0.3350     -6.5396
    0.3351     -6.5553
    0.3352     -6.5709
    0.3353     -6.5866
    0.3354     -6.6023
    0.3355     -6.6179
    0.3356     -6.6336
    0.3357     -6.6493
    0.3358     -6.6649
    0.3359     -6.6806
    0.3360     -6.6963
    0.3361     -6.7119
    0.3362     -6.7276
    0.3363     -6.7433
    0.3364     -6.7589
    0.3365     -6.7746
    0.3366     -6.7903
    0.3367     -6.8059
    0.3368     -6.8216
    0.3369     -6.8373
    0.3370     -6.8529
    0.3371     -6.8686
    0.3372     -6.8843
    0.3373     -6.9000
    0.3374     -6.9156
    0.3375     -6.9313
    0.3376     -6.9470
    0.3377     -6.9626
    0.3378     -6.9783
    0.3379     -6.9940
    0.3380     -7.0096
    0.3381     -7.0253
    0.3382     -7.0410
    0.3383     -7.0566
    0.3384     -7.0723
    0.3385     -7.0880
    0.3386     -7.1036
    0.3387     -7.1193
    0.3388     -7.1350
    0.3389     -7.1506
    0.3390     -7.1663
    0.3391     -7.1820
    0.3392     -7.1976
    0.3393     -7.2133
    0.3394     -7.2290
    0.3395     -7.2447
    0.3396     -7.2603
    0.3397     -7.2760
    0.3398     -7.2917
    0.3399     -7.3073
    0.3400     -7.3230
    0.3401     -7.3387
    0.3402     -7.3543
    0.3403     -7.3700
    0.3404     -7.3857
    0.3405     -7.4013
    0.3406     -7.4170
    0.3407     -7.4327
    0.3408     -7.4483
    0.3409     -7.4640
    0.3410     -7.4797
    0.3411     -7.4953
    0.3412     -7.5110
    0.3413     -7.5267
    0.3414     -7.5423
    0.3415     -7.5580
    0.3416     -7.5737
    0.3417     -7.5894
    0.3418     -7.6050
    0.3419     -7.6207
    0.3420     -7.6364
    0.3421     -7.6520
    0.3422     -7.6677
    0.3423     -7.6834
    0.3424     -7.6990
    0.3425     -7.7147
    0.3426     -7.7304
    0.3427     -7.7460
    0.3428     -7.7617
    0.3429     -7.7774
    0.3430     -7.7930
    0.3431     -7.8087
    0.3432     -7.8244
    0.3433     -7.8400
    0.3434     -7.8557
    0.3435     -7.8714
    0.3436     -7.8870
    0.3437     -7.9027
    0.3438     -7.9184
    0.3439     -7.9341
    0.3440     -7.9497
    0.3441     -7.9654
    0.3442     -7.9811
    0.3443     -7.9967
    0.3444     -8.0124
    0.3445     -8.0281
    0.3446     -8.0437
    0.3447     -8.0594
    0.3448     -8.0751
    0.3449     -8.0907
    0.3450     -8.1064
    0.3451     -8.1221
    0.3452     -8.1377
    0.3453     -8.1534
    0.3454     -8.1691
    0.3455     -8.1847
    0.3456     -8.2004
    0.3457     -8.2161
    0.3458     -8.2317
    0.3459     -8.2474
    0.3460     -8.2631
    0.3461     -8.2788
    0.3462     -8.2944
    0.3463     -8.3101
    0.3464     -8.3258
    0.3465     -8.3414
    0.3466     -8.3571
    0.3467     -8.3728
    0.3468     -8.3884
    0.3469     -8.4041
    0.3470     -8.4198
    0.3471     -8.4354
    0.3472     -8.4511
    0.3473     -8.4668
    0.3474     -8.4824
    0.3475     -8.4981
    0.3476     -8.5138
    0.3477     -8.5294
    0.3478     -8.5451
    0.3479     -8.5608
    0.3480     -8.5765
    0.3481     -8.5921
    0.3482     -8.6078
    0.3483     -8.6235
    0.3484     -8.6391
    0.3485     -8.6548
    0.3486     -8.6705
    0.3487     -8.6861
    0.3488     -8.7018
    0.3489     -8.7175
    0.3490     -8.7331
    0.3491     -8.7488
    0.3492     -8.7645
    0.3493     -8.7801
    0.3494     -8.7958
    0.3495     -8.8115
    0.3496     -8.8271
    0.3497     -8.8428
    0.3498     -8.8585
    0.3499     -8.8741
    0.3500     -8.8898
    0.3501     -8.9055
    0.3502     -8.9212
    0.3503     -8.9368
    0.3504     -8.9525
    0.3505     -8.9682
    0.3506     -8.9838
    0.3507     -8.9995
    0.3508     -9.0152
    0.3509     -9.0308
    0.3510     -9.0465
    0.3511     -9.0622
    0.3512     -9.0778
    0.3513     -9.0935
    0.3514     -9.1092
    0.3515     -9.1248
    0.3516     -9.1405
    0.3517     -9.1562
    0.3518     -9.1718
    0.3519     -9.1875
    0.3520     -9.2032
    0.3521     -9.2188
    0.3522     -9.2345
    0.3523     -9.2502
    0.3524     -9.2659
    0.3525     -9.2815
    0.3526     -9.2972
    0.3527     -9.3129
    0.3528     -9.3285
    0.3529     -9.3442
    0.3530     -9.3599
    0.3531     -9.3755
    0.3532     -9.3912
    0.3533     -9.4069
    0.3534     -9.4225
    0.3535     -9.4382
    0.3536     -9.4539
    0.3537     -9.4695
    0.3538     -9.4852
    0.3539     -9.5009
    0.3540     -9.5165
    0.3541     -9.5322
    0.3542     -9.5479
    0.3543     -9.5635
    0.3544     -9.5792
    0.3545     -9.5949
    0.3546     -9.6106
    0.3547     -9.6262
    0.3548     -9.6419
    0.3549     -9.6576
    0.3550     -9.6732
    0.3551     -9.6889
    0.3552     -9.7046
    0.3553     -9.7202
    0.3554     -9.7359
    0.3555     -9.7516
    0.3556     -9.7672
    0.3557     -9.7829
    0.3558     -9.7986
    0.3559     -9.8142
    0.3560     -9.8299
    0.3561     -9.8456
    0.3562     -9.8612
    0.3563     -9.8769
    0.3564     -9.8926
    0.3565     -9.9082
    0.3566     -9.9239
    0.3567     -9.9396
    0.3568     -9.9553
    0.3569     -9.9709
    0.3570     -9.9866
    0.3571    -10.0023
