#      D        Lambda      PHIo= 0.665
0.0001    40.2697
0.00127     40.90810
0.00152     40.93688
0.00177     40.96566
0.00202     40.99444
0.00228     41.02322
0.00253     41.05200
0.00278     41.08078
0.00304     41.10956
0.00329     41.13834
0.00354     41.16712
0.00380     41.19590
0.00405     41.22468
0.00409     41.25451
0.00412     41.28434
0.00416     41.31417
0.00420     41.34400
0.00424     41.37383
0.00427     41.40366
0.00431     41.43349
0.00435     41.46332
0.00439     41.49315
0.00442     41.52298
0.00446     41.55281
0.00452     41.58149
0.00458     41.61016
0.00464     41.63884
0.00471     41.66751
0.00477     41.69619
0.00483     41.72486
0.00489     41.75354
0.00495     41.78221
0.00501     41.81089
0.00507     41.83956
0.00513     41.86824
0.00519     41.89736
0.00524     41.92648
0.00529     41.95560
0.00534     41.98472
0.00539     42.01385
0.00544     42.04297
0.00549     42.07209
0.00554     42.10121
0.00559     42.13034
0.00564     42.15946
0.00569     42.18858
0.00573     42.21827
0.00578     42.24796
0.00582     42.27765
0.00586     42.30735
0.00591     42.33704
0.00595     42.36673
0.00600     42.39642
0.00604     42.42611
0.00608     42.45580
0.00613     42.48549
0.00617     42.51519
0.00620     42.54445
0.00624     42.57372
0.00627     42.60298
0.00631     42.63225
0.00634     42.66151
0.00638     42.69078
0.00641     42.72004
0.00645     42.74931
0.00649     42.77857
0.00652     42.80784
0.00656     42.83710
0.00663     42.86571
0.00670     42.89431
0.00677     42.92292
0.00685     42.95152
0.00692     42.98013
0.00699     43.00873
0.00706     43.03734
0.00714     43.06594
0.00721     43.09455
0.00728     43.12315
0.00735     43.15175
0.00744     43.17997
0.00753     43.20819
0.00762     43.23641
0.00771     43.26463
0.00779     43.29285
0.00788     43.32106
0.00797     43.34928
0.00806     43.37750
0.00814     43.40572
0.00823     43.43394
0.00832     43.46215
0.00842     43.49029
0.00852     43.51842
0.00862     43.54656
0.00872     43.57469
0.00882     43.60283
0.00892     43.63096
0.00902     43.65909
0.00912     43.68723
0.00922     43.71536
0.00932     43.74350
0.00942     43.77163
0.00952     43.79968
0.00963     43.82773
0.00973     43.85579
0.00983     43.88384
0.00994     43.91189
0.01004     43.93994
0.01014     43.96800
0.01025     43.99605
0.01035     44.02410
0.01045     44.05215
0.01056     44.08020
0.01064     44.10740
0.01073     44.13461
0.01082     44.16181
0.01091     44.18901
0.01100     44.21621
0.01109     44.24340
0.01118     44.27060
0.01127     44.29780
0.01136     44.32500
0.01145     44.35220
0.01154     44.37940
0.01163     44.40684
0.01173     44.43427
0.01182     44.46170
0.01191     44.48914
0.01201     44.51657
0.01210     44.54400
0.01219     44.57143
0.01229     44.59887
0.01238     44.62630
0.01247     44.65373
0.01256     44.68117
0.01267     44.70749
0.01277     44.73381
0.01287     44.76014
0.01297     44.78646
0.01308     44.81279
0.01318     44.83911
0.01328     44.86543
0.01338     44.89176
0.01349     44.91808
0.01359     44.94441
0.01369     44.97073
0.01379     44.99705
0.01388     45.02336
0.01398     45.04968
0.01407     45.07599
0.01417     45.10231
0.01427     45.12863
0.01436     45.15494
0.01446     45.18126
0.01455     45.20757
0.01465     45.23389
0.01475     45.26020
0.01486     45.28723
0.01498     45.31426
0.01510     45.34129
0.01522     45.36831
0.01534     45.39534
0.01546     45.42237
0.01558     45.44940
0.01570     45.47642
0.01582     45.50345
0.01594     45.53048
0.01606     45.55750
0.01622     45.58248
0.01638     45.60746
0.01653     45.63244
0.01669     45.65741
0.01685     45.68239
0.01701     45.70737
0.01717     45.73234
0.01733     45.75732
0.01748     45.78230
0.01764     45.80727
0.01780     45.83225
0.01795     45.85757
0.01810     45.88289
0.01825     45.90821
0.01840     45.93352
0.01855     45.95884
0.01870     45.98416
0.01885     46.00948
0.01900     46.03480
0.01915     46.06012
0.01930     46.08544
0.01946     46.11076
0.01956     46.15207
0.01966     46.19339
0.01977     46.23471
0.01987     46.27603
0.01998     46.31734
0.02008     46.35866
0.02018     46.39998
0.02029     46.44130
0.02039     46.48261
0.02050     46.52393
0.02060     46.56525
0.02069     46.62245
0.02078     46.67964
0.02087     46.73684
0.02096     46.79403
0.02105     46.85123
0.02113     46.90842
0.02122     46.96562
0.02131     47.02281
0.02140     47.08001
0.02149     47.13720
0.02158     47.19440
0.02167     47.25121
0.02175     47.30802
0.02184     47.36483
0.02193     47.42164
0.02202     47.47845
0.02210     47.53526
0.02219     47.59207
0.02228     47.64888
0.02237     47.70569
0.02245     47.76250
0.02254     47.81932
0.02265     47.87708
0.02277     47.93484
0.02288     47.99260
0.02299     48.05036
0.02311     48.10813
0.02322     48.16589
0.02333     48.22365
0.02345     48.28141
0.02356     48.33918
0.02367     48.39694
0.02378     48.45470
0.02390     48.51249
0.02401     48.57028
0.02412     48.62807
0.02423     48.68586
0.02434     48.74365
0.02445     48.80145
0.02456     48.85924
0.02467     48.91703
0.02478     48.97482
0.02489     49.03261
0.02500     49.09040
0.02510     49.14892
0.02520     49.20743
0.02530     49.26595
0.02540     49.32447
0.02550     49.38298
0.02561     49.44150
0.02571     49.50002
0.02581     49.55853
0.02591     49.61705
0.02601     49.67557
0.02611     49.73409
0.02617     49.79437
0.02623     49.85465
0.02629     49.91493
0.02635     49.97521
0.02641     50.03549
0.02647     50.09578
0.02653     50.15606
0.02659     50.21634
0.02665     50.27662
0.02671     50.33690
0.02677     50.39718
0.02687     50.45691
0.02697     50.51664
0.02707     50.57637
0.02717     50.63609
0.02727     50.69582
0.02738     50.75555
0.02748     50.81527
0.02758     50.87500
0.02768     50.93473
0.02778     50.99445
0.02788     51.05418
0.02800     51.11415
0.02811     51.17412
0.02823     51.23409
0.02835     51.29405
0.02846     51.35402
0.02858     51.41399
0.02870     51.47396
0.02881     51.53393
0.02893     51.59390
0.02905     51.65387
0.02916     51.71384
0.02927     51.77322
0.02937     51.83260
0.02947     51.89198
0.02958     51.95135
0.02968     52.01074
0.02978     52.07012
0.02988     52.12950
0.02999     52.18888
0.03009     52.24826
0.03019     52.30764
0.03030     52.36702
0.03040     52.42859
0.03051     52.49016
0.03062     52.55173
0.03073     52.61330
0.03084     52.67487
0.03095     52.73644
0.03106     52.79801
0.03117     52.85959
0.03128     52.92116
0.03139     52.98273
0.03150     53.04430
0.03164     53.10484
0.03178     53.16539
0.03191     53.22593
0.03205     53.28648
0.03219     53.34702
0.03233     53.40756
0.03247     53.46811
0.03261     53.52865
0.03274     53.58920
0.03288     53.64974
0.03302     53.71028
0.03313     53.77028
0.03324     53.83027
0.03336     53.89026
0.03347     53.95025
0.03358     54.01025
0.03369     54.07024
0.03381     54.13023
0.03392     54.19022
0.03403     54.25022
0.03414     54.31021
0.03426     54.37020
0.03434     54.42908
0.03442     54.48796
0.03450     54.54684
0.03459     54.60572
0.03467     54.66460
0.03475     54.72347
0.03484     54.78235
0.03492     54.84123
0.03500     54.90011
0.03509     54.95899
0.03517     55.01787
0.03523     55.07822
0.03529     55.13857
0.03534     55.19892
0.03540     55.25927
0.03546     55.31962
0.03552     55.37997
0.03557     55.44032
0.03563     55.50067
0.03569     55.56102
0.03575     55.62137
0.03581     55.68171
0.03586     55.74231
0.03592     55.80290
0.03598     55.86350
0.03604     55.92409
0.03610     55.98469
0.03616     56.04528
0.03622     56.10587
0.03628     56.16647
0.03634     56.22706
0.03640     56.28766
0.03646     56.34825
0.03657     56.40890
0.03667     56.46954
0.03678     56.53019
0.03688     56.59083
0.03699     56.65148
0.03709     56.71212
0.03720     56.77277
0.03730     56.83341
0.03741     56.89406
0.03751     56.95470
0.03762     57.01535
0.03771     57.07590
0.03781     57.13646
0.03790     57.19701
0.03800     57.25757
0.03809     57.31812
0.03819     57.37868
0.03828     57.43923
0.03838     57.49979
0.03847     57.56034
0.03857     57.62090
0.03866     57.68145
0.03873     57.74230
0.03879     57.80316
0.03886     57.86401
0.03893     57.92487
0.03900     57.98572
0.03906     58.04658
0.03913     58.10743
0.03920     58.16829
0.03927     58.22914
0.03933     58.29000
0.03940     58.35085
0.03946     58.41335
0.03952     58.47585
0.03958     58.53834
0.03965     58.60084
0.03971     58.66334
0.03977     58.72584
0.03983     58.78834
0.03989     58.85084
0.03995     58.91333
0.04001     58.97583
0.04007     59.03833
0.04008     59.10026
0.04009     59.16218
0.04009     59.22411
0.04009     59.28603
0.04010     59.34796
0.04011     59.40989
0.04011     59.47181
0.04011     59.53374
0.04012     59.59566
0.04013     59.65759
0.04013     59.71952
0.04014     59.78099
0.04014     59.84246
0.04015     59.90393
0.04016     59.96540
0.04017     60.02687
0.04017     60.08834
0.04018     60.14981
0.04019     60.21128
0.04020     60.27275
0.04020     60.33422
0.04021     60.39569
0.04024     60.45592
0.04026     60.51615
0.04029     60.57638
0.04031     60.63662
0.04034     60.69685
0.04037     60.75708
0.04039     60.81732
0.04042     60.87755
0.04044     60.93778
0.04047     60.99802
0.04050     61.05825
0.04054     61.11741
0.04059     61.17657
0.04063     61.23573
0.04068     61.29489
0.04073     61.35405
0.04077     61.41321
0.04082     61.47237
0.04087     61.53153
0.04091     61.59069
0.04096     61.64985
0.04100     61.70901
0.04105     61.76981
0.04110     61.83060
0.04115     61.89140
0.04120     61.95219
0.04125     62.01299
0.04130     62.07378
0.04135     62.13457
0.04140     62.19537
0.04145     62.25616
0.04150     62.31696
0.04154     62.37775
0.04161     62.43783
0.04167     62.49790
0.04174     62.55798
0.04180     62.61805
0.04187     62.67813
0.04193     62.73821
0.04199     62.79828
0.04206     62.85836
0.04212     62.91843
0.04219     62.97851
0.04225     63.03858
0.04233     63.10072
0.04241     63.16284
0.04248     63.22498
0.04256     63.28710
0.04264     63.34924
0.04272     63.41136
0.04279     63.47349
0.04287     63.53562
0.04295     63.59775
0.04303     63.65988
0.04310     63.72201
0.04316     63.78231
0.04321     63.84261
0.04327     63.90291
0.04332     63.96320
0.04338     64.02350
0.04343     64.08380
0.04349     64.14409
0.04354     64.20439
0.04360     64.26469
0.04365     64.32498
0.04370     64.38528
0.04376     64.44614
0.04381     64.50701
0.04387     64.56787
0.04392     64.62874
0.04398     64.68960
0.04403     64.75046
0.04409     64.81133
0.04414     64.87219
0.04420     64.93306
0.04425     64.99392
0.04430     65.05479
0.04435     65.04047
0.04440     65.02615
0.04445     65.01184
0.04450     64.99752
0.04455     64.98321
0.04460     64.96889
0.04465     64.95458
0.04470     64.94026
0.04475     64.92595
0.04480     64.91163
0.04484     64.89732
0.04490     64.88330
0.04495     64.86929
0.04500     64.85527
0.04505     64.84126
0.04510     64.82724
0.04515     64.81323
0.04520     64.79921
0.04525     64.78520
0.04530     64.77118
0.04535     64.75717
0.04540     64.74315
0.04544     64.72765
0.04548     64.71215
0.04552     64.69666
0.04556     64.68116
0.04560     64.66566
0.04565     64.65016
0.04569     64.63466
0.04573     64.61916
0.04577     64.60367
0.04581     64.58817
0.04585     64.57267
0.04585     64.55721
0.04585     64.54176
0.04585     64.52630
0.04585     64.51084
0.04585     64.49539
0.04585     64.47993
0.04585     64.46448
0.04585     64.44902
0.04585     64.43356
0.04585     64.41811
0.04585     64.40265
0.04589     64.38850
0.04593     64.37436
0.04597     64.36021
0.04601     64.34607
0.04605     64.33192
0.04610     64.31778
0.04614     64.30363
0.04618     64.28949
0.04622     64.27534
0.04626     64.26120
0.04630     64.24705
0.04637     64.30610
0.04644     64.36514
0.04650     64.42419
0.04657     64.48323
0.04664     64.54228
0.04671     64.60132
0.04678     64.66037
0.04685     64.71941
0.04691     64.77846
0.04698     64.83750
0.04705     64.89655
0.04705     64.95572
0.04705     65.01488
0.04705     65.07405
0.04705     65.13321
0.04705     65.19238
0.04705     65.25154
0.04705     65.31071
0.04705     65.36987
0.04705     65.42904
0.04705     65.48820
0.04705     65.54737
0.04705     65.60653
0.04705     65.66570
0.04705     65.72486
0.04705     65.78403
0.04705     65.84319
0.04705     65.90236
0.04705     65.96152
0.04705     66.02069
0.04705     66.07985
0.04705     66.13902
0.04705     66.19818
0.04705     66.25735
0.04705     66.31651
0.04705     66.37568
0.04705     66.43484
0.04705     66.49401
0.04705     66.55317
0.04705     66.61234
0.04705     66.67150
0.04705     66.73067
0.04705     66.78983
0.04705     66.84900
0.04705     66.90817
0.04705     66.96733
0.04705     67.02650
0.04705     67.08566
0.04705     67.14483
0.04705     67.20399
0.04705     67.26316
0.04705     67.32232
0.04705     67.38149
0.04705     67.44065
0.04705     67.49982
0.04705     67.55898
0.04705     67.61815
0.04705     67.67731
0.04705     67.73648
0.04705     67.79564
0.04705     67.85481
0.04705     67.91397
0.04705     67.97314
0.04705     68.03230
0.04705     68.09147
0.04705     68.15063
0.04705     68.20980
0.04705     68.26896
0.04705     68.32813
0.04705     68.38729
0.04705     68.44646
0.04705     68.50562
0.04705     68.56479
0.04705     68.62395
0.04705     68.68312
0.04705     68.74228
0.04705     68.80145
0.04705     68.78599
0.04705     68.77054
0.04705     68.75508
0.04705     68.73963
0.04705     68.72417
0.04705     68.70871
0.04705     68.69326
0.04705     68.67780
0.04705     68.66235
0.04705     68.64689
0.04705     68.63144
0.04705     68.61598
0.04705     68.60052
0.04705     68.58507
0.04705     68.56961
0.04705     68.55416
0.04705     68.53870
0.04705     68.52324
0.04705     68.50779
0.04705     68.49233
0.04705     68.47688
0.04705     68.46142
0.04705     68.52058
0.04705     68.57975
0.04705     68.63891
0.04705     68.69808
0.04705     68.75724
0.04705     68.81641
0.04705     68.87557
0.04705     68.93474
0.04705     68.99390
0.04705     69.05307
0.04705     69.11223
0.04705     69.17140
0.04705     69.23056
0.04705     69.28973
0.04705     69.34889
0.04705     69.40806
0.04705     69.46722
0.04705     69.52639
0.04705     69.58555
0.04705     69.64472
0.04705     69.70388
0.04705     69.76305
0.04711     69.82291
0.04717     69.88277
0.04723     69.94263
0.04728     70.00249
0.04734     70.06235
0.04740     70.12220
0.04746     70.18206
0.04752     70.24192
0.04758     70.30178
0.04764     70.36164
0.04770     70.42150
0.04776     70.48056
0.04782     70.53962
0.04789     70.59868
0.04795     70.65774
0.04802     70.71680
0.04808     70.77585
0.04814     70.83491
0.04821     70.89397
0.04827     70.95303
0.04834     71.01209
0.04840     71.07115
0.04840     71.13031
0.04840     71.18948
0.04840     71.24864
0.04840     71.30780
0.04840     71.36697
0.04840     71.42613
0.04840     71.48530
0.04840     71.54446
0.04840     71.60362
0.04840     71.66279
0.04840     71.72195
0.04840     71.70649
0.04840     71.69104
0.04840     71.67558
0.04840     71.66013
0.04840     71.64467
0.04840     71.62921
0.04840     71.61376
0.04840     71.59830
0.04840     71.58285
0.04840     71.56739
0.04840     71.55194
0.04840     71.53648
0.04840     71.52102
0.04840     71.50557
0.04840     71.49011
0.04840     71.47466
0.04840     71.45920
0.04840     71.44374
0.04840     71.42829
0.04840     71.41283
0.04840     71.39738
0.04840     71.38192
0.04840     71.36646
0.04840     71.35101
0.04840     71.33555
0.04840     71.32009
0.04840     71.30464
0.04840     71.28918
0.04840     71.27373
0.04840     71.25827
0.04840     71.24281
0.04840     71.22736
0.04840     71.21190
0.04840     71.25781
0.04840     71.30371
0.04840     71.34962
0.04840     71.39552
0.04840     71.44142
0.04840     71.48733
0.04840     71.53323
0.04840     71.57914
0.04840     71.62504
0.04840     71.67095
0.04840     71.71685
0.04840     71.81973
0.04840     71.92260
0.04840     72.02548
0.04840     72.12835
0.04840     72.23123
0.04840     72.33410
0.04840     72.43697
0.04840     72.53985
0.04840     72.64272
0.04840     72.74560
0.04840     72.84847
0.04840     72.95134
0.04840     73.05422
0.04840     73.15709
0.04840     73.25997
0.04840     73.36284
0.04840     73.46572
0.04840     73.56859
0.04840     73.67147
0.04840     73.77434
0.04840     73.87722
0.04840     73.98009
0.04840     74.08296
0.04840     74.18584
0.04840     74.28871
0.04840     74.39159
0.04840     74.49446
0.04840     74.59733
0.04840     74.70021
0.04840     74.80308
0.04840     74.90596
0.04840     75.00883
0.04840     75.11171
0.04840     75.13996
0.04840     75.16821
0.04840     75.19646
0.04840     75.22472
0.04840     75.25297
0.04840     75.28122
0.04840     75.30948
0.04840     75.33773
0.04840     75.36598
0.04840     75.39424
0.04840     75.42249
0.04840     75.45074
0.04840     75.47900
0.04840     75.50725
0.04840     75.53550
0.04840     75.56375
0.04840     75.59201
0.04840     75.62026
0.04840     75.64851
0.04840     75.67676
0.04840     75.70502
0.04840     75.73327
0.04840     75.76152
0.04840     75.78978
0.04840     75.81803
0.04840     75.84628
0.04840     75.87454
0.04840     75.90279
0.04840     75.93104
0.04840     75.95930
0.04840     75.98755
0.04840     76.01580
0.04840     76.04405
0.04840     76.07231
0.04840     76.10056
0.04840     76.12881
0.04840     76.15707
0.04840     76.18532
0.04840     76.21357
0.04840     76.24183
0.04840     76.27008
0.04840     76.29833
0.04840     76.32659
0.04840     76.35484
0.04840     76.38309
0.04840     76.41135
0.04840     76.43960
0.04840     76.46785
0.04840     76.49610
0.04840     76.52436
0.04840     76.55261
0.04840     76.58086
0.04840     76.60911
0.04840     76.63737
0.04840     76.66562
0.04840     76.69387
0.04840     76.72213
0.04840     76.75038
0.04840     76.77863
0.04840     76.80689
0.04840     76.83514
0.04840     76.86339
0.04840     76.89165
0.04840     76.91990
0.04840     76.94815
0.04840     76.97640
0.04840     77.00466
0.04840     77.03291
0.04840     77.06116
0.04840     77.08942
0.04840     77.11767
0.04840     77.14592
0.04840     77.17418
0.04840     77.20243
0.04840     77.23068
0.04840     77.25894
0.04840     77.28719
0.04840     77.31544
0.04840     77.34370
0.04840     77.37195
0.04840     77.40020
0.04840     77.42845
0.04840     77.45671
0.04840     77.48496
0.04840     77.51321
0.04840     77.54146
0.04840     77.56972
0.04840     77.59797
0.04840     77.62622
0.04840     77.65448
0.04840     77.68273
0.04840     77.71098
0.04840     77.73924
0.04840     77.76749
0.04840     77.79574
0.04840     77.82400
0.04840     77.85225
0.04840     77.88050
0.04840     77.90876
0.04840     77.93701
0.04840     77.96526
0.04840     77.99351
0.04840     78.02177
0.04840     78.05002
0.04840     78.07827
0.04840     78.10653
0.04840     78.13478
0.04840     78.16303
0.04840     78.19129
0.04840     78.21954
0.04840     78.24779
0.04840     78.27605
0.04840     78.30430
0.04840     78.33255
0.04840     78.36080
0.04840     78.38906
0.04840     78.41731
0.04840     78.44556
0.04840     78.47381
0.04840     78.50207
0.04840     78.53032
0.04840     78.55857
0.04840     78.58683
0.04840     78.61508
0.04840     78.64333
0.04840     78.67159
0.04840     78.69984
0.04840     78.72809
0.04840     78.75635
0.04840     78.78460
0.04840     78.81285
0.04840     78.84110
0.04840     78.86936
0.04840     78.89761
0.04840     78.92586
0.04840     78.95412
0.04840     78.98237
0.04840     79.01062
0.04840     79.03888
0.04840     79.06713
0.04840     79.09538
0.04840     79.12364
0.04840     79.15189
0.04840     79.19656
0.04840     79.24123
0.04840     79.28590
0.04840     79.33057
0.04840     79.37524
0.04840     79.41992
0.04840     79.46459
0.04840     79.50926
0.04840     79.55393
0.04840     79.59860
0.04840     79.64327
0.04840     79.70243
0.04840     79.76160
0.04840     79.82076
0.04840     79.87993
0.04840     79.93909
0.04840     79.99826
0.04840     80.05742
0.04840     80.11659
0.04840     80.17575
0.04840     80.23492
0.04840     80.29408
0.04840     80.35325
0.04840     80.41241
0.04840     80.47158
0.04840     80.53074
0.04840     80.58991
0.04840     80.64907
0.04840     80.70824
0.04840     80.76740
0.04840     80.82657
0.04840     80.88573
0.04840     80.94490
0.04840     81.00407
0.04840     81.06323
0.04840     81.12240
0.04840     81.18156
0.04840     81.24073
0.04840     81.29989
0.04840     81.35906
0.04840     81.41822
0.04840     81.47739
0.04840     81.53655
0.04840     81.59572
0.04840     81.65488
0.04840     81.71405
0.04840     81.77321
0.04840     81.83238
0.04840     81.89154
0.04840     81.95071
0.04840     82.00987
0.04840     82.06904
0.04840     82.12820
0.04840     82.18737
0.04840     82.24653
0.04840     82.30570
0.04840     82.36486
0.04840     82.42403
0.04840     82.48319
0.04840     82.54236
0.04840     82.60152
0.04840     82.66069
0.04840     82.71985
0.04840     82.77902
0.04840     82.83818
0.04840     82.89735
0.04840     82.95652
0.04840     83.01568
0.04840     83.07485
0.04840     83.13401
0.04840     83.19318
0.04840     83.25234
0.04840     83.31151
0.04840     83.37067
0.04840     83.42984
0.04840     83.48900
0.04840     83.54817
0.04840     83.58555
0.04840     83.62293
0.04840     83.66031
0.04840     83.69768
0.04840     83.73506
0.04840     83.77244
0.04840     83.80982
0.04840     83.84720
0.04840     83.88458
0.04840     83.92196
0.04840     83.95934
0.04840     83.95934
