0.364    85.0195
0.36662     83.60926
0.36672     83.50333
0.36682     83.39739
0.36692     83.29145
0.36703     83.18551
0.36713     83.07958
0.36723     82.97364
0.36734     82.86770
0.36744     82.76176
0.36754     82.65583
0.36765     82.54989
0.36775     82.44395
0.36785     82.33802
0.36796     82.23208
0.36806     82.12615
0.36816     82.02022
0.36827     81.91428
0.36837     81.80835
0.36847     81.70242
0.36858     81.59648
0.36868     81.49055
0.36878     81.38462
0.36889     81.27868
0.36899     81.17275
0.36909     81.06681
0.36919     80.96088
0.36930     80.85495
0.36940     80.74901
0.36950     80.64307
0.36960     80.53714
0.36971     80.43120
0.36981     80.32527
0.36991     80.21934
0.37001     80.11340
0.37012     80.00746
0.37022     79.90153
0.37032     79.79559
0.37043     79.68965
0.37053     79.58372
0.37063     79.47778
0.37074     79.37185
0.37084     79.26591
0.37094     79.15997
0.37105     79.05404
0.37115     78.94810
0.37125     78.84217
0.37136     78.73623
0.37146     78.63030
0.37156     78.52437
0.37167     78.41843
0.37177     78.31250
0.37187     78.20657
0.37198     78.10063
0.37208     77.99470
0.37218     77.88877
0.37228     77.78284
0.37239     77.67690
0.37249     77.57096
0.37259     77.46502
0.37270     77.35908
0.37280     77.25314
0.37290     77.14721
0.37300     77.04127
0.37311     76.93533
0.37321     76.82939
0.37331     76.72345
0.37341     76.61751
0.37384     76.52383
0.37427     76.43014
0.37469     76.33645
0.37512     76.24276
0.37555     76.14908
0.37597     76.05539
0.37640     75.96170
0.37683     75.86801
0.37725     75.77433
0.37768     75.68064
0.37811     75.58695
0.37854     75.49238
0.37897     75.39780
0.37940     75.30323
0.37983     75.20866
0.38026     75.11408
0.38069     75.01951
0.38112     74.92494
0.38155     74.83036
0.38198     74.73579
0.38241     74.64122
0.38284     74.54665
0.38317     74.44847
0.38349     74.35029
0.38382     74.25211
0.38414     74.15393
0.38447     74.05575
0.38479     73.95757
0.38511     73.85939
0.38544     73.76121
0.38576     73.66303
0.38609     73.56485
0.38641     73.46667
0.38677     73.36872
0.38712     73.27078
0.38747     73.17284
0.38783     73.07490
0.38818     72.97695
0.38853     72.87901
0.38888     72.78107
0.38924     72.68313
0.38959     72.58518
0.38994     72.48724
0.39029     72.38930
0.39073     72.29544
0.39116     72.20158
0.39159     72.10773
0.39202     72.01387
0.39245     71.92001
0.39288     71.82615
0.39331     71.73230
0.39374     71.63844
0.39417     71.54458
0.39460     71.45072
0.39503     71.35686
0.39545     71.26252
0.39587     71.16818
0.39628     71.07384
0.39670     70.97950
0.39712     70.88516
0.39753     70.79082
0.39795     70.69648
0.39837     70.60214
0.39878     70.50780
0.39920     70.41346
0.39961     70.31911
0.40007     70.22616
0.40053     70.13320
0.40099     70.04024
0.40145     69.94728
0.40191     69.85432
0.40237     69.76136
0.40283     69.66840
0.40329     69.57544
0.40375     69.48248
0.40421     69.38952
0.40467     69.29656
0.40507     69.20170
0.40548     69.10684
0.40588     69.01198
0.40628     68.91712
0.40668     68.82226
0.40709     68.72740
0.40749     68.63254
0.40789     68.53768
0.40829     68.44282
0.40870     68.34796
0.40910     68.25310
0.40948     68.15684
0.40986     68.06058
0.41024     67.96432
0.41063     67.86807
0.41101     67.77181
0.41139     67.67555
0.41177     67.57929
0.41215     67.48303
0.41253     67.38677
0.41291     67.29051
0.41329     67.19425
0.41372     67.09936
0.41414     67.00447
0.41457     66.90958
0.41499     66.81469
0.41541     66.71980
0.41584     66.62490
0.41626     66.53001
0.41668     66.43512
0.41711     66.34023
0.41753     66.24534
0.41796     66.15045
0.41841     66.05767
0.41887     65.96490
0.41932     65.87212
0.41978     65.77935
0.42023     65.68658
0.42069     65.59380
0.42114     65.50103
0.42160     65.40826
0.42205     65.31548
0.42251     65.22271
0.42297     65.12993
0.42339     65.03595
0.42382     64.94196
0.42424     64.84797
0.42467     64.75398
0.42509     64.65999
0.42552     64.56600
0.42594     64.47201
0.42637     64.37802
0.42679     64.28403
0.42722     64.19004
0.42765     64.09605
0.42802     63.99946
0.42840     63.90287
0.42877     63.80627
0.42915     63.70968
0.42953     63.61309
0.42990     63.51650
0.43028     63.41990
0.43066     63.32331
0.43103     63.22672
0.43141     63.13013
0.43178     63.03354
0.43232     62.94567
0.43285     62.85781
0.43339     62.76994
0.43392     62.68208
0.43446     62.59422
0.43499     62.50635
0.43553     62.41849
0.43606     62.33063
0.43660     62.24276
0.43713     62.15490
0.43767     62.06704
0.43815     61.97563
0.43863     61.88423
0.43911     61.79283
0.43959     61.70143
0.44007     61.61003
0.44055     61.51863
0.44103     61.42723
0.44152     61.33583
0.44200     61.24443
0.44248     61.15303
0.44296     61.06163
0.44340     60.96802
0.44384     60.87441
0.44428     60.78080
0.44472     60.68718
0.44516     60.59357
0.44560     60.49996
0.44604     60.40635
0.44648     60.31274
0.44692     60.21913
0.44736     60.12552
0.44781     60.03190
0.44831     59.94129
0.44881     59.85067
0.44931     59.76006
0.44981     59.66944
0.45031     59.57883
0.45081     59.48821
0.45131     59.39760
0.45181     59.30698
0.45231     59.21637
0.45281     59.12575
0.45331     59.03514
0.45380     58.94380
0.45429     58.85246
0.45478     58.76113
0.45527     58.66979
0.45576     58.57845
0.45624     58.48712
0.45673     58.39578
0.45722     58.30444
0.45771     58.21311
0.45820     58.12177
0.45869     58.03043
0.45910     57.93591
0.45952     57.84138
0.45993     57.74686
0.46034     57.65233
0.46076     57.55781
0.46117     57.46328
0.46159     57.36875
0.46200     57.27423
0.46241     57.17970
0.46283     57.08518
0.46324     56.99065
0.46373     56.89943
0.46422     56.80821
0.46470     56.71699
0.46519     56.62577
0.46568     56.53455
0.46617     56.44333
0.46666     56.35211
0.46715     56.26089
0.46763     56.16967
0.46812     56.07845
0.46861     55.98723
0.46907     55.89460
0.46954     55.80196
0.47000     55.70933
0.47046     55.61669
0.47092     55.52406
0.47139     55.43142
0.47185     55.33879
0.47231     55.24615
0.47277     55.15352
0.47324     55.06088
0.47370     54.96825
0.47417     54.87662
0.47463     54.78499
0.47510     54.69336
0.47557     54.60173
0.47604     54.51010
0.47650     54.41847
0.47697     54.32684
0.47744     54.23521
0.47791     54.14358
0.47837     54.05195
0.47884     53.96031
0.47928     53.86756
0.47972     53.77481
0.48017     53.68206
0.48061     53.58931
0.48105     53.49656
0.48149     53.40381
0.48194     53.31106
0.48238     53.21831
0.48282     53.12556
0.48326     53.03281
0.48370     52.94005
0.48420     52.84968
0.48469     52.75930
0.48519     52.66892
0.48568     52.57854
0.48618     52.48816
0.48667     52.39779
0.48717     52.30741
0.48766     52.21703
0.48816     52.12665
0.48865     52.03627
0.48914     51.94590
0.48961     51.85299
0.49007     51.76008
0.49053     51.66717
0.49100     51.57426
0.49146     51.48135
0.49192     51.38844
0.49239     51.29553
0.49285     51.20262
0.49331     51.10970
0.49378     51.01680
0.49424     50.92388
0.49466     50.83025
0.49508     50.73662
0.49550     50.64298
0.49592     50.54935
0.49634     50.45571
0.49675     50.36207
0.49717     50.26844
0.49759     50.17480
0.49801     50.08117
0.49843     49.98754
0.49885     49.89390
0.49938     49.80506
0.49991     49.71622
0.50043     49.62738
0.50096     49.53854
0.50149     49.44970
0.50202     49.36086
0.50254     49.27202
0.50307     49.18318
0.50360     49.09434
0.50413     49.00550
0.50465     48.91665
0.50515     48.82617
0.50564     48.73568
0.50613     48.64520
0.50662     48.55471
0.50712     48.46422
0.50761     48.37374
0.50810     48.28325
0.50859     48.19276
0.50909     48.10228
0.50958     48.01179
0.51007     47.92131
0.51052     47.82868
0.51098     47.73606
0.51143     47.64344
0.51188     47.55081
0.51233     47.45819
0.51279     47.36557
0.51324     47.27294
0.51369     47.18032
0.51414     47.08770
0.51460     46.99507
0.51505     46.90245
0.51553     46.81083
0.51601     46.71922
0.51649     46.62760
0.51697     46.53598
0.51745     46.44437
0.51793     46.35275
0.51841     46.26113
0.51889     46.16952
0.51937     46.07790
0.51985     45.98628
0.52033     45.89467
0.52079     45.80187
0.52125     45.70908
0.52171     45.61629
0.52216     45.52350
0.52262     45.43071
0.52308     45.33792
0.52353     45.24513
0.52399     45.15234
0.52445     45.05955
0.52490     44.96676
0.52536     44.87397
0.52580     44.78041
0.52624     44.68684
0.52669     44.59328
0.52713     44.49972
0.52757     44.40615
0.52801     44.31259
0.52845     44.21902
0.52889     44.12546
0.52934     44.03190
0.52978     43.93833
0.53022     43.84477
0.53065     43.75079
0.53109     43.65680
0.53152     43.56282
0.53196     43.46884
0.53239     43.37485
0.53282     43.28087
0.53326     43.18688
0.53369     43.09290
0.53413     42.99892
0.53456     42.90493
0.53499     42.81095
0.53543     42.71766
0.53586     42.62438
0.53630     42.53109
0.53673     42.43781
0.53717     42.34452
0.53760     42.25124
0.53803     42.15795
0.53847     42.06467
0.53890     41.97138
0.53934     41.87810
0.53977     41.78481
0.54023     41.69212
0.54069     41.59942
0.54114     41.50673
0.54160     41.41403
0.54206     41.32134
0.54252     41.22864
0.54298     41.13594
0.54344     41.04325
0.54389     40.95056
0.54435     40.85786
0.54481     40.76516
0.54526     40.67237
0.54571     40.57957
0.54617     40.48677
0.54662     40.39397
0.54707     40.30117
0.54752     40.20837
0.54797     40.11557
0.54842     40.02278
0.54888     39.92998
0.54933     39.83718
0.54978     39.74438
0.55024     39.65225
0.55070     39.56012
0.55117     39.46799
0.55163     39.37585
0.55209     39.28372
0.55255     39.19159
0.55301     39.09946
0.55347     39.00733
0.55394     38.91520
0.55440     38.82307
0.55486     38.73094
0.55536     38.64001
0.55586     38.54909
0.55636     38.45817
0.55686     38.36725
0.55736     38.27633
0.55786     38.18541
0.55836     38.09449
0.55886     38.00356
0.55936     37.91264
0.55986     37.82172
0.56036     37.73080
0.56087     37.64109
0.56137     37.55137
0.56188     37.46166
0.56238     37.37195
0.56289     37.28223
0.56339     37.19252
0.56390     37.10280
0.56440     37.01309
0.56491     36.92338
0.56541     36.83366
0.56592     36.74395
0.56633     36.64859
0.56674     36.55323
0.56715     36.45787
0.56756     36.36251
0.56797     36.26715
0.56838     36.17180
0.56879     36.07644
0.56920     35.98108
0.56961     35.88572
0.57002     35.79036
0.57044     35.69500
0.57076     35.60096
0.57109     35.50692
0.57142     35.41289
0.57174     35.31885
0.57207     35.22481
0.57240     35.13077
0.57273     35.03674
0.57305     34.94270
0.57338     34.84866
0.57371     34.75462
0.57404     34.66058
0.57436     34.56539
0.57469     34.47019
0.57502     34.37499
0.57534     34.27980
0.57567     34.18460
0.57600     34.08940
0.57632     33.99421
0.57665     33.89901
0.57698     33.80381
0.57730     33.70862
0.57763     33.61342
0.57797     33.51967
0.57832     33.42592
0.57866     33.33217
0.57901     33.23842
0.57935     33.14467
0.57970     33.05093
0.58004     32.95718
0.58039     32.86343
0.58073     32.76968
0.58108     32.67593
0.58142     32.58218
0.58171     32.48853
0.58200     32.39487
0.58230     32.30122
0.58259     32.20757
0.58288     32.11392
0.58317     32.02026
0.58347     31.92661
0.58376     31.83296
0.58405     31.73931
0.58434     31.64565
0.58464     31.55200
0.58492     31.45701
0.58520     31.36202
0.58548     31.26703
0.58577     31.17204
0.58605     31.07705
0.58633     30.98205
0.58662     30.88706
0.58690     30.79207
0.58718     30.69708
0.58747     30.60209
0.58775     30.50710
0.58804     30.41238
0.58832     30.31766
0.58861     30.22295
0.58890     30.12823
0.58918     30.03351
0.58947     29.93879
0.58975     29.84407
0.59004     29.74935
0.59033     29.65464
0.59061     29.55992
0.59090     29.46520
0.59121     29.37416
0.59152     29.28312
0.59184     29.19208
0.59215     29.10104
0.59246     29.01000
0.59277     28.91896
0.59309     28.82792
0.59340     28.73688
0.59371     28.64584
0.59402     28.55480
0.59434     28.46376
0.59461     28.36896
0.59489     28.27416
0.59517     28.17936
0.59544     28.08456
0.59572     27.98976
0.59600     27.89496
0.59628     27.80016
0.59655     27.70536
0.59683     27.61056
0.59711     27.51576
0.59739     27.42096
0.59768     27.32730
0.59797     27.23365
0.59826     27.13999
0.59855     27.04634
0.59884     26.95268
0.59913     26.85903
0.59942     26.76537
0.59971     26.67172
0.60000     26.57806
0.60029     26.48441
0.60059     26.39075
0.60086     26.29525
0.60114     26.19974
0.60142     26.10424
0.60170     26.00873
0.60198     25.91323
0.60226     25.81772
0.60254     25.72222
0.60281     25.62671
0.60309     25.53121
0.60337     25.43570
0.60365     25.34020
0.60390     25.24125
0.60416     25.14230
0.60441     25.04335
0.60466     24.94440
0.60492     24.84545
0.60517     24.74650
0.60542     24.64755
0.60568     24.54860
0.60593     24.44965
0.60618     24.35070
0.60644     24.25175
0.60669     24.15153
0.60695     24.05130
0.60721     23.95107
0.60747     23.85085
0.60773     23.75062
0.60799     23.65039
0.60825     23.55016
0.60851     23.44994
0.60877     23.34971
0.60903     23.24948
0.60929     23.14925
0.60951     23.04783
0.60973     22.94640
0.60995     22.84497
0.61018     22.74355
0.61040     22.64212
0.61062     22.54069
0.61084     22.43926
0.61107     22.33784
0.61129     22.23641
0.61151     22.13498
0.61173     22.03355
0.61195     21.93223
0.61217     21.83090
0.61239     21.72957
0.61261     21.62824
0.61283     21.52692
0.61305     21.42559
0.61327     21.32426
0.61349     21.22293
0.61371     21.12161
0.61393     21.02028
0.61415     20.91895
0.61439     20.81888
0.61463     20.71880
0.61486     20.61873
0.61510     20.51866
0.61534     20.41858
0.61558     20.31851
0.61581     20.21844
0.61605     20.11836
0.61629     20.01829
0.61653     19.91822
0.61677     19.81815
0.61698     19.71470
0.61719     19.61125
0.61741     19.50781
0.61762     19.40436
0.61783     19.30092
0.61805     19.19747
0.61826     19.09403
0.61847     18.99058
0.61869     18.88714
0.61890     18.78369
0.61911     18.68024
0.61930     18.57629
0.61948     18.47234
0.61966     18.36838
0.61984     18.26443
0.62002     18.16047
0.62020     18.05652
0.62038     17.95257
0.62056     17.84861
0.62074     17.74466
0.62092     17.64070
0.62110     17.53675
0.62129     17.43176
0.62147     17.32678
0.62166     17.22179
0.62185     17.11680
0.62203     17.01182
0.62222     16.90683
0.62240     16.80185
0.62259     16.69686
0.62278     16.59187
0.62296     16.48689
0.62315     16.38190
0.62334     16.27907
0.62352     16.17624
0.62371     16.07340
0.62390     15.97057
0.62408     15.86774
0.62427     15.76491
0.62445     15.66208
0.62464     15.55925
0.62483     15.45641
0.62501     15.35358
0.62520     15.25075
0.62539     15.14792
0.62557     15.04509
0.62576     14.94225
0.62595     14.83942
0.62613     14.73659
0.62632     14.63376
0.62650     14.53093
0.62669     14.42810
0.62688     14.32526
0.62706     14.22243
0.62725     14.11960
0.62744     14.01678
0.62762     13.91396
0.62781     13.81115
0.62800     13.70833
0.62818     13.60551
0.62837     13.50269
0.62855     13.39987
0.62874     13.29705
0.62893     13.19424
0.62911     13.09142
0.62930     12.98860
0.62949     12.88577
0.62967     12.78294
0.62986     12.68010
0.63005     12.57727
0.63023     12.47444
0.63042     12.37161
0.63060     12.26878
0.63079     12.16595
0.63098     12.06311
0.63116     11.96028
0.63135     11.85745
0.63154     11.75462
0.63172     11.65179
0.63191     11.54895
0.63210     11.44612
0.63228     11.34329
0.63247     11.24046
0.63265     11.13763
0.63284     11.03480
0.63303     10.93196
0.63321     10.82913
0.63340     10.72630
0.63359     10.62348
0.63377     10.52066
0.63396     10.41785
0.63415     10.31503
0.63433     10.21221
0.63452     10.10939
0.63470     10.00657
0.63489     9.90375
0.63508     9.80094
0.63526     9.69812
0.63545     9.59530
0.63564     9.49247
0.63582     9.38964
0.63601     9.28680
0.63620     9.18397
0.63638     9.08114
0.63657     8.97831
0.63675     8.87548
0.63694     8.77265
0.63713     8.66981
0.63731     8.56698
0.63750     8.46415
0.63769     8.36133
0.63787     8.25851
0.63806     8.15570
0.63825     8.05288
0.63843     7.95006
0.63862     7.84724
0.63880     7.74442
0.63899     7.64160
0.63918     7.53879
0.63936     7.43597
0.63955     7.33315
0.63974     7.23032
0.63992     7.12749
0.64011     7.02465
0.64030     6.92182
0.64048     6.81899
0.64067     6.71616
0.64085     6.61333
0.64104     6.51050
0.64123     6.40766
0.64141     6.30483
0.64160     6.20200
0.64179     6.09917
0.64197     5.99634
0.64216     5.89350
0.64235     5.79067
0.64253     5.68784
0.64272     5.58501
0.64290     5.48218
0.64309     5.37935
0.64328     5.27651
0.64346     5.17368
0.64365     5.07085
0.64384     4.96803
0.64402     4.86521
0.64421     4.76240
0.64440     4.65958
0.64458     4.55676
0.64477     4.45394
0.64495     4.35112
0.64514     4.24830
0.64533     4.14549
0.64551     4.04267
0.64570     3.93985
0.64589     3.83702
0.64607     3.73419
0.64626     3.63135
0.64645     3.52852
0.64663     3.42569
0.64682     3.32286
0.64700     3.22003
0.64719     3.11720
0.64738     3.01436
0.64756     2.91153
0.64775     2.80870
0.64794     2.70587
0.64812     2.60304
0.64831     2.50020
0.64850     2.39737
0.64868     2.29454
0.64887     2.19171
0.64905     2.08888
0.64924     1.98605
0.64943     1.88321
0.64961     1.78038
0.64980     1.67755
0.64999     1.57473
0.65017     1.47191
0.65036     1.36910
0.65055     1.26628
0.65073     1.16346
0.65092     1.06064
0.65110     0.95782
0.65129     0.85500
0.65148     0.75219
0.65166     0.64937
0.65185     0.54655
0.65204     0.44372
0.65222     0.34089
0.65241     0.23805
0.65260     0.13522
0.65278     0.03239
0.65297     -0.07044
0.65315     -0.17327
0.65334     -0.27610
0.65353     -0.37894
0.65371     -0.48177
0.65390     -0.58460
0.65409     -0.68743
0.65427     -0.79026
0.65446     -0.89310
0.65465     -0.99593
0.65483     -1.09876
0.65502     -1.20159
0.65520     -1.30442
0.65539     -1.40725
0.65558     -1.51009
0.65576     -1.61292
0.65595     -1.71575
0.65614     -1.81857
0.65632     -1.92139
0.65651     -2.02420
0.65670     -2.12702
0.65688     -2.22984
0.65707     -2.33266
0.65725     -2.43548
0.65744     -2.53830
0.65763     -2.64111
0.65781     -2.74393
0.65800     -2.84675
0.65819     -2.94958
0.65837     -3.05241
0.65856     -3.15525
0.65875     -3.25808
0.65893     -3.36091
0.65912     -3.46374
0.65930     -3.56657
0.65949     -3.66940
0.65968     -3.77224
0.65986     -3.87507
0.66005     -3.97790
0.66024     -4.08073
0.66042     -4.18356
0.66061     -4.28640
0.66080     -4.38923
0.66098     -4.49206
0.66117     -4.59489
0.66135     -4.69772
0.66154     -4.80055
0.66173     -4.90339
0.66191     -5.00622
0.66210     -5.10905
0.66229     -5.21187
0.66247     -5.31469
0.66266     -5.41750
0.66285     -5.52032
0.66303     -5.62314
0.66322     -5.72596
0.66340     -5.82878
0.66359     -5.93160
0.66378     -6.03441
0.66396     -6.13723
0.66415     -6.24005
0.66430     -6.34288
0.66445     -6.44571
0.66460     -6.54855
0.66475     -6.65138
0.66490     -6.75421
0.66505     -6.85704
0.66520     -6.95987
0.66535     -7.06270
0.66550     -7.16554
0.66565     -7.26837
0.66580     -7.37120
0.66592     -7.47403
0.66605     -7.57686
0.66617     -7.67970
0.66629     -7.78253
0.66641     -7.88536
0.66654     -7.98819
0.66666     -8.09102
0.66678     -8.19385
0.66690     -8.29669
0.66703     -8.39952
0.66715     -8.50235
0.66727     -8.60517
0.66740     -8.70799
0.66752     -8.81080
0.66764     -8.91362
0.66776     -9.01644
0.66789     -9.11926
0.66801     -9.22208
0.66813     -9.32490
0.66825     -9.42771
0.66838     -9.53053
0.66850     -9.63335
0.66862     -9.73618
0.66875     -9.83901
0.66887     -9.94185
0.66899     -10.04468
0.66911     -10.14751
0.66924     -10.25034
0.66936     -10.35317
0.66948     -10.45600
0.66960     -10.55884
0.66973     -10.66167
0.66985     -10.76450
0.66997     -10.86732
0.67010     -10.97014
0.67022     -11.07295
0.67034     -11.17577
0.67046     -11.27859
0.67059     -11.38141
0.67071     -11.48423
0.67083     -11.58705
0.67095     -11.68986
0.67108     -11.79268
0.67120     -11.89550
0.67132     -11.99833
0.67145     -12.10116
0.67157     -12.20400
0.67169     -12.30683
0.67181     -12.40966
0.67194     -12.51249
0.67206     -12.61532
0.67218     -12.71815
0.67230     -12.82099
0.67243     -12.92382
0.67255     -13.02665
0.67267     -13.12948
0.67280     -13.23231
0.67292     -13.33515
0.67304     -13.43798
0.67316     -13.54081
0.67329     -13.64364
0.67341     -13.74647
0.67353     -13.84930
0.67365     -13.95214
0.67378     -14.05497
0.67390     -14.15780
0.67402     -14.26062
0.67415     -14.36344
0.67427     -14.46625
0.67439     -14.56907
0.67451     -14.67189
0.67464     -14.77471
0.67476     -14.87753
0.67488     -14.98035
0.67500     -15.08316
0.67513     -15.18598
0.67525     -15.28880
0.67537     -15.39163
0.67550     -15.49446
0.67562     -15.59730
0.67574     -15.70013
0.67586     -15.80296
0.67599     -15.90579
0.67611     -16.00862
0.67623     -16.11145
0.67635     -16.21429
0.67648     -16.31712
0.67660     -16.41995
0.67672     -16.52278
0.67685     -16.62561
0.67697     -16.72845
0.67709     -16.83128
0.67721     -16.93411
0.67734     -17.03694
0.67746     -17.13977
0.67758     -17.24260
0.67770     -17.34544
0.67783     -17.44827
0.67795     -17.55110
0.67807     -17.65392
0.67820     -17.75674
0.67832     -17.85955
0.67844     -17.96237
0.67856     -18.06519
0.67869     -18.16801
0.67881     -18.27083
0.67893     -18.37365
0.67905     -18.47646
0.67918     -18.57928
0.67930     -18.68210
0.67942     -18.78493
0.67955     -18.88776
0.67967     -18.99060
0.67979     -19.09343
0.67991     -19.19626
0.68004     -19.29909
0.68016     -19.40192
0.68028     -19.50475
0.68040     -19.60759
0.68053     -19.71042
0.68065     -19.81325
0.68077     -19.91608
0.68090     -20.01891
0.68102     -20.12175
0.68114     -20.22458
0.68126     -20.32741
0.68139     -20.43024
0.68151     -20.53307
0.68163     -20.63590
0.68175     -20.73874
0.68188     -20.84157
0.68200     -20.94440
0.68212     -21.04722
0.68225     -21.15004
0.68237     -21.25285
0.68249     -21.35567
0.68261     -21.45849
0.68274     -21.56131
0.68286     -21.66413
0.68298     -21.76695
0.68310     -21.86976
0.68323     -21.97258
0.68335     -22.07540
0.68332     -22.09017
0.68330     -22.10494
0.68327     -22.11970
0.68324     -22.13447
0.68321     -22.14924
0.68319     -22.16401
0.68316     -22.17878
0.68313     -22.19355
0.68310     -22.20831
0.68308     -22.22308
0.68305     -22.23785
0.68305     -22.23785
